# unix_time, cycles_done, cur_path, paths_total, pending_total, pending_favs, map_size, unique_crashes, unique_hangs, max_depth, execs_per_sec, valid_inputs, invalid_inputs, valid_cov, all_covered_probes, valid_covered_probes
1706011553, 0, 0, 1, 0, 0, 225.39%, 0, 0, 0, 0.80, 1, 0, 225.39%, 577, 577
1706011553, 0, 0, 42, 0, 0, 317.97%, 0, 0, 0, 586.67, 107, 70, 255.08%, 814, 653
1706011554, 0, 0, 68, 0, 0, 328.91%, 0, 0, 0, 1112.96, 305, 207, 262.89%, 842, 673
1706011554, 0, 1, 86, 0, 0, 347.66%, 0, 0, 0, 1570.00, 538, 445, 264.06%, 890, 676
1706011554, 0, 3, 98, 0, 0, 349.22%, 0, 0, 0, 2483.33, 972, 756, 268.36%, 894, 687
1706011555, 0, 6, 106, 0, 0, 351.17%, 0, 0, 0, 3230.00, 1303, 1394, 268.75%, 899, 688
1706011555, 0, 8, 111, 0, 0, 351.95%, 0, 0, 0, 2726.67, 1756, 1759, 275.00%, 901, 704
1706011555, 0, 11, 119, 0, 0, 353.91%, 0, 0, 0, 2916.67, 2107, 2283, 275.78%, 906, 706
1706011556, 0, 15, 124, 0, 0, 355.08%, 0, 0, 0, 3893.33, 2516, 3042, 276.17%, 909, 707
1706011556, 0, 18, 125, 0, 0, 355.08%, 0, 0, 0, 3363.33, 2882, 3685, 276.17%, 909, 707
1706011556, 0, 21, 128, 0, 0, 359.38%, 0, 0, 0, 3576.05, 3386, 4286, 276.95%, 920, 709
1706011556, 0, 24, 130, 0, 0, 362.11%, 0, 0, 0, 3960.00, 3835, 5025, 277.34%, 927, 710
1706011557, 0, 27, 133, 0, 0, 366.80%, 0, 0, 0, 3990.00, 4393, 5664, 277.34%, 939, 710
1706011557, 0, 32, 137, 0, 0, 378.52%, 0, 0, 0, 4073.33, 4745, 6534, 278.13%, 969, 712
1706011557, 0, 35, 142, 0, 0, 379.30%, 0, 0, 0, 3686.67, 5252, 7133, 278.91%, 971, 714
1706011558, 0, 39, 146, 0, 0, 380.47%, 0, 0, 0, 4140.00, 5863, 7764, 279.69%, 974, 716
1706011558, 0, 42, 150, 0, 0, 381.64%, 0, 0, 0, 3843.33, 6368, 8412, 293.75%, 977, 752
1706011558, 0, 47, 150, 0, 0, 381.64%, 0, 0, 0, 3863.33, 7028, 8911, 293.75%, 977, 752
1706011559, 0, 52, 152, 0, 0, 381.64%, 0, 0, 0, 4553.33, 7606, 9699, 293.75%, 977, 752
1706011559, 0, 57, 154, 0, 0, 381.64%, 0, 0, 0, 4456.67, 8189, 10453, 293.75%, 977, 752
1706011559, 0, 65, 154, 0, 0, 381.64%, 0, 0, 0, 4636.67, 8778, 11255, 293.75%, 977, 752
1706011559, 0, 71, 159, 0, 0, 382.03%, 0, 0, 0, 4413.33, 9329, 12028, 294.53%, 978, 754
1706011560, 0, 75, 160, 0, 0, 382.03%, 0, 0, 0, 4626.67, 9999, 12746, 294.53%, 978, 754
1706011560, 0, 79, 169, 0, 0, 391.80%, 0, 0, 0, 3993.33, 10355, 13588, 294.53%, 1003, 754
1706011560, 0, 85, 173, 0, 0, 394.14%, 0, 0, 0, 4410.00, 10819, 14447, 296.48%, 1009, 759
1706011561, 0, 90, 173, 0, 0, 394.14%, 0, 0, 0, 4460.00, 11428, 15176, 296.48%, 1009, 759
1706011561, 0, 96, 173, 0, 0, 394.14%, 0, 0, 0, 4653.33, 12193, 15807, 296.48%, 1009, 759
1706011561, 0, 104, 174, 0, 0, 394.14%, 0, 0, 0, 4600.00, 12755, 16625, 296.48%, 1009, 759
1706011562, 0, 110, 174, 0, 0, 394.14%, 0, 0, 0, 4583.33, 13311, 17444, 296.48%, 1009, 759
1706011562, 0, 117, 175, 0, 0, 394.14%, 0, 0, 0, 4610.00, 13920, 18218, 296.48%, 1009, 759
1706011562, 0, 122, 177, 0, 0, 394.53%, 0, 0, 0, 4473.33, 14528, 18952, 299.61%, 1010, 767
1706011562, 0, 128, 180, 0, 0, 395.70%, 0, 0, 0, 4356.67, 14909, 19878, 323.83%, 1013, 829
1706011563, 0, 133, 182, 0, 0, 396.09%, 0, 0, 0, 4563.33, 15399, 20757, 324.61%, 1014, 831
1706011563, 0, 137, 190, 0, 0, 396.48%, 0, 0, 0, 4276.67, 15883, 21556, 325.78%, 1015, 834
1706011563, 0, 143, 191, 0, 0, 396.48%, 0, 0, 0, 4600.00, 16595, 22224, 325.78%, 1015, 834
1706011564, 0, 148, 193, 0, 0, 396.48%, 0, 0, 0, 4533.33, 17098, 23081, 325.78%, 1015, 834
1706011564, 0, 162, 193, 0, 0, 396.48%, 0, 0, 0, 4573.33, 17583, 23968, 325.78%, 1015, 834
1706011564, 0, 170, 202, 0, 0, 399.22%, 0, 0, 0, 4280.00, 17767, 25068, 335.16%, 1022, 858
1706011565, 0, 177, 204, 0, 0, 400.00%, 1, 0, 0, 4453.33, 18372, 25799, 335.55%, 1024, 859
1706011565, 0, 181, 206, 0, 0, 400.00%, 1, 0, 0, 4553.33, 18874, 26663, 337.11%, 1024, 863
1706011565, 0, 188, 210, 0, 0, 400.78%, 1, 0, 0, 4460.00, 19332, 27543, 337.11%, 1026, 863
1706011565, 0, 201, 216, 0, 0, 400.78%, 1, 0, 0, 4450.00, 19685, 28525, 337.89%, 1026, 865
1706011566, 0, 206, 221, 0, 0, 400.78%, 1, 0, 0, 4466.67, 20104, 29446, 338.67%, 1026, 867
1706011566, 0, 212, 225, 0, 0, 400.78%, 1, 0, 0, 4493.33, 20362, 30536, 339.45%, 1026, 869
1706011566, 0, 223, 226, 0, 0, 400.78%, 1, 0, 0, 3676.67, 20698, 31303, 339.45%, 1026, 869
1706011567, 1, 1, 228, 0, 0, 400.78%, 1, 0, 0, 4016.67, 21283, 31923, 339.45%, 1026, 869
1706011567, 1, 6, 228, 0, 0, 400.78%, 1, 0, 0, 4203.33, 21869, 32598, 339.45%, 1026, 869
1706011567, 1, 10, 228, 0, 0, 400.78%, 1, 0, 0, 4726.67, 22568, 33317, 339.45%, 1026, 869
1706011568, 1, 15, 228, 0, 0, 400.78%, 1, 0, 0, 4300.00, 22973, 34202, 339.45%, 1026, 869
1706011568, 1, 18, 228, 0, 0, 400.78%, 1, 0, 0, 3916.67, 23388, 34962, 339.45%, 1026, 869
1706011568, 1, 23, 228, 0, 0, 400.78%, 1, 0, 0, 4440.00, 23967, 35715, 339.45%, 1026, 869
1706011568, 1, 27, 228, 0, 0, 400.78%, 1, 0, 0, 4156.67, 24460, 36469, 339.45%, 1026, 869
1706011569, 1, 32, 228, 0, 0, 400.78%, 1, 0, 0, 4666.67, 24955, 37374, 339.45%, 1026, 869
1706011569, 1, 36, 228, 0, 0, 400.78%, 1, 0, 0, 4693.33, 25610, 38127, 339.45%, 1026, 869
1706011569, 1, 41, 228, 0, 0, 400.78%, 1, 0, 0, 4696.67, 26250, 38896, 339.45%, 1026, 869
1706011570, 1, 46, 228, 0, 0, 400.78%, 1, 0, 0, 4680.00, 26915, 39635, 339.45%, 1026, 869
1706011570, 1, 51, 228, 0, 0, 400.78%, 1, 0, 0, 4720.00, 27525, 40441, 339.45%, 1026, 869
1706011570, 1, 57, 228, 0, 0, 400.78%, 1, 0, 0, 4733.33, 28204, 41182, 339.45%, 1026, 869
1706011571, 1, 65, 228, 0, 0, 400.78%, 1, 0, 0, 4530.00, 28821, 41924, 339.45%, 1026, 869
1706011571, 1, 71, 228, 0, 0, 400.78%, 1, 0, 0, 4640.00, 29390, 42747, 339.45%, 1026, 869
1706011571, 1, 75, 228, 0, 0, 400.78%, 1, 0, 0, 4713.33, 30094, 43457, 339.45%, 1026, 869
1706011571, 1, 80, 228, 0, 0, 400.78%, 1, 0, 0, 4062.13, 30473, 44451, 339.45%, 1026, 869
1706011572, 1, 86, 228, 0, 0, 400.78%, 1, 0, 0, 4503.33, 31006, 45269, 339.45%, 1026, 869
1706011572, 1, 92, 228, 0, 0, 400.78%, 1, 0, 0, 4710.00, 31764, 45924, 339.45%, 1026, 869
1706011572, 1, 101, 228, 0, 0, 400.78%, 1, 0, 0, 4786.67, 32477, 46647, 339.45%, 1026, 869
1706011573, 1, 107, 228, 0, 0, 400.78%, 1, 0, 0, 4626.67, 32992, 47520, 339.45%, 1026, 869
1706011573, 1, 112, 229, 0, 0, 401.17%, 1, 0, 0, 4413.33, 33661, 48175, 339.45%, 1027, 869
1706011573, 1, 119, 229, 0, 0, 401.17%, 1, 0, 0, 4680.00, 34320, 48920, 339.45%, 1027, 869
1706011574, 1, 126, 230, 0, 0, 401.17%, 1, 0, 0, 4620.00, 34833, 49793, 339.84%, 1027, 870
1706011574, 1, 130, 231, 0, 0, 401.17%, 1, 0, 0, 4710.00, 35313, 50726, 339.84%, 1027, 870
1706011574, 1, 135, 232, 0, 0, 401.56%, 1, 0, 0, 4610.00, 35692, 51730, 339.84%, 1028, 870
1706011574, 1, 140, 232, 0, 0, 401.56%, 1, 0, 0, 4700.00, 36423, 52409, 339.84%, 1028, 870
1706011575, 1, 146, 233, 0, 0, 401.56%, 1, 0, 0, 4696.67, 36964, 53277, 339.84%, 1028, 870
1706011575, 1, 161, 234, 0, 0, 401.95%, 1, 0, 0, 4726.67, 37554, 54105, 339.84%, 1029, 870
1706011575, 1, 169, 234, 0, 0, 401.95%, 1, 0, 0, 4636.67, 37760, 55290, 339.84%, 1029, 870
1706011576, 1, 176, 234, 0, 0, 401.95%, 1, 0, 0, 4583.33, 38318, 56107, 339.84%, 1029, 870
1706011576, 1, 180, 235, 0, 0, 401.95%, 1, 0, 0, 4666.67, 38849, 56976, 339.84%, 1029, 870
1706011576, 1, 188, 235, 0, 0, 401.95%, 1, 0, 0, 4683.33, 39329, 57901, 339.84%, 1029, 870
1706011577, 1, 200, 236, 0, 0, 401.95%, 1, 0, 0, 4580.00, 39722, 58882, 340.23%, 1029, 871
1706011577, 1, 205, 239, 0, 0, 402.73%, 1, 0, 0, 4416.67, 40132, 59797, 341.02%, 1031, 873
1706011577, 1, 212, 243, 0, 0, 402.73%, 1, 0, 0, 4493.33, 40376, 60901, 341.80%, 1031, 875
1706011577, 1, 223, 244, 0, 0, 402.73%, 1, 0, 0, 4493.33, 40740, 61885, 341.80%, 1031, 875
1706011578, 1, 233, 245, 0, 0, 402.73%, 2, 0, 0, 4610.00, 41117, 62891, 342.19%, 1031, 876
1706011578, 1, 238, 245, 0, 0, 402.73%, 2, 0, 0, 4446.67, 41537, 63805, 342.19%, 1031, 876
1706011578, 2, 0, 246, 0, 0, 402.73%, 2, 0, 0, 4383.33, 42097, 64560, 342.19%, 1031, 876
1706011579, 2, 4, 246, 0, 0, 402.73%, 2, 0, 0, 4573.33, 42855, 65174, 342.19%, 1031, 876
