# unix_time, cycles_done, cur_path, paths_total, pending_total, pending_favs, map_size, unique_crashes, unique_hangs, max_depth, execs_per_sec, valid_inputs, invalid_inputs, valid_cov, all_covered_probes, valid_covered_probes
1707216616, 0, 0, 1, 0, 0, 451.56%, 0, 0, 0, 0.17, 1, 0, 451.56%, 1156, 1156
1707216616, 0, 0, 3, 0, 0, 1153.91%, 0, 0, 0, 5.99, 2, 1, 453.52%, 2954, 1161
1707216616, 0, 0, 12, 0, 0, 1183.59%, 0, 0, 0, 42.68, 15, 2, 782.03%, 3030, 2002
1707216617, 0, 0, 20, 0, 0, 1201.17%, 0, 0, 0, 39.88, 23, 7, 783.98%, 3075, 2007
1707216617, 0, 0, 33, 0, 0, 1222.66%, 0, 0, 0, 70.45, 47, 14, 876.56%, 3130, 2244
1707216617, 0, 0, 36, 0, 0, 1222.66%, 0, 0, 0, 47.02, 61, 15, 876.56%, 3130, 2244
1707216618, 0, 0, 43, 0, 0, 1223.44%, 0, 0, 0, 67.52, 76, 21, 876.56%, 3132, 2244
1707216618, 0, 0, 52, 0, 0, 1223.83%, 0, 0, 0, 142.39, 112, 29, 876.56%, 3133, 2244
1707216618, 0, 0, 60, 0, 0, 1225.39%, 0, 0, 0, 158.82, 152, 43, 876.56%, 3137, 2244
1707216619, 0, 0, 65, 0, 0, 1225.39%, 0, 0, 0, 261.13, 226, 57, 876.56%, 3137, 2244
1707216619, 0, 0, 79, 0, 0, 1226.95%, 0, 0, 0, 259.02, 287, 75, 877.34%, 3141, 2246
1707216619, 0, 0, 79, 0, 0, 1226.95%, 0, 0, 0, 30.58, 295, 77, 877.34%, 3141, 2246
1707216620, 0, 1, 80, 0, 0, 1226.95%, 0, 0, 0, 58.64, 303, 88, 877.34%, 3141, 2246
1707216620, 0, 1, 83, 0, 0, 1226.95%, 0, 0, 0, 80.00, 303, 112, 877.34%, 3141, 2246
1707216620, 0, 1, 85, 0, 0, 1226.95%, 0, 0, 0, 52.63, 304, 127, 877.34%, 3141, 2246
1707216621, 0, 1, 85, 0, 0, 1226.95%, 0, 0, 0, 28.90, 304, 137, 877.34%, 3141, 2246
1707216621, 0, 1, 88, 0, 0, 1226.95%, 0, 0, 0, 72.73, 304, 161, 877.34%, 3141, 2246
1707216621, 0, 1, 90, 0, 0, 1226.95%, 0, 0, 0, 79.47, 304, 185, 877.34%, 3141, 2246
1707216622, 0, 1, 93, 0, 0, 1226.95%, 0, 0, 0, 66.67, 304, 205, 877.34%, 3141, 2246
1707216622, 0, 1, 95, 0, 0, 1226.95%, 0, 0, 0, 44.51, 304, 220, 877.34%, 3141, 2246
1707216622, 0, 1, 97, 0, 0, 1226.95%, 0, 0, 0, 77.17, 304, 244, 877.34%, 3141, 2246
1707216623, 0, 1, 98, 0, 0, 1226.95%, 0, 0, 0, 88.96, 304, 273, 877.34%, 3141, 2246
1707216623, 0, 1, 99, 0, 0, 1226.95%, 0, 0, 0, 4.26, 304, 276, 877.34%, 3141, 2246
1707216624, 0, 1, 100, 0, 0, 1228.13%, 0, 0, 0, 76.71, 304, 304, 877.34%, 3144, 2246
1707216624, 0, 1, 100, 0, 0, 1228.13%, 0, 0, 0, 56.67, 305, 320, 877.34%, 3144, 2246
1707216624, 0, 1, 100, 0, 0, 1228.13%, 0, 0, 0, 21.61, 305, 331, 877.34%, 3144, 2246
1707216625, 0, 1, 100, 0, 0, 1228.13%, 0, 0, 0, 116.67, 305, 366, 877.34%, 3144, 2246
1707216625, 0, 1, 100, 0, 0, 1228.13%, 0, 0, 0, 0.00, 305, 366, 877.34%, 3144, 2246
