# unix_time, cycles_done, cur_path, paths_total, pending_total, pending_favs, map_size, unique_crashes, unique_hangs, max_depth, execs_per_sec, valid_inputs, invalid_inputs, valid_cov, all_covered_probes, valid_covered_probes
1705968994, 0, 0, 0, 0, 0, 0.00%, 1, 0, 0, 0.13, 0, 1, 0.00%, 0, 0
1705968994, 0, 0, 2, 0, 0, 232.81%, 1, 0, 0, 5.83, 2, 1, 232.81%, 596, 596
1705968994, 0, 0, 15, 0, 0, 539.84%, 2, 0, 0, 63.89, 23, 3, 453.91%, 1382, 1162
1705968995, 0, 0, 24, 0, 0, 651.56%, 2, 0, 0, 58.65, 42, 4, 629.30%, 1668, 1611
1705968995, 0, 0, 31, 0, 0, 654.69%, 3, 0, 0, 112.09, 78, 6, 634.77%, 1676, 1625
1705968995, 0, 0, 36, 0, 0, 654.69%, 5, 0, 0, 140.52, 117, 10, 634.77%, 1676, 1625
1705968996, 0, 0, 42, 0, 0, 662.11%, 6, 0, 0, 132.72, 156, 14, 636.72%, 1695, 1630
1705968996, 0, 0, 46, 0, 0, 664.45%, 7, 0, 0, 183.33, 204, 21, 636.72%, 1701, 1630
1705968996, 0, 0, 56, 0, 0, 671.48%, 9, 0, 0, 210.00, 256, 32, 638.67%, 1719, 1635
1705968996, 0, 0, 61, 0, 0, 672.66%, 10, 0, 0, 156.67, 294, 41, 638.67%, 1722, 1635
1705968997, 0, 1, 64, 0, 0, 673.05%, 12, 0, 0, 85.39, 327, 46, 639.06%, 1723, 1636
1705968997, 0, 1, 64, 0, 0, 673.05%, 13, 0, 0, 128.29, 359, 53, 639.06%, 1723, 1636
1705968998, 0, 1, 70, 0, 0, 675.78%, 14, 0, 0, 137.82, 393, 62, 639.45%, 1730, 1637
1705968998, 0, 1, 73, 0, 0, 676.56%, 16, 0, 0, 229.22, 474, 72, 639.45%, 1732, 1637
1705968998, 0, 1, 77, 0, 0, 676.95%, 16, 0, 0, 206.56, 527, 82, 639.45%, 1733, 1637
1705968999, 0, 2, 86, 0, 0, 679.69%, 16, 0, 0, 198.88, 583, 97, 639.84%, 1740, 1638
1705968999, 0, 2, 90, 0, 0, 679.69%, 17, 0, 0, 128.28, 611, 113, 639.84%, 1740, 1638
1705968999, 0, 2, 92, 0, 0, 679.69%, 19, 0, 0, 179.43, 677, 122, 639.84%, 1740, 1638
1705969000, 0, 2, 94, 0, 0, 680.08%, 21, 0, 0, 152.32, 711, 134, 639.84%, 1741, 1638
1705969000, 0, 2, 97, 0, 0, 680.47%, 22, 0, 0, 323.33, 790, 152, 639.84%, 1742, 1638
1705969000, 0, 3, 103, 0, 0, 681.25%, 22, 0, 0, 164.38, 840, 162, 641.02%, 1744, 1641
1705969001, 0, 3, 104, 0, 0, 681.25%, 23, 0, 0, 107.95, 872, 168, 641.02%, 1744, 1641
1705969001, 0, 3, 105, 0, 0, 681.25%, 23, 0, 0, 144.33, 919, 177, 641.02%, 1744, 1641
1705969001, 0, 3, 107, 0, 0, 682.42%, 23, 0, 0, 122.19, 949, 185, 641.02%, 1747, 1641
1705969002, 0, 3, 108, 0, 0, 682.81%, 23, 0, 0, 14.84, 960, 187, 641.02%, 1748, 1641
1705969003, 0, 4, 112, 0, 0, 683.20%, 23, 0, 0, 207.45, 1019, 206, 641.41%, 1749, 1642
1705969003, 0, 4, 112, 0, 0, 683.20%, 23, 0, 0, 64.02, 1035, 211, 641.41%, 1749, 1642
1705969003, 0, 4, 114, 0, 0, 683.59%, 23, 0, 0, 145.76, 1103, 222, 641.41%, 1750, 1642
1705969004, 0, 4, 119, 0, 0, 683.98%, 23, 0, 0, 353.33, 1190, 241, 641.41%, 1751, 1642
1705969004, 0, 5, 120, 0, 0, 684.38%, 25, 0, 0, 372.99, 1285, 262, 641.80%, 1752, 1643
1705969004, 0, 5, 122, 0, 0, 684.38%, 25, 0, 0, 247.98, 1364, 275, 641.80%, 1752, 1643
1705969005, 0, 5, 127, 0, 0, 685.16%, 26, 0, 0, 417.76, 1472, 294, 641.80%, 1754, 1643
1705969005, 0, 6, 136, 0, 0, 688.67%, 27, 0, 0, 539.74, 1610, 319, 641.80%, 1763, 1643
1705969005, 0, 6, 142, 0, 0, 690.23%, 27, 0, 0, 385.35, 1710, 340, 641.80%, 1767, 1643
1705969006, 0, 6, 144, 0, 0, 690.23%, 29, 0, 0, 238.67, 1774, 355, 641.80%, 1767, 1643
1705969006, 0, 7, 151, 0, 0, 692.19%, 29, 0, 0, 490.00, 1869, 407, 641.80%, 1772, 1643
1705969006, 0, 7, 157, 0, 0, 692.19%, 30, 0, 0, 188.09, 1879, 457, 641.80%, 1772, 1643
1705969007, 0, 7, 163, 0, 0, 692.97%, 34, 0, 0, 86.16, 1889, 513, 641.80%, 1774, 1643
1705969007, 0, 7, 168, 0, 0, 692.97%, 35, 0, 0, 423.33, 1920, 609, 641.80%, 1774, 1643
1705969008, 0, 8, 170, 0, 0, 692.97%, 37, 0, 0, 448.39, 2006, 662, 641.80%, 1774, 1643
1705969008, 0, 8, 170, 0, 0, 692.97%, 37, 0, 0, 506.67, 2140, 680, 641.80%, 1774, 1643
1705969008, 0, 9, 171, 0, 0, 694.14%, 37, 0, 0, 423.08, 2250, 702, 641.80%, 1777, 1643
1705969009, 0, 9, 176, 0, 0, 694.14%, 37, 0, 0, 614.15, 2409, 734, 641.80%, 1777, 1643
1705969009, 0, 10, 178, 0, 0, 696.48%, 37, 0, 0, 423.33, 2508, 762, 641.80%, 1783, 1643
1705969009, 0, 10, 181, 0, 0, 699.61%, 37, 0, 0, 395.66, 2630, 786, 656.64%, 1791, 1681
1705969010, 0, 10, 182, 0, 0, 699.61%, 38, 0, 0, 407.64, 2729, 815, 656.64%, 1791, 1681
1705969010, 0, 11, 186, 0, 0, 699.61%, 38, 0, 0, 596.67, 2874, 849, 657.03%, 1791, 1682
1705969010, 0, 11, 187, 0, 0, 699.61%, 38, 0, 0, 99.48, 2907, 854, 657.42%, 1791, 1683
1705969011, 0, 12, 188, 0, 0, 699.61%, 39, 0, 0, 428.99, 3028, 881, 657.42%, 1791, 1683
1705969011, 0, 14, 189, 0, 0, 699.61%, 40, 0, 0, 853.33, 3242, 923, 657.42%, 1791, 1683
1705969011, 0, 14, 190, 0, 0, 699.61%, 40, 0, 0, 776.67, 3435, 963, 657.42%, 1791, 1683
1705969012, 0, 16, 191, 0, 0, 699.61%, 40, 0, 0, 511.24, 3565, 1015, 657.42%, 1791, 1683
1705969012, 0, 17, 191, 0, 0, 699.61%, 40, 0, 0, 412.54, 3649, 1056, 657.42%, 1791, 1683
1705969012, 0, 17, 193, 0, 0, 699.61%, 41, 0, 0, 486.67, 3765, 1086, 657.42%, 1791, 1683
1705969013, 0, 19, 197, 0, 0, 699.61%, 41, 0, 0, 714.70, 3956, 1143, 657.42%, 1791, 1683
1705969013, 0, 19, 198, 0, 0, 699.61%, 41, 0, 0, 168.60, 3997, 1160, 657.81%, 1791, 1684
1705969013, 0, 20, 201, 0, 0, 699.61%, 41, 0, 0, 667.60, 4177, 1219, 657.81%, 1791, 1684
1705969014, 0, 20, 203, 0, 0, 699.61%, 42, 0, 0, 321.57, 4309, 1251, 658.59%, 1791, 1686
1705969014, 0, 20, 204, 0, 0, 699.61%, 42, 0, 0, 352.41, 4390, 1287, 658.59%, 1791, 1686
1705969014, 0, 21, 206, 0, 0, 700.00%, 43, 0, 0, 363.33, 4451, 1335, 658.59%, 1792, 1686
1705969015, 0, 21, 209, 0, 0, 700.00%, 49, 0, 0, 366.67, 4500, 1396, 658.59%, 1792, 1686
1705969015, 0, 21, 212, 0, 0, 700.00%, 52, 0, 0, 380.82, 4560, 1475, 658.59%, 1792, 1686
1705969015, 0, 21, 213, 0, 0, 700.78%, 55, 0, 0, 307.23, 4613, 1524, 658.59%, 1794, 1686
1705969016, 0, 21, 213, 0, 0, 700.78%, 56, 0, 0, 33.33, 4618, 1536, 658.59%, 1794, 1686
1705969016, 0, 21, 214, 0, 0, 700.78%, 58, 0, 0, 143.62, 4635, 1573, 658.59%, 1794, 1686
1705969017, 0, 21, 214, 0, 0, 700.78%, 58, 0, 0, 346.41, 4681, 1633, 658.59%, 1794, 1686
1705969017, 0, 21, 215, 0, 0, 701.17%, 58, 0, 0, 292.68, 4730, 1680, 660.16%, 1795, 1690
1705969017, 0, 21, 215, 0, 0, 701.17%, 58, 0, 0, 187.88, 4760, 1712, 660.16%, 1795, 1690
1705969018, 0, 21, 216, 0, 0, 701.17%, 59, 0, 0, 175.55, 4791, 1737, 660.16%, 1795, 1690
1705969018, 0, 23, 218, 0, 0, 701.56%, 59, 0, 0, 643.33, 4938, 1783, 660.16%, 1796, 1690
1705969019, 0, 23, 218, 0, 0, 701.56%, 59, 0, 0, 60.95, 4981, 1799, 660.16%, 1796, 1690
1705969019, 0, 24, 218, 0, 0, 701.56%, 59, 0, 0, 1056.48, 5229, 1869, 660.16%, 1796, 1690
1705969019, 0, 25, 218, 0, 0, 701.56%, 59, 0, 0, 554.22, 5381, 1901, 660.16%, 1796, 1690
1705969020, 0, 25, 219, 0, 0, 701.56%, 60, 0, 0, 612.70, 5545, 1930, 660.16%, 1796, 1690
1705969020, 0, 27, 219, 0, 0, 701.56%, 60, 0, 0, 293.33, 5612, 1951, 660.16%, 1796, 1690
1705969020, 0, 27, 219, 0, 0, 701.56%, 60, 0, 0, 403.85, 5680, 2009, 660.16%, 1796, 1690
1705969021, 0, 27, 220, 0, 0, 701.56%, 61, 0, 0, 461.79, 5753, 2075, 660.16%, 1796, 1690
1705969021, 0, 27, 220, 0, 0, 701.56%, 62, 0, 0, 370.00, 5813, 2126, 660.16%, 1796, 1690
1705969021, 0, 27, 220, 0, 0, 701.56%, 62, 0, 0, 276.73, 5865, 2162, 660.16%, 1796, 1690
1705969022, 0, 27, 220, 0, 0, 701.56%, 62, 0, 0, 356.67, 5923, 2211, 660.16%, 1796, 1690
1705969022, 0, 27, 220, 0, 0, 701.56%, 62, 0, 0, 133.63, 5954, 2240, 660.16%, 1796, 1690
1705969022, 0, 29, 220, 0, 0, 701.56%, 62, 0, 0, 665.63, 6099, 2308, 660.16%, 1796, 1690
1705969023, 0, 30, 220, 0, 0, 701.56%, 62, 0, 0, 918.57, 6308, 2381, 660.16%, 1796, 1690
1705969023, 0, 30, 222, 0, 0, 703.52%, 63, 0, 0, 615.63, 6469, 2417, 660.16%, 1801, 1690
1705969023, 0, 36, 222, 0, 0, 703.52%, 64, 0, 0, 833.33, 6677, 2459, 660.16%, 1801, 1690
1705969024, 0, 39, 222, 0, 0, 703.52%, 64, 0, 0, 1006.58, 6939, 2503, 660.16%, 1801, 1690
1705969024, 0, 39, 223, 0, 0, 703.52%, 65, 0, 0, 496.67, 7013, 2578, 660.16%, 1801, 1690
1705969024, 0, 39, 224, 0, 0, 703.52%, 65, 0, 0, 503.18, 7087, 2662, 660.16%, 1801, 1690
1705969025, 0, 39, 225, 0, 0, 703.52%, 66, 0, 0, 395.57, 7147, 2727, 660.16%, 1801, 1690
1705969025, 0, 39, 225, 0, 0, 703.52%, 66, 0, 0, 36.96, 7158, 2733, 660.16%, 1801, 1690
1705969025, 0, 41, 225, 0, 0, 703.52%, 66, 0, 0, 902.52, 7333, 2845, 660.16%, 1801, 1690
1705969026, 0, 43, 227, 0, 0, 705.08%, 66, 0, 0, 810.00, 7455, 2966, 660.16%, 1805, 1690
1705969026, 0, 43, 228, 0, 0, 705.08%, 67, 0, 0, 359.74, 7479, 3051, 660.16%, 1805, 1690
1705969026, 0, 43, 228, 0, 0, 705.08%, 69, 0, 0, 316.67, 7491, 3134, 660.16%, 1805, 1690
1705969027, 0, 45, 229, 0, 0, 705.08%, 69, 0, 0, 637.17, 7611, 3230, 660.94%, 1805, 1692
1705969027, 0, 47, 229, 0, 0, 705.08%, 69, 0, 0, 335.96, 7700, 3269, 660.94%, 1805, 1692
1705969027, 0, 48, 230, 0, 0, 705.08%, 69, 0, 0, 621.45, 7819, 3347, 661.33%, 1805, 1693
1705969028, 0, 48, 230, 0, 0, 705.08%, 69, 0, 0, 253.25, 7867, 3377, 661.33%, 1805, 1693
1705969028, 0, 48, 230, 0, 0, 705.08%, 69, 0, 0, 560.66, 7966, 3449, 661.33%, 1805, 1693
1705969028, 0, 48, 230, 0, 0, 705.08%, 69, 0, 0, 516.95, 8073, 3525, 661.33%, 1805, 1693
1705969029, 0, 48, 230, 0, 0, 705.08%, 70, 0, 0, 342.19, 8130, 3571, 661.33%, 1805, 1693
1705969029, 0, 48, 230, 0, 0, 705.08%, 71, 0, 0, 288.63, 8193, 3607, 661.33%, 1805, 1693
1705969029, 0, 48, 230, 0, 0, 705.08%, 71, 0, 0, 4.36, 8194, 3608, 661.33%, 1805, 1693
1705969030, 0, 48, 230, 0, 0, 705.08%, 71, 0, 0, 348.35, 8264, 3654, 661.33%, 1805, 1693
1705969030, 0, 55, 233, 0, 0, 705.08%, 71, 0, 0, 1060.00, 8445, 3791, 661.33%, 1805, 1693
1705969030, 0, 56, 233, 0, 0, 705.08%, 71, 0, 0, 827.38, 8498, 4016, 661.33%, 1805, 1693
1705969031, 0, 59, 234, 0, 0, 705.08%, 71, 0, 0, 520.00, 8550, 4120, 661.33%, 1805, 1693
1705969031, 0, 59, 235, 0, 0, 705.08%, 71, 0, 0, 63.74, 8551, 4148, 661.33%, 1805, 1693
1705969031, 0, 59, 236, 0, 0, 705.08%, 71, 0, 0, 533.33, 8553, 4306, 661.33%, 1805, 1693
1705969032, 0, 60, 237, 0, 0, 705.08%, 71, 0, 0, 250.00, 8556, 4380, 661.33%, 1805, 1693
1705969032, 0, 60, 239, 0, 0, 707.03%, 71, 0, 0, 317.90, 8559, 4480, 661.33%, 1810, 1693
1705969032, 0, 60, 239, 0, 0, 707.03%, 73, 0, 0, 426.75, 8567, 4606, 661.33%, 1810, 1693
1705969033, 0, 60, 239, 0, 0, 707.03%, 73, 0, 0, 21.98, 8567, 4614, 661.33%, 1810, 1693
1705969033, 0, 60, 239, 0, 0, 707.03%, 73, 0, 0, 337.56, 8570, 4744, 661.33%, 1810, 1693
1705969033, 0, 61, 239, 0, 0, 707.03%, 73, 0, 0, 604.97, 8748, 4785, 661.33%, 1810, 1693
1705969034, 0, 64, 239, 0, 0, 707.03%, 73, 0, 0, 762.76, 8935, 4852, 661.33%, 1810, 1693
1705969034, 0, 67, 241, 0, 0, 707.03%, 74, 0, 0, 860.00, 9107, 4981, 661.33%, 1810, 1693
1705969035, 0, 68, 243, 0, 0, 708.98%, 76, 0, 0, 531.25, 9266, 5145, 661.33%, 1815, 1693
1705969035, 0, 69, 244, 0, 0, 709.38%, 76, 0, 0, 104.94, 9284, 5161, 661.33%, 1816, 1693
1705969035, 0, 69, 245, 0, 0, 709.38%, 77, 0, 0, 336.67, 9350, 5196, 661.33%, 1816, 1693
1705969036, 0, 69, 245, 0, 0, 709.38%, 78, 0, 0, 130.43, 9403, 5227, 661.33%, 1816, 1693
1705969036, 0, 69, 245, 0, 0, 709.38%, 78, 0, 0, 565.08, 9509, 5299, 661.33%, 1816, 1693
1705969037, 0, 69, 245, 0, 0, 709.38%, 78, 0, 0, 470.00, 9600, 5349, 661.33%, 1816, 1693
1705969037, 0, 69, 245, 0, 0, 709.38%, 80, 0, 0, 660.00, 9714, 5433, 661.33%, 1816, 1693
1705969037, 0, 71, 245, 0, 0, 709.38%, 81, 0, 0, 576.67, 9788, 5532, 661.33%, 1816, 1693
1705969038, 0, 71, 245, 0, 0, 709.38%, 81, 0, 0, 153.97, 9790, 5625, 661.33%, 1816, 1693
1705969038, 0, 71, 248, 0, 0, 709.77%, 81, 0, 0, 495.05, 9793, 5772, 661.33%, 1817, 1693
1705969038, 0, 73, 248, 0, 0, 709.77%, 82, 0, 0, 485.89, 9821, 5899, 661.33%, 1817, 1693
1705969039, 0, 80, 249, 0, 0, 709.77%, 82, 0, 0, 1106.67, 10007, 6045, 661.72%, 1817, 1694
1705969039, 0, 83, 250, 0, 0, 710.55%, 82, 0, 0, 945.42, 10351, 6186, 663.67%, 1819, 1699
1705969040, 0, 84, 251, 0, 0, 710.55%, 82, 0, 0, 495.02, 10432, 6254, 664.06%, 1819, 1700
1705969040, 0, 84, 251, 0, 0, 710.55%, 82, 0, 0, 298.30, 10482, 6309, 664.06%, 1819, 1700
1705969040, 0, 88, 251, 0, 0, 710.55%, 82, 0, 0, 169.93, 10499, 6344, 664.06%, 1819, 1700
1705969040, 0, 92, 252, 0, 0, 710.55%, 83, 0, 0, 299.00, 10546, 6387, 664.06%, 1819, 1700
1705969041, 0, 93, 252, 0, 0, 710.55%, 83, 0, 0, 80.28, 10566, 6402, 664.06%, 1819, 1700
1705969041, 0, 93, 253, 0, 0, 710.55%, 83, 0, 0, 103.33, 10599, 6428, 664.45%, 1819, 1701
1705969042, 0, 93, 253, 0, 0, 710.55%, 83, 0, 0, 96.67, 10616, 6440, 664.45%, 1819, 1701
1705969042, 0, 93, 254, 0, 0, 710.55%, 83, 0, 0, 46.23, 10633, 6450, 664.45%, 1819, 1701
1705969043, 0, 93, 254, 0, 0, 710.55%, 83, 0, 0, 96.67, 10644, 6468, 664.45%, 1819, 1701
1705969043, 0, 94, 254, 0, 0, 710.55%, 83, 0, 0, 105.56, 10661, 6489, 664.45%, 1819, 1701
1705969044, 0, 95, 254, 0, 0, 710.55%, 83, 0, 0, 92.31, 10692, 6506, 664.45%, 1819, 1701
1705969044, 0, 95, 254, 0, 0, 710.55%, 83, 0, 0, 192.40, 10750, 6529, 664.45%, 1819, 1701
1705969044, 0, 95, 254, 0, 0, 710.55%, 83, 0, 0, 200.00, 10793, 6546, 664.45%, 1819, 1701
1705969045, 0, 97, 254, 0, 0, 710.55%, 83, 0, 0, 395.99, 10888, 6609, 664.45%, 1819, 1701
1705969045, 0, 98, 254, 0, 0, 710.55%, 83, 0, 0, 276.67, 10926, 6654, 664.45%, 1819, 1701
1705969045, 0, 98, 255, 0, 0, 710.55%, 83, 0, 0, 75.95, 10941, 6669, 664.45%, 1819, 1701
1705969046, 0, 98, 255, 0, 0, 710.55%, 83, 0, 0, 39.18, 10954, 6679, 664.45%, 1819, 1701
1705969047, 0, 98, 256, 0, 0, 710.55%, 83, 0, 0, 146.90, 11001, 6715, 664.45%, 1819, 1701
1705969047, 0, 98, 256, 0, 0, 710.55%, 83, 0, 0, 2.89, 11001, 6717, 664.45%, 1819, 1701
1705969048, 0, 98, 256, 0, 0, 710.55%, 83, 0, 0, 9.05, 11002, 6720, 664.45%, 1819, 1701
1705969048, 0, 98, 256, 0, 0, 710.55%, 83, 0, 0, 7.56, 11004, 6721, 664.45%, 1819, 1701
1705969048, 0, 98, 256, 0, 0, 710.55%, 83, 0, 0, 2.51, 11005, 6721, 664.45%, 1819, 1701
1705969049, 0, 98, 256, 0, 0, 710.55%, 83, 0, 0, 48.00, 11010, 6734, 664.45%, 1819, 1701
1705969049, 0, 98, 256, 0, 0, 710.55%, 83, 0, 0, 67.21, 11032, 6753, 664.45%, 1819, 1701
1705969050, 0, 98, 256, 0, 0, 710.55%, 83, 0, 0, 35.89, 11039, 6761, 664.45%, 1819, 1701
1705969050, 0, 98, 256, 0, 0, 710.55%, 83, 0, 0, 10.67, 11043, 6761, 664.45%, 1819, 1701
1705969051, 0, 98, 256, 0, 0, 710.55%, 84, 0, 0, 13.76, 11049, 6770, 664.45%, 1819, 1701
1705969052, 0, 98, 256, 0, 0, 710.55%, 84, 0, 0, 50.99, 11056, 6781, 664.45%, 1819, 1701
1705969052, 0, 98, 256, 0, 0, 710.55%, 84, 0, 0, 74.26, 11079, 6803, 664.45%, 1819, 1701
1705969053, 0, 98, 256, 0, 0, 710.55%, 84, 0, 0, 32.26, 11091, 6808, 664.45%, 1819, 1701
1705969053, 0, 98, 256, 0, 0, 710.55%, 84, 0, 0, 39.60, 11098, 6813, 664.45%, 1819, 1701
1705969054, 0, 98, 256, 0, 0, 710.55%, 84, 0, 0, 14.73, 11108, 6818, 664.45%, 1819, 1701
1705969055, 0, 98, 256, 0, 0, 710.55%, 84, 0, 0, 98.92, 11139, 6842, 664.45%, 1819, 1701
1705969055, 0, 98, 256, 0, 0, 710.55%, 84, 0, 0, 1.63, 11139, 6843, 664.45%, 1819, 1701
1705969056, 0, 98, 256, 0, 0, 710.55%, 84, 0, 0, 2.28, 11140, 6844, 664.45%, 1819, 1701
1705969057, 0, 98, 256, 0, 0, 710.55%, 85, 0, 0, 16.25, 11144, 6853, 664.45%, 1819, 1701
1705969058, 0, 98, 256, 0, 0, 710.55%, 86, 0, 0, 8.29, 11146, 6857, 664.45%, 1819, 1701
1705969058, 0, 98, 256, 0, 0, 710.55%, 86, 0, 0, 13.09, 11149, 6859, 664.45%, 1819, 1701
1705969060, 0, 98, 257, 0, 0, 710.55%, 86, 0, 0, 4.08, 11151, 6863, 664.45%, 1819, 1701
1705969060, 0, 98, 257, 0, 0, 710.55%, 86, 0, 0, 81.40, 11182, 6895, 664.45%, 1819, 1701
1705969061, 0, 98, 257, 0, 0, 710.55%, 86, 0, 0, 6.01, 11183, 6896, 664.45%, 1819, 1701
1705969062, 0, 98, 257, 0, 0, 710.55%, 86, 0, 0, 10.13, 11190, 6899, 664.45%, 1819, 1701
1705969063, 0, 98, 257, 0, 0, 710.55%, 86, 0, 0, 1.16, 11190, 6900, 664.45%, 1819, 1701
1705969063, 0, 98, 257, 0, 0, 710.55%, 86, 0, 0, 2.57, 11190, 6901, 664.45%, 1819, 1701
1705969064, 0, 98, 257, 0, 0, 710.55%, 86, 0, 0, 14.33, 11200, 6909, 664.45%, 1819, 1701
1705969065, 0, 98, 257, 0, 0, 710.55%, 86, 0, 0, 33.53, 11207, 6919, 664.45%, 1819, 1701
1705969065, 0, 98, 257, 0, 0, 710.55%, 86, 0, 0, 20.08, 11216, 6925, 664.45%, 1819, 1701
1705969067, 0, 98, 257, 0, 0, 710.55%, 86, 0, 0, 10.92, 11224, 6932, 664.45%, 1819, 1701
1705969068, 0, 98, 257, 0, 0, 710.55%, 86, 0, 0, 15.57, 11233, 6940, 664.45%, 1819, 1701
1705969069, 0, 98, 258, 0, 0, 710.55%, 86, 0, 0, 1.59, 11235, 6940, 664.45%, 1819, 1701
1705969070, 0, 98, 258, 0, 0, 710.55%, 86, 0, 0, 10.21, 11241, 6944, 664.45%, 1819, 1701
1705969071, 0, 98, 258, 0, 0, 710.55%, 86, 0, 0, 0.95, 11242, 6944, 664.45%, 1819, 1701
1705969072, 0, 98, 258, 0, 0, 710.55%, 86, 0, 0, 20.26, 11249, 6948, 664.45%, 1819, 1701
1705969072, 0, 98, 258, 0, 0, 710.55%, 86, 0, 0, 1.45, 11249, 6949, 664.45%, 1819, 1701
1705969073, 0, 98, 258, 0, 0, 710.55%, 86, 0, 0, 16.91, 11252, 6954, 664.45%, 1819, 1701
1705969074, 0, 98, 258, 0, 0, 710.55%, 86, 0, 0, 18.63, 11260, 6961, 664.45%, 1819, 1701
1705969076, 0, 98, 258, 0, 0, 710.55%, 86, 0, 0, 0.50, 11260, 6962, 664.45%, 1819, 1701
1705969077, 0, 98, 258, 0, 0, 710.55%, 86, 0, 0, 9.00, 11264, 6966, 664.45%, 1819, 1701
1705969077, 0, 98, 258, 0, 0, 710.55%, 86, 0, 0, 2.29, 11265, 6966, 664.45%, 1819, 1701
1705969079, 0, 98, 258, 0, 0, 710.55%, 86, 0, 0, 15.85, 11278, 6986, 664.45%, 1819, 1701
1705969084, 0, 98, 258, 0, 0, 710.55%, 86, 0, 0, 0.18, 11279, 6986, 664.45%, 1819, 1701
1705969132, 0, 98, 258, 0, 0, 710.55%, 87, 0, 0, 0.02, 11279, 6987, 664.45%, 1819, 1701
1705969140, 0, 98, 258, 0, 0, 710.55%, 87, 0, 0, 0.12, 11280, 6987, 664.45%, 1819, 1701
1705969142, 0, 98, 258, 0, 0, 710.55%, 87, 0, 0, 0.42, 11281, 6987, 664.45%, 1819, 1701
1705969146, 0, 98, 258, 0, 0, 710.55%, 87, 0, 0, 0.27, 11281, 6988, 664.45%, 1819, 1701
1705969151, 0, 98, 258, 0, 0, 710.55%, 87, 0, 0, 0.22, 11282, 6988, 664.45%, 1819, 1701
1705969160, 0, 98, 258, 0, 0, 710.55%, 87, 0, 0, 0.11, 11283, 6988, 664.45%, 1819, 1701
1705969163, 0, 98, 258, 0, 0, 710.55%, 87, 0, 0, 0.29, 11283, 6989, 664.45%, 1819, 1701
1705969168, 0, 98, 258, 0, 0, 710.55%, 87, 0, 0, 0.24, 11284, 6989, 664.45%, 1819, 1701
1705969176, 0, 101, 259, 0, 0, 711.33%, 87, 0, 0, 13.05, 11354, 7027, 666.41%, 1821, 1706
1705969179, 0, 101, 259, 0, 0, 711.33%, 87, 0, 0, 0.34, 11355, 7027, 666.41%, 1821, 1706
1705969189, 0, 101, 260, 0, 0, 711.33%, 87, 0, 0, 7.48, 11416, 7041, 666.41%, 1821, 1706
1705969196, 0, 101, 261, 0, 0, 711.33%, 87, 0, 0, 47.02, 11695, 7109, 666.41%, 1821, 1706
1705969206, 0, 104, 262, 0, 0, 711.33%, 87, 0, 0, 7.36, 11741, 7134, 666.41%, 1821, 1706
1705969209, 0, 110, 263, 0, 0, 711.33%, 87, 0, 0, 148.23, 12102, 7317, 666.41%, 1821, 1706
1705969211, 0, 110, 263, 0, 0, 711.33%, 88, 0, 0, 84.69, 12203, 7336, 666.41%, 1821, 1706
1705969213, 0, 112, 264, 0, 0, 711.33%, 88, 0, 0, 75.78, 12292, 7369, 666.80%, 1821, 1707
1705969215, 0, 113, 265, 0, 0, 711.33%, 88, 0, 0, 92.69, 12414, 7451, 666.80%, 1821, 1707
1705969224, 0, 114, 265, 0, 0, 711.33%, 89, 0, 0, 20.51, 12525, 7528, 666.80%, 1821, 1707
1705969227, 0, 116, 265, 0, 0, 711.33%, 89, 0, 0, 27.28, 12571, 7557, 666.80%, 1821, 1707
1705969227, 0, 125, 265, 0, 0, 711.33%, 89, 0, 0, 1870.00, 12956, 7733, 666.80%, 1821, 1707
1705969236, 0, 125, 266, 0, 0, 711.33%, 89, 0, 0, 2.47, 12966, 7746, 666.80%, 1821, 1707
1705969237, 0, 128, 266, 0, 0, 711.33%, 89, 0, 0, 361.42, 13081, 7824, 666.80%, 1821, 1707
1705969239, 0, 130, 267, 0, 0, 711.33%, 89, 0, 0, 10.79, 13095, 7833, 667.19%, 1821, 1708
1705969239, 0, 137, 267, 0, 0, 711.33%, 89, 0, 0, 2873.33, 13610, 8180, 667.19%, 1821, 1708
1705969241, 0, 144, 268, 0, 0, 711.33%, 89, 0, 0, 245.37, 13888, 8405, 667.19%, 1821, 1708
1705969242, 0, 145, 268, 0, 0, 711.33%, 89, 0, 0, 158.33, 13888, 8500, 667.19%, 1821, 1708
1705969242, 0, 145, 268, 0, 0, 711.33%, 89, 0, 0, 2.55, 13888, 8501, 667.19%, 1821, 1708
1705969245, 0, 145, 269, 0, 0, 711.33%, 89, 0, 0, 23.68, 13889, 8576, 668.36%, 1821, 1711
1705969246, 0, 145, 270, 0, 0, 711.33%, 89, 0, 0, 112.58, 13893, 8674, 668.36%, 1821, 1711
1705969247, 0, 145, 270, 0, 0, 711.33%, 89, 0, 0, 408.64, 13893, 8797, 668.36%, 1821, 1711
1705969249, 0, 145, 270, 0, 0, 711.33%, 89, 0, 0, 0.44, 13893, 8798, 668.36%, 1821, 1711
1705969250, 0, 145, 270, 0, 0, 711.33%, 90, 0, 0, 42.55, 13893, 8826, 668.36%, 1821, 1711
1705969250, 0, 148, 271, 0, 0, 711.33%, 90, 0, 0, 515.44, 13998, 8938, 668.36%, 1821, 1711
1705969250, 0, 151, 271, 0, 0, 711.33%, 90, 0, 0, 287.01, 14057, 8974, 668.36%, 1821, 1711
1705969251, 0, 158, 271, 0, 0, 711.33%, 90, 0, 0, 930.00, 14182, 9128, 668.36%, 1821, 1711
1705969251, 0, 158, 272, 0, 0, 711.33%, 90, 0, 0, 178.01, 14198, 9248, 668.36%, 1821, 1711
1705969252, 0, 158, 272, 0, 0, 711.33%, 90, 0, 0, 314.05, 14212, 9386, 668.36%, 1821, 1711
1705969252, 0, 160, 273, 0, 0, 711.33%, 90, 0, 0, 606.22, 14267, 9565, 668.36%, 1821, 1711
1705969253, 0, 160, 273, 0, 0, 711.33%, 91, 0, 0, 205.36, 14289, 9635, 668.36%, 1821, 1711
1705969253, 0, 160, 273, 0, 0, 711.33%, 91, 0, 0, 353.33, 14308, 9722, 668.36%, 1821, 1711
1705969253, 0, 161, 274, 0, 0, 711.33%, 91, 0, 0, 103.33, 14320, 9741, 668.36%, 1821, 1711
1705969254, 0, 162, 275, 0, 0, 711.33%, 91, 0, 0, 71.20, 14339, 9744, 668.36%, 1821, 1711
1705969257, 0, 164, 276, 0, 0, 711.33%, 91, 0, 0, 27.75, 14389, 9788, 669.92%, 1821, 1715
1705969257, 0, 167, 276, 0, 0, 711.33%, 91, 0, 0, 361.11, 14460, 9860, 669.92%, 1821, 1715
1705969258, 0, 170, 276, 0, 0, 711.33%, 91, 0, 0, 169.23, 14477, 9909, 669.92%, 1821, 1715
1705969259, 0, 174, 276, 0, 0, 711.33%, 92, 0, 0, 338.03, 14592, 10034, 669.92%, 1821, 1715
1705969259, 0, 174, 277, 0, 0, 711.33%, 92, 0, 0, 31.07, 14596, 10041, 669.92%, 1821, 1715
1705969259, 0, 176, 277, 0, 0, 711.33%, 93, 0, 0, 403.33, 14644, 10114, 669.92%, 1821, 1715
1705969259, 0, 176, 277, 0, 0, 711.33%, 93, 0, 0, 476.67, 14686, 10215, 669.92%, 1821, 1715
1705969260, 0, 178, 277, 0, 0, 711.33%, 94, 0, 0, 1040.00, 14856, 10357, 669.92%, 1821, 1715
1705969260, 0, 180, 277, 0, 0, 711.33%, 94, 0, 0, 264.71, 14935, 10395, 669.92%, 1821, 1715
1705969261, 0, 180, 277, 0, 0, 711.33%, 94, 0, 0, 3.25, 14936, 10395, 669.92%, 1821, 1715
1705969261, 0, 183, 278, 0, 0, 711.33%, 94, 0, 0, 1186.67, 15170, 10517, 669.92%, 1821, 1715
1705969261, 0, 184, 278, 0, 0, 711.33%, 95, 0, 0, 46.73, 15176, 10526, 669.92%, 1821, 1715
1705969261, 0, 186, 281, 0, 0, 711.33%, 95, 0, 0, 1106.31, 15391, 10644, 670.31%, 1821, 1716
1705969262, 0, 186, 285, 0, 0, 711.33%, 95, 0, 0, 373.94, 15471, 10696, 672.66%, 1821, 1722
1705969262, 0, 186, 287, 0, 0, 711.33%, 95, 0, 0, 503.31, 15574, 10745, 672.66%, 1821, 1722
1705969262, 0, 186, 289, 0, 0, 711.72%, 95, 0, 0, 428.57, 15657, 10791, 673.05%, 1822, 1723
1705969265, 0, 186, 290, 0, 0, 711.72%, 95, 0, 0, 39.89, 15729, 10833, 673.05%, 1822, 1723
1705969266, 0, 186, 290, 0, 0, 711.72%, 95, 0, 0, 321.02, 15795, 10880, 673.05%, 1822, 1723
1705969266, 0, 196, 291, 0, 0, 711.72%, 95, 0, 0, 933.33, 15934, 11021, 673.05%, 1822, 1723
1705969266, 0, 201, 291, 0, 0, 711.72%, 95, 0, 0, 1703.33, 16298, 11168, 673.05%, 1822, 1723
1705969267, 0, 202, 292, 0, 0, 711.72%, 95, 0, 0, 1070.74, 16528, 11271, 673.44%, 1822, 1724
1705969267, 0, 204, 293, 0, 0, 711.72%, 95, 0, 0, 361.18, 16713, 11393, 673.44%, 1822, 1724
1705969268, 0, 204, 293, 0, 0, 711.72%, 96, 0, 0, 26.26, 16714, 11415, 673.44%, 1822, 1724
1705969270, 0, 204, 293, 0, 0, 711.72%, 97, 0, 0, 3.62, 16714, 11421, 673.44%, 1822, 1724
1705969270, 0, 204, 293, 0, 0, 711.72%, 98, 0, 0, 206.67, 16721, 11476, 673.44%, 1822, 1724
1705969270, 0, 204, 293, 0, 0, 711.72%, 98, 0, 0, 236.84, 16728, 11541, 673.44%, 1822, 1724
1705969271, 0, 204, 293, 0, 0, 711.72%, 99, 0, 0, 49.67, 16735, 11579, 673.44%, 1822, 1724
1705969272, 0, 204, 294, 0, 0, 712.11%, 99, 0, 0, 111.84, 16744, 11604, 673.83%, 1823, 1725
1705969272, 0, 204, 295, 0, 0, 712.11%, 99, 0, 0, 27.56, 16748, 11614, 673.83%, 1823, 1725
1705969273, 0, 205, 295, 0, 0, 712.11%, 99, 0, 0, 357.59, 16767, 11708, 673.83%, 1823, 1725
1705969274, 0, 205, 295, 0, 0, 712.11%, 99, 0, 0, 34.91, 16785, 11724, 673.83%, 1823, 1725
1705969274, 0, 206, 296, 0, 0, 712.11%, 99, 0, 0, 56.40, 16806, 11744, 673.83%, 1823, 1725
1705969275, 0, 207, 297, 0, 0, 712.11%, 99, 0, 0, 40.68, 16817, 11757, 673.83%, 1823, 1725
1705969275, 0, 209, 297, 0, 0, 712.11%, 100, 0, 0, 115.28, 16830, 11787, 673.83%, 1823, 1725
1705969276, 0, 210, 297, 0, 0, 712.11%, 101, 0, 0, 125.81, 16845, 11811, 673.83%, 1823, 1725
1705969276, 0, 212, 297, 0, 0, 712.11%, 101, 0, 0, 598.29, 16892, 11974, 673.83%, 1823, 1725
1705969276, 0, 212, 297, 0, 0, 712.11%, 101, 0, 0, 543.33, 16922, 12107, 673.83%, 1823, 1725
1705969276, 0, 214, 298, 0, 0, 712.11%, 101, 0, 0, 426.67, 16957, 12200, 673.83%, 1823, 1725
1705969277, 0, 214, 298, 0, 0, 712.11%, 101, 0, 0, 783.33, 17105, 12287, 673.83%, 1823, 1725
1705969277, 0, 214, 298, 0, 0, 712.11%, 101, 0, 0, 117.53, 17140, 12313, 673.83%, 1823, 1725
1705969278, 0, 214, 298, 0, 0, 712.11%, 101, 0, 0, 501.62, 17229, 12379, 673.83%, 1823, 1725
1705969278, 0, 214, 299, 0, 0, 712.11%, 101, 0, 0, 607.26, 17333, 12459, 673.83%, 1823, 1725
1705969278, 0, 219, 299, 0, 0, 712.11%, 102, 0, 0, 670.06, 17541, 12580, 673.83%, 1823, 1725
1705969279, 0, 220, 299, 0, 0, 712.11%, 102, 0, 0, 310.00, 17598, 12616, 673.83%, 1823, 1725
1705969279, 0, 225, 299, 0, 0, 712.11%, 102, 0, 0, 1070.00, 17722, 12813, 673.83%, 1823, 1725
1705969280, 0, 226, 299, 0, 0, 712.11%, 103, 0, 0, 245.45, 17761, 13017, 673.83%, 1823, 1725
1705969280, 0, 228, 300, 0, 0, 712.11%, 103, 0, 0, 314.47, 17823, 13055, 673.83%, 1823, 1725
1705969281, 0, 229, 300, 0, 0, 712.11%, 104, 0, 0, 1426.67, 18110, 13196, 673.83%, 1823, 1725
1705969281, 0, 229, 300, 0, 0, 712.11%, 104, 0, 0, 647.84, 18212, 13289, 673.83%, 1823, 1725
1705969281, 0, 229, 300, 0, 0, 712.11%, 104, 0, 0, 420.00, 18280, 13347, 673.83%, 1823, 1725
1705969282, 0, 229, 300, 0, 0, 712.11%, 104, 0, 0, 611.11, 18392, 13433, 673.83%, 1823, 1725
1705969282, 0, 229, 300, 0, 0, 712.11%, 104, 0, 0, 30.42, 18400, 13441, 673.83%, 1823, 1725
1705969282, 0, 233, 301, 0, 0, 712.11%, 104, 0, 0, 286.67, 18447, 13480, 673.83%, 1823, 1725
1705969284, 0, 234, 301, 0, 0, 712.11%, 105, 0, 0, 18.89, 18448, 13506, 673.83%, 1823, 1725
1705969284, 0, 235, 302, 0, 0, 712.11%, 105, 0, 0, 20.69, 18448, 13521, 673.83%, 1823, 1725
1705969285, 0, 237, 302, 0, 0, 712.11%, 105, 0, 0, 704.32, 18450, 13731, 673.83%, 1823, 1725
1705969285, 0, 237, 302, 0, 0, 712.11%, 105, 0, 0, 235.88, 18452, 13800, 673.83%, 1823, 1725
1705969286, 0, 237, 302, 0, 0, 712.11%, 105, 0, 0, 180.49, 18454, 13872, 673.83%, 1823, 1725
1705969286, 0, 237, 302, 0, 0, 712.11%, 105, 0, 0, 25.97, 18454, 13884, 673.83%, 1823, 1725
1705969286, 0, 238, 303, 0, 0, 712.11%, 105, 0, 0, 446.95, 18459, 14018, 673.83%, 1823, 1725
1705969287, 0, 238, 303, 0, 0, 712.11%, 106, 0, 0, 97.69, 18460, 14072, 673.83%, 1823, 1725
1705969287, 0, 238, 303, 0, 0, 712.11%, 107, 0, 0, 558.82, 18469, 14234, 673.83%, 1823, 1725
1705969288, 0, 238, 304, 0, 0, 712.11%, 107, 0, 0, 137.87, 18472, 14306, 673.83%, 1823, 1725
1705969288, 0, 242, 304, 0, 0, 712.11%, 107, 0, 0, 791.39, 18586, 14431, 673.83%, 1823, 1725
1705969288, 0, 243, 305, 0, 0, 712.11%, 107, 0, 0, 442.80, 18685, 14541, 673.83%, 1823, 1725
1705969289, 0, 243, 306, 0, 0, 712.11%, 108, 0, 0, 666.67, 18766, 14660, 673.83%, 1823, 1725
1705969290, 0, 243, 306, 0, 0, 712.11%, 108, 0, 0, 24.84, 18781, 14679, 673.83%, 1823, 1725
1705969291, 0, 246, 306, 0, 0, 712.11%, 108, 0, 0, 338.05, 18843, 14880, 673.83%, 1823, 1725
1705969291, 0, 246, 306, 0, 0, 712.11%, 108, 0, 0, 418.30, 18847, 15004, 673.83%, 1823, 1725
1705969292, 0, 247, 306, 0, 0, 712.11%, 109, 0, 0, 610.00, 18852, 15182, 673.83%, 1823, 1725
1705969292, 0, 248, 308, 0, 0, 712.11%, 110, 0, 0, 276.32, 18958, 15223, 674.61%, 1823, 1727
1705969293, 0, 250, 308, 0, 0, 712.11%, 111, 0, 0, 489.57, 19168, 15318, 674.61%, 1823, 1727
1705969294, 0, 251, 308, 0, 0, 712.11%, 112, 0, 0, 317.57, 19403, 15412, 674.61%, 1823, 1727
1705969294, 0, 252, 308, 0, 0, 712.11%, 112, 0, 0, 593.33, 19535, 15458, 674.61%, 1823, 1727
1705969294, 0, 257, 309, 0, 0, 712.11%, 112, 0, 0, 883.12, 19718, 15547, 674.61%, 1823, 1727
1705969295, 0, 258, 309, 0, 0, 712.11%, 112, 0, 0, 1130.00, 19991, 15613, 674.61%, 1823, 1727
1705969295, 0, 264, 310, 0, 0, 712.11%, 112, 0, 0, 1716.67, 20377, 15742, 674.61%, 1823, 1727
1705969295, 0, 266, 310, 0, 0, 712.11%, 112, 0, 0, 287.39, 20434, 15783, 674.61%, 1823, 1727
1705969296, 0, 267, 311, 0, 0, 712.11%, 112, 0, 0, 620.92, 20804, 15888, 675.39%, 1823, 1729
1705969297, 0, 268, 312, 0, 0, 712.11%, 112, 0, 0, 9.98, 20812, 15892, 675.39%, 1823, 1729
1705969298, 0, 268, 313, 0, 0, 712.11%, 112, 0, 0, 19.77, 20814, 15897, 675.39%, 1823, 1729
1705969298, 0, 268, 316, 0, 0, 712.11%, 112, 0, 0, 333.33, 20859, 15952, 675.39%, 1823, 1729
1705969298, 0, 268, 316, 0, 0, 712.11%, 113, 0, 0, 519.74, 20916, 16053, 675.39%, 1823, 1729
1705969299, 0, 268, 316, 0, 0, 712.11%, 114, 0, 0, 93.60, 20933, 16074, 675.39%, 1823, 1729
1705969299, 0, 268, 316, 0, 0, 712.11%, 114, 0, 0, 456.67, 20997, 16147, 675.39%, 1823, 1729
1705969299, 0, 268, 316, 0, 0, 712.11%, 114, 0, 0, 308.97, 21036, 16201, 675.39%, 1823, 1729
1705969299, 0, 268, 316, 0, 0, 712.11%, 114, 0, 0, 160.77, 21060, 16227, 675.39%, 1823, 1729
1705969300, 0, 268, 316, 0, 0, 712.11%, 114, 0, 0, 466.89, 21126, 16302, 675.39%, 1823, 1729
1705969300, 0, 268, 317, 0, 0, 712.11%, 114, 0, 0, 220.00, 21154, 16340, 675.39%, 1823, 1729
1705969304, 0, 270, 318, 0, 0, 712.11%, 114, 0, 0, 18.41, 21178, 16387, 675.39%, 1823, 1729
1705969306, 0, 273, 319, 0, 0, 712.11%, 114, 0, 0, 45.02, 21236, 16437, 675.39%, 1823, 1729
1705969307, 0, 275, 320, 0, 0, 712.11%, 114, 0, 0, 346.67, 21292, 16485, 675.39%, 1823, 1729
1705969307, 0, 275, 322, 0, 0, 712.11%, 114, 0, 0, 32.79, 21305, 16496, 675.39%, 1823, 1729
1705969308, 0, 275, 323, 0, 0, 712.11%, 115, 0, 0, 76.16, 21317, 16507, 675.39%, 1823, 1729
1705969310, 0, 275, 325, 0, 0, 712.11%, 115, 0, 0, 43.84, 21368, 16571, 675.39%, 1823, 1729
1705969312, 0, 275, 327, 0, 0, 712.11%, 116, 0, 0, 24.57, 21381, 16591, 675.39%, 1823, 1729
1705969312, 0, 275, 328, 0, 0, 712.11%, 116, 0, 0, 313.33, 21423, 16643, 675.39%, 1823, 1729
1705969312, 0, 275, 329, 0, 0, 712.11%, 116, 0, 0, 553.33, 21500, 16732, 675.39%, 1823, 1729
1705969313, 0, 275, 329, 0, 0, 712.11%, 116, 0, 0, 503.33, 21564, 16819, 675.39%, 1823, 1729
1705969313, 0, 275, 330, 0, 0, 712.11%, 116, 0, 0, 493.33, 21624, 16907, 675.39%, 1823, 1729
1705969313, 0, 279, 330, 0, 0, 712.11%, 116, 0, 0, 1103.33, 21828, 17034, 675.39%, 1823, 1729
1705969313, 0, 282, 330, 0, 0, 712.11%, 116, 0, 0, 543.33, 21939, 17086, 675.39%, 1823, 1729
1705969314, 0, 282, 330, 0, 0, 712.11%, 116, 0, 0, 600.00, 22055, 17150, 675.39%, 1823, 1729
1705969314, 0, 282, 330, 0, 0, 712.11%, 116, 0, 0, 627.91, 22169, 17225, 675.39%, 1823, 1729
1705969317, 0, 282, 331, 0, 0, 712.11%, 116, 0, 0, 3.47, 22172, 17231, 675.39%, 1823, 1729
1705969317, 0, 282, 331, 0, 0, 712.11%, 116, 0, 0, 137.84, 22228, 17281, 675.39%, 1823, 1729
1705969318, 0, 282, 331, 0, 0, 712.11%, 116, 0, 0, 146.67, 22261, 17292, 675.39%, 1823, 1729
1705969319, 0, 282, 331, 0, 0, 712.11%, 116, 0, 0, 31.85, 22277, 17301, 675.39%, 1823, 1729
1705969319, 0, 283, 331, 0, 0, 712.11%, 116, 0, 0, 770.76, 22400, 17410, 675.39%, 1823, 1729
1705969319, 0, 284, 331, 0, 0, 712.11%, 116, 0, 0, 470.39, 22487, 17466, 675.39%, 1823, 1729
1705969319, 0, 284, 331, 0, 0, 712.11%, 116, 0, 0, 223.33, 22527, 17493, 675.39%, 1823, 1729
1705969320, 0, 284, 331, 0, 0, 712.11%, 116, 0, 0, 746.67, 22668, 17576, 675.39%, 1823, 1729
1705969323, 0, 284, 331, 0, 0, 712.11%, 117, 0, 0, 48.24, 22757, 17632, 675.39%, 1823, 1729
1705969323, 0, 284, 331, 0, 0, 712.11%, 117, 0, 0, 450.57, 22873, 17712, 675.39%, 1823, 1729
1705969324, 0, 287, 332, 0, 0, 712.11%, 117, 0, 0, 147.29, 22982, 17769, 675.39%, 1823, 1729
1705969325, 0, 288, 332, 0, 0, 712.11%, 117, 0, 0, 43.73, 23007, 17790, 675.39%, 1823, 1729
1705969326, 0, 288, 332, 0, 0, 712.11%, 117, 0, 0, 636.67, 23121, 17867, 675.39%, 1823, 1729
1705969326, 0, 288, 332, 0, 0, 712.11%, 117, 0, 0, 431.89, 23201, 17917, 675.39%, 1823, 1729
1705969327, 0, 288, 332, 0, 0, 712.11%, 117, 0, 0, 124.36, 23242, 17949, 675.39%, 1823, 1729
1705969327, 0, 288, 332, 0, 0, 712.11%, 117, 0, 0, 402.78, 23333, 18003, 675.39%, 1823, 1729
1705969327, 0, 288, 332, 0, 0, 712.11%, 117, 0, 0, 333.33, 23399, 18037, 675.39%, 1823, 1729
1705969328, 0, 288, 332, 0, 0, 712.11%, 117, 0, 0, 25.28, 23410, 18044, 675.39%, 1823, 1729
1705969328, 0, 288, 333, 0, 0, 712.11%, 117, 0, 0, 296.67, 23467, 18076, 675.39%, 1823, 1729
1705969328, 0, 291, 333, 0, 0, 712.11%, 118, 0, 0, 790.16, 23598, 18186, 675.39%, 1823, 1729
1705969330, 0, 292, 334, 0, 0, 712.11%, 119, 0, 0, 152.84, 23756, 18284, 675.78%, 1823, 1730
1705969330, 0, 293, 334, 0, 0, 712.11%, 119, 0, 0, 714.29, 23865, 18390, 675.78%, 1823, 1730
1705969332, 0, 293, 335, 0, 0, 712.11%, 119, 0, 0, 1.68, 23866, 18391, 675.78%, 1823, 1730
1705969332, 0, 293, 335, 0, 0, 712.11%, 119, 0, 0, 490.00, 23938, 18466, 675.78%, 1823, 1730
1705969332, 0, 293, 335, 0, 0, 712.11%, 119, 0, 0, 433.33, 24003, 18531, 675.78%, 1823, 1730
1705969333, 0, 293, 335, 0, 0, 712.11%, 119, 0, 0, 703.33, 24102, 18643, 675.78%, 1823, 1730
1705969337, 0, 293, 335, 0, 0, 712.11%, 120, 0, 0, 9.53, 24125, 18664, 675.78%, 1823, 1730
1705969338, 0, 294, 336, 0, 0, 712.11%, 120, 0, 0, 185.90, 24183, 18722, 675.78%, 1823, 1730
1705969338, 0, 296, 337, 0, 0, 712.11%, 120, 0, 0, 250.00, 24220, 18763, 675.78%, 1823, 1730
1705969339, 0, 298, 338, 0, 0, 712.11%, 120, 0, 0, 48.98, 24240, 18796, 675.78%, 1823, 1730
1705969340, 0, 302, 339, 0, 0, 712.11%, 120, 0, 0, 309.45, 24263, 18868, 675.78%, 1823, 1730
1705969340, 0, 306, 339, 0, 0, 712.11%, 120, 0, 0, 254.41, 24286, 18946, 675.78%, 1823, 1730
1705969341, 0, 310, 339, 0, 0, 712.11%, 121, 0, 0, 808.48, 24667, 19080, 675.78%, 1823, 1730
1705969341, 0, 310, 340, 0, 0, 712.11%, 121, 0, 0, 348.96, 24707, 19174, 676.56%, 1823, 1732
1705969341, 0, 310, 340, 0, 0, 712.11%, 123, 0, 0, 416.67, 24754, 19252, 676.56%, 1823, 1732
1705969342, 0, 310, 340, 0, 0, 712.11%, 123, 0, 0, 606.67, 24808, 19380, 676.56%, 1823, 1732
1705969342, 0, 310, 341, 0, 0, 712.11%, 123, 0, 0, 337.11, 24844, 19463, 676.56%, 1823, 1732
1705969342, 0, 310, 341, 0, 0, 712.11%, 123, 0, 0, 543.69, 24896, 19579, 676.56%, 1823, 1732
1705969343, 0, 312, 341, 0, 0, 712.11%, 123, 0, 0, 279.54, 24936, 19636, 676.56%, 1823, 1732
1705969343, 0, 316, 342, 0, 0, 712.11%, 123, 0, 0, 401.52, 25007, 19724, 676.56%, 1823, 1732
1705969343, 0, 321, 342, 0, 0, 712.11%, 123, 0, 0, 544.85, 25082, 19813, 676.56%, 1823, 1732
1705969346, 0, 324, 343, 0, 0, 712.11%, 123, 0, 0, 48.29, 25153, 19889, 676.56%, 1823, 1732
1705969350, 0, 328, 344, 0, 0, 712.11%, 123, 0, 0, 40.85, 25204, 19971, 676.56%, 1823, 1732
1705969351, 0, 330, 344, 0, 0, 712.11%, 124, 0, 0, 64.84, 25239, 20019, 676.56%, 1823, 1732
1705969351, 0, 332, 345, 0, 0, 712.11%, 125, 0, 0, 134.73, 25255, 20048, 676.56%, 1823, 1732
1705969352, 0, 333, 345, 0, 0, 712.11%, 125, 0, 0, 633.08, 25509, 20127, 676.56%, 1823, 1732
1705969352, 0, 335, 346, 0, 0, 712.11%, 126, 0, 0, 133.33, 25530, 20160, 676.56%, 1823, 1732
1705969353, 0, 336, 346, 0, 0, 712.11%, 128, 0, 0, 84.32, 25565, 20189, 676.56%, 1823, 1732
1705969353, 0, 336, 347, 0, 0, 712.11%, 128, 0, 0, 10.79, 25567, 20193, 676.56%, 1823, 1732
1705969355, 0, 339, 348, 0, 0, 712.89%, 128, 0, 0, 60.57, 25600, 20260, 677.34%, 1825, 1734
1705969357, 0, 339, 348, 0, 0, 712.89%, 129, 0, 0, 1.27, 25600, 20262, 677.34%, 1825, 1734
1705969358, 0, 339, 349, 0, 0, 712.89%, 129, 0, 0, 161.70, 25695, 20449, 677.34%, 1825, 1734
1705969359, 0, 339, 349, 0, 0, 712.89%, 130, 0, 0, 371.62, 25802, 20617, 677.34%, 1825, 1734
1705969359, 0, 339, 349, 0, 0, 712.89%, 130, 0, 0, 660.00, 25875, 20742, 677.34%, 1825, 1734
1705969360, 0, 343, 349, 0, 0, 712.89%, 131, 0, 0, 254.61, 25946, 20823, 677.34%, 1825, 1734
1705969360, 0, 346, 350, 0, 0, 712.89%, 132, 0, 0, 408.10, 26012, 20888, 677.34%, 1825, 1734
1705969361, 0, 347, 352, 0, 0, 712.89%, 132, 0, 0, 350.00, 26057, 20948, 677.34%, 1825, 1734
1705969361, 0, 347, 353, 0, 0, 713.67%, 132, 0, 0, 816.67, 26179, 21071, 678.13%, 1827, 1736
1705969362, 0, 347, 354, 0, 0, 713.67%, 132, 0, 0, 292.85, 26249, 21177, 678.13%, 1827, 1736
1705969362, 0, 347, 355, 0, 0, 713.67%, 132, 0, 0, 130.43, 26296, 21235, 678.13%, 1827, 1736
1705969364, 0, 347, 355, 0, 0, 713.67%, 132, 0, 0, 95.81, 26385, 21313, 678.13%, 1827, 1736
1705969365, 0, 350, 356, 0, 0, 713.67%, 132, 0, 0, 311.58, 26440, 21406, 678.13%, 1827, 1736
1705969365, 0, 352, 357, 0, 0, 713.67%, 132, 0, 0, 518.27, 26517, 21485, 678.13%, 1827, 1736
1705969365, 0, 352, 358, 0, 0, 713.67%, 132, 0, 0, 463.64, 26574, 21581, 678.13%, 1827, 1736
1705969365, 0, 352, 358, 0, 0, 713.67%, 132, 0, 0, 640.00, 26656, 21691, 678.13%, 1827, 1736
1705969366, 0, 352, 358, 0, 0, 713.67%, 132, 0, 0, 476.64, 26727, 21773, 678.13%, 1827, 1736
1705969366, 0, 352, 358, 0, 0, 713.67%, 132, 0, 0, 583.33, 26799, 21876, 678.13%, 1827, 1736
1705969367, 0, 355, 359, 0, 0, 713.67%, 132, 0, 0, 317.39, 26855, 21966, 678.13%, 1827, 1736
1705969368, 0, 358, 360, 0, 0, 713.67%, 132, 0, 0, 107.79, 26903, 22037, 678.13%, 1827, 1736
1705969369, 0, 359, 361, 0, 0, 713.67%, 133, 0, 0, 25.81, 26918, 22050, 678.52%, 1827, 1737
1705969370, 0, 360, 361, 0, 0, 713.67%, 133, 0, 0, 146.18, 26954, 22146, 678.52%, 1827, 1737
1705969370, 0, 360, 361, 0, 0, 713.67%, 133, 0, 0, 604.65, 27024, 22258, 678.52%, 1827, 1737
1705969370, 0, 360, 361, 0, 0, 713.67%, 133, 0, 0, 479.53, 27076, 22370, 678.52%, 1827, 1737
1705969371, 0, 360, 361, 0, 0, 713.67%, 133, 0, 0, 244.71, 27107, 22420, 678.52%, 1827, 1737
1705969371, 0, 360, 361, 0, 0, 713.67%, 134, 0, 0, 124.53, 27139, 22487, 678.52%, 1827, 1737
1705969372, 0, 360, 361, 0, 0, 713.67%, 135, 0, 0, 99.60, 27156, 22520, 678.52%, 1827, 1737
1705969372, 0, 360, 362, 0, 0, 713.67%, 135, 0, 0, 45.16, 27163, 22534, 678.52%, 1827, 1737
1705969373, 0, 360, 362, 0, 0, 713.67%, 135, 0, 0, 318.04, 27201, 22600, 678.52%, 1827, 1737
1705969373, 0, 361, 363, 0, 0, 713.67%, 135, 0, 0, 323.33, 27236, 22662, 678.52%, 1827, 1737
1705969374, 1, 0, 364, 0, 0, 713.67%, 135, 0, 0, 65.48, 27258, 22688, 678.52%, 1827, 1737
1705969374, 1, 1, 364, 0, 0, 713.67%, 135, 0, 0, 1873.33, 27727, 22781, 678.52%, 1827, 1737
1705969375, 1, 2, 365, 0, 0, 713.67%, 135, 0, 0, 471.40, 27920, 22827, 678.91%, 1827, 1738
1705969375, 1, 3, 366, 0, 0, 713.67%, 136, 0, 0, 753.33, 28108, 22865, 678.91%, 1827, 1738
1705969375, 1, 5, 366, 0, 0, 713.67%, 136, 0, 0, 1920.53, 28594, 22959, 678.91%, 1827, 1738
1705969376, 1, 7, 366, 0, 0, 713.67%, 136, 0, 0, 1318.99, 29023, 23051, 678.91%, 1827, 1738
1705969376, 1, 7, 367, 0, 0, 713.67%, 136, 0, 0, 678.81, 29063, 23216, 678.91%, 1827, 1738
1705969376, 1, 8, 367, 0, 0, 713.67%, 136, 0, 0, 1326.67, 29321, 23356, 678.91%, 1827, 1738
1705969376, 1, 9, 367, 0, 0, 713.67%, 136, 0, 0, 1016.67, 29555, 23427, 678.91%, 1827, 1738
1705969377, 1, 10, 367, 0, 0, 713.67%, 137, 0, 0, 1303.33, 29859, 23514, 678.91%, 1827, 1738
1705969377, 1, 12, 367, 0, 0, 713.67%, 137, 0, 0, 1583.33, 30257, 23591, 678.91%, 1827, 1738
1705969378, 1, 14, 367, 0, 0, 713.67%, 137, 0, 0, 654.45, 30570, 23653, 678.91%, 1827, 1738
1705969378, 1, 17, 367, 0, 0, 713.67%, 137, 0, 0, 1933.33, 30993, 23810, 678.91%, 1827, 1738
1705969388, 1, 20, 368, 0, 0, 713.67%, 137, 0, 0, 37.96, 31302, 23888, 679.30%, 1827, 1739
1705969389, 1, 20, 368, 0, 0, 713.67%, 137, 0, 0, 76.79, 31337, 23898, 679.30%, 1827, 1739
1705969389, 1, 21, 368, 0, 0, 713.67%, 137, 0, 0, 1031.10, 31589, 24077, 679.30%, 1827, 1739
1705969389, 1, 21, 368, 0, 0, 713.67%, 137, 0, 0, 862.50, 31718, 24224, 679.30%, 1827, 1739
1705969390, 1, 21, 368, 0, 0, 713.67%, 137, 0, 0, 12.17, 31722, 24225, 679.30%, 1827, 1739
1705969390, 1, 21, 368, 0, 0, 713.67%, 137, 0, 0, 89.67, 31732, 24248, 679.30%, 1827, 1739
1705969391, 1, 21, 368, 0, 0, 713.67%, 137, 0, 0, 31.71, 31739, 24256, 679.30%, 1827, 1739
1705969391, 1, 21, 368, 0, 0, 713.67%, 137, 0, 0, 41.92, 31745, 24264, 679.30%, 1827, 1739
1705969391, 1, 21, 368, 0, 0, 713.67%, 137, 0, 0, 42.17, 31749, 24274, 679.30%, 1827, 1739
1705969392, 1, 21, 368, 0, 0, 713.67%, 137, 0, 0, 19.74, 31749, 24280, 679.30%, 1827, 1739
1705969392, 1, 21, 368, 0, 0, 713.67%, 137, 0, 0, 16.99, 31753, 24289, 679.30%, 1827, 1739
1705969394, 1, 21, 368, 0, 0, 713.67%, 137, 0, 0, 0.56, 31754, 24289, 679.30%, 1827, 1739
1705969396, 1, 21, 368, 0, 0, 713.67%, 137, 0, 0, 0.51, 31754, 24290, 679.30%, 1827, 1739
1705969400, 1, 21, 368, 0, 0, 713.67%, 137, 0, 0, 0.30, 31754, 24291, 679.30%, 1827, 1739
1705969400, 1, 21, 368, 0, 0, 713.67%, 137, 0, 0, 3.26, 31755, 24291, 679.30%, 1827, 1739
1705969400, 1, 21, 368, 0, 0, 713.67%, 137, 0, 0, 4.09, 31757, 24291, 679.30%, 1827, 1739
1705969401, 1, 21, 368, 0, 0, 713.67%, 137, 0, 0, 11.82, 31758, 24297, 679.30%, 1827, 1739
1705969401, 1, 21, 368, 0, 0, 713.67%, 137, 0, 0, 28.30, 31761, 24303, 679.30%, 1827, 1739
1705969402, 1, 21, 368, 0, 0, 713.67%, 137, 0, 0, 26.79, 31767, 24309, 679.30%, 1827, 1739
1705969402, 1, 21, 368, 0, 0, 713.67%, 137, 0, 0, 8.60, 31768, 24312, 679.30%, 1827, 1739
1705969403, 1, 21, 368, 0, 0, 713.67%, 137, 0, 0, 17.58, 31770, 24318, 679.30%, 1827, 1739
1705969403, 1, 21, 368, 0, 0, 713.67%, 137, 0, 0, 12.74, 31773, 24321, 679.30%, 1827, 1739
1705969404, 1, 21, 368, 0, 0, 713.67%, 137, 0, 0, 2.58, 31774, 24323, 679.30%, 1827, 1739
1705969405, 1, 21, 368, 0, 0, 713.67%, 137, 0, 0, 6.20, 31776, 24324, 679.30%, 1827, 1739
1705969405, 1, 21, 368, 0, 0, 713.67%, 137, 0, 0, 4.87, 31778, 24324, 679.30%, 1827, 1739
1705969407, 1, 21, 368, 0, 0, 713.67%, 137, 0, 0, 0.48, 31779, 24324, 679.30%, 1827, 1739
1705969408, 1, 21, 368, 0, 0, 713.67%, 137, 0, 0, 19.05, 31782, 24327, 679.30%, 1827, 1739
1705969408, 1, 21, 368, 0, 0, 713.67%, 137, 0, 0, 18.13, 31784, 24332, 679.30%, 1827, 1739
1705969408, 1, 21, 368, 0, 0, 713.67%, 137, 0, 0, 336.67, 31829, 24388, 679.30%, 1827, 1739
1705969409, 1, 23, 368, 0, 0, 713.67%, 137, 0, 0, 1026.67, 32060, 24465, 679.30%, 1827, 1739
1705969416, 1, 27, 368, 0, 0, 713.67%, 138, 0, 0, 92.26, 32644, 24606, 679.30%, 1827, 1739
1705969417, 1, 27, 368, 0, 0, 713.67%, 138, 0, 0, 1640.00, 32898, 24844, 679.30%, 1827, 1739
1705969420, 1, 27, 368, 0, 0, 713.67%, 139, 0, 0, 52.56, 32996, 24934, 679.30%, 1827, 1739
1705969421, 1, 29, 368, 0, 0, 713.67%, 139, 0, 0, 640.26, 33219, 25010, 679.30%, 1827, 1739
1705969422, 1, 36, 368, 0, 0, 713.67%, 139, 0, 0, 651.33, 33816, 25121, 679.30%, 1827, 1739
1705969422, 1, 39, 368, 0, 0, 713.67%, 139, 0, 0, 439.13, 34026, 25214, 679.30%, 1827, 1739
1705969423, 1, 39, 368, 0, 0, 713.67%, 139, 0, 0, 1.80, 34026, 25215, 679.30%, 1827, 1739
1705969424, 1, 39, 368, 0, 0, 713.67%, 140, 0, 0, 225.26, 34206, 25356, 679.30%, 1827, 1739
1705969425, 1, 43, 368, 0, 0, 713.67%, 140, 0, 0, 1953.33, 34509, 25639, 679.30%, 1827, 1739
1705969425, 1, 45, 368, 0, 0, 713.67%, 140, 0, 0, 923.33, 34603, 25822, 679.30%, 1827, 1739
1705969425, 1, 48, 368, 0, 0, 713.67%, 140, 0, 0, 1208.47, 34844, 25952, 679.30%, 1827, 1739
1705969426, 1, 48, 368, 0, 0, 713.67%, 141, 0, 0, 206.67, 34884, 25974, 679.30%, 1827, 1739
1705969426, 1, 48, 368, 0, 0, 713.67%, 141, 0, 0, 271.26, 34954, 26022, 679.30%, 1827, 1739
1705969427, 1, 48, 368, 0, 0, 713.67%, 141, 0, 0, 2.23, 34955, 26022, 679.30%, 1827, 1739
1705969427, 1, 48, 368, 0, 0, 713.67%, 141, 0, 0, 773.33, 35089, 26120, 679.30%, 1827, 1739
1705969428, 1, 48, 369, 0, 0, 713.67%, 141, 0, 0, 177.18, 35183, 26172, 679.30%, 1827, 1739
1705969428, 1, 48, 369, 0, 0, 713.67%, 141, 0, 0, 816.67, 35335, 26265, 679.30%, 1827, 1739
1705969428, 1, 55, 369, 0, 0, 713.67%, 141, 0, 0, 1766.67, 35514, 26616, 679.30%, 1827, 1739
1705969431, 1, 59, 369, 0, 0, 713.67%, 142, 0, 0, 76.98, 35574, 26772, 679.30%, 1827, 1739
1705969431, 1, 60, 369, 0, 0, 713.67%, 142, 0, 0, 833.33, 35577, 27019, 679.30%, 1827, 1739
1705969432, 1, 60, 369, 0, 0, 713.67%, 142, 0, 0, 554.82, 35579, 27184, 679.30%, 1827, 1739
1705969433, 1, 60, 369, 0, 0, 713.67%, 143, 0, 0, 224.55, 35585, 27392, 679.30%, 1827, 1739
1705969433, 1, 61, 369, 0, 0, 713.67%, 143, 0, 0, 876.67, 35801, 27439, 679.30%, 1827, 1739
1705969433, 1, 68, 369, 0, 0, 713.67%, 143, 0, 0, 2320.00, 36207, 27729, 679.30%, 1827, 1739
1705969434, 1, 69, 369, 0, 0, 713.67%, 144, 0, 0, 1079.87, 36395, 27879, 679.30%, 1827, 1739
1705969434, 1, 69, 369, 0, 0, 713.67%, 144, 0, 0, 651.47, 36505, 27969, 679.30%, 1827, 1739
1705969434, 1, 69, 369, 0, 0, 713.67%, 144, 0, 0, 516.67, 36599, 28030, 679.30%, 1827, 1739
1705969434, 1, 69, 369, 0, 0, 713.67%, 144, 0, 0, 816.67, 36743, 28131, 679.30%, 1827, 1739
1705969435, 1, 71, 369, 0, 0, 713.67%, 144, 0, 0, 1040.00, 36790, 28396, 679.30%, 1827, 1739
1705969436, 1, 71, 369, 0, 0, 713.67%, 145, 0, 0, 40.28, 36792, 28446, 679.30%, 1827, 1739
1705969436, 1, 75, 369, 0, 0, 713.67%, 145, 0, 0, 1121.12, 36977, 28622, 679.30%, 1827, 1739
1705969437, 1, 82, 369, 0, 0, 713.67%, 147, 0, 0, 462.61, 37115, 28750, 679.30%, 1827, 1739
1705969437, 1, 83, 369, 0, 0, 713.67%, 148, 0, 0, 1086.67, 37382, 28809, 679.30%, 1827, 1739
1705969438, 1, 91, 369, 0, 0, 713.67%, 148, 0, 0, 1186.67, 37563, 28984, 679.30%, 1827, 1739
1705969438, 1, 95, 369, 0, 0, 713.67%, 148, 0, 0, 1013.33, 37720, 29131, 679.30%, 1827, 1739
1705969439, 1, 95, 369, 0, 0, 713.67%, 149, 0, 0, 38.59, 37743, 29142, 679.30%, 1827, 1739
1705969439, 1, 98, 370, 0, 0, 713.67%, 150, 0, 0, 1330.00, 37979, 29305, 679.30%, 1827, 1739
1705969440, 1, 98, 370, 0, 0, 713.67%, 150, 0, 0, 285.71, 38082, 29434, 679.30%, 1827, 1739
1705969440, 1, 98, 370, 0, 0, 713.67%, 150, 0, 0, 346.77, 38145, 29500, 679.30%, 1827, 1739
1705969441, 1, 99, 370, 0, 0, 713.67%, 150, 0, 0, 1010.00, 38290, 29658, 679.30%, 1827, 1739
1705969441, 1, 101, 370, 0, 0, 713.67%, 150, 0, 0, 722.89, 38472, 29716, 679.30%, 1827, 1739
1705969441, 1, 104, 370, 0, 0, 713.67%, 150, 0, 0, 1186.67, 38740, 29804, 679.30%, 1827, 1739
1705969441, 1, 108, 371, 0, 0, 713.67%, 150, 0, 0, 1313.33, 38974, 29964, 679.69%, 1827, 1740
1705969442, 1, 110, 371, 0, 0, 713.67%, 151, 0, 0, 668.79, 39136, 30012, 679.69%, 1827, 1740
1705969442, 1, 116, 371, 0, 0, 713.67%, 151, 0, 0, 2026.67, 39541, 30215, 679.69%, 1827, 1740
1705969442, 1, 121, 371, 0, 0, 713.67%, 151, 0, 0, 1563.33, 39871, 30354, 679.69%, 1827, 1740
1705969443, 1, 131, 371, 0, 0, 713.67%, 151, 0, 0, 2196.67, 40251, 30633, 679.69%, 1827, 1740
1705969443, 1, 136, 371, 0, 0, 713.67%, 151, 0, 0, 1770.00, 40561, 30854, 679.69%, 1827, 1740
1705969443, 1, 139, 371, 0, 0, 713.67%, 152, 0, 0, 488.51, 40697, 30973, 679.69%, 1827, 1740
1705969444, 1, 141, 371, 0, 0, 713.67%, 152, 0, 0, 700.00, 40824, 31056, 679.69%, 1827, 1740
1705969444, 1, 145, 372, 0, 0, 713.67%, 152, 0, 0, 840.00, 40861, 31271, 679.69%, 1827, 1740
1705969444, 1, 145, 372, 0, 0, 713.67%, 152, 0, 0, 546.67, 40864, 31432, 679.69%, 1827, 1740
1705969445, 1, 148, 372, 0, 0, 713.67%, 152, 0, 0, 946.67, 40965, 31615, 679.69%, 1827, 1740
1705969445, 1, 155, 372, 0, 0, 713.67%, 152, 0, 0, 926.67, 41138, 31720, 679.69%, 1827, 1740
1705969445, 1, 158, 372, 0, 0, 713.67%, 152, 0, 0, 866.67, 41185, 31933, 679.69%, 1827, 1740
1705969446, 1, 159, 372, 0, 0, 713.67%, 152, 0, 0, 674.12, 41229, 32100, 679.69%, 1827, 1740
1705969446, 1, 160, 372, 0, 0, 713.67%, 152, 0, 0, 689.10, 41281, 32263, 679.69%, 1827, 1740
1705969446, 1, 163, 372, 0, 0, 713.67%, 152, 0, 0, 850.00, 41382, 32417, 679.69%, 1827, 1740
1705969447, 1, 165, 372, 0, 0, 713.67%, 153, 0, 0, 106.01, 41417, 32442, 679.69%, 1827, 1740
1705969452, 1, 174, 372, 0, 0, 713.67%, 154, 0, 0, 78.01, 41616, 32650, 679.69%, 1827, 1740
1705969453, 1, 176, 372, 0, 0, 713.67%, 156, 0, 0, 102.06, 41670, 32710, 679.69%, 1827, 1740
1705969454, 1, 176, 372, 0, 0, 713.67%, 157, 0, 0, 302.20, 41716, 32829, 679.69%, 1827, 1740
1705969454, 1, 180, 372, 0, 0, 713.67%, 157, 0, 0, 2066.67, 42070, 33095, 679.69%, 1827, 1740
1705969454, 1, 183, 372, 0, 0, 713.67%, 158, 0, 0, 348.08, 42175, 33171, 679.69%, 1827, 1740
1705969455, 1, 186, 372, 0, 0, 713.67%, 159, 0, 0, 1043.33, 42403, 33256, 679.69%, 1827, 1740
1705969456, 1, 186, 372, 0, 0, 713.67%, 159, 0, 0, 158.30, 42467, 33315, 679.69%, 1827, 1740
1705969456, 1, 186, 372, 0, 0, 713.67%, 159, 0, 0, 520.00, 42562, 33376, 679.69%, 1827, 1740
1705969456, 1, 186, 372, 0, 0, 713.67%, 159, 0, 0, 428.57, 42641, 33426, 679.69%, 1827, 1740
1705969456, 1, 186, 372, 0, 0, 713.67%, 159, 0, 0, 541.53, 42744, 33486, 679.69%, 1827, 1740
1705969457, 1, 186, 372, 0, 0, 713.67%, 159, 0, 0, 495.15, 42831, 33552, 679.69%, 1827, 1740
1705969457, 1, 196, 372, 0, 0, 713.67%, 159, 0, 0, 666.67, 42924, 33659, 679.69%, 1827, 1740
1705969460, 1, 197, 373, 0, 0, 714.45%, 159, 0, 0, 50.33, 43019, 33709, 679.69%, 1829, 1740
1705969460, 1, 201, 373, 0, 0, 714.45%, 159, 0, 0, 1643.33, 43347, 33874, 679.69%, 1829, 1740
1705969461, 1, 202, 373, 0, 0, 714.45%, 159, 0, 0, 1100.00, 43556, 33995, 679.69%, 1829, 1740
1705969461, 1, 204, 373, 0, 0, 714.45%, 161, 0, 0, 635.00, 43668, 34137, 679.69%, 1829, 1740
1705969461, 1, 204, 373, 0, 0, 714.45%, 161, 0, 0, 351.79, 43688, 34225, 679.69%, 1829, 1740
1705969462, 1, 204, 373, 0, 0, 714.45%, 161, 0, 0, 523.33, 43712, 34358, 679.69%, 1829, 1740
1705969462, 1, 206, 373, 0, 0, 714.45%, 161, 0, 0, 165.06, 43740, 34433, 679.69%, 1829, 1740
1705969465, 1, 206, 374, 0, 0, 714.45%, 161, 0, 0, 5.68, 43746, 34445, 679.69%, 1829, 1740
1705969467, 1, 207, 374, 0, 0, 714.45%, 162, 0, 0, 9.17, 43750, 34459, 679.69%, 1829, 1740
1705969468, 1, 212, 375, 0, 0, 714.45%, 162, 0, 0, 259.55, 43823, 34617, 679.69%, 1829, 1740
1705969469, 1, 212, 375, 0, 0, 714.45%, 162, 0, 0, 2.65, 43823, 34618, 679.69%, 1829, 1740
1705969469, 1, 212, 375, 0, 0, 714.45%, 162, 0, 0, 408.10, 43845, 34727, 679.69%, 1829, 1740
1705969469, 1, 214, 376, 0, 0, 714.45%, 162, 0, 0, 750.00, 43893, 34904, 679.69%, 1829, 1740
1705969470, 1, 214, 376, 0, 0, 714.45%, 162, 0, 0, 893.33, 44044, 35021, 679.69%, 1829, 1740
1705969470, 1, 214, 376, 0, 0, 714.45%, 162, 0, 0, 1240.00, 44250, 35187, 679.69%, 1829, 1740
1705969471, 1, 216, 376, 0, 0, 714.45%, 162, 0, 0, 102.12, 44297, 35222, 679.69%, 1829, 1740
1705969471, 1, 217, 376, 0, 0, 714.45%, 162, 0, 0, 292.45, 44372, 35271, 679.69%, 1829, 1740
1705969471, 1, 225, 376, 0, 0, 714.45%, 162, 0, 0, 1543.33, 44616, 35490, 679.69%, 1829, 1740
1705969472, 1, 225, 377, 0, 0, 714.45%, 162, 0, 0, 340.88, 44656, 35706, 681.25%, 1829, 1744
1705969472, 1, 229, 377, 0, 0, 714.45%, 162, 0, 0, 1496.67, 44932, 35879, 681.25%, 1829, 1744
1705969473, 1, 229, 377, 0, 0, 714.45%, 162, 0, 0, 1089.70, 45117, 36022, 681.25%, 1829, 1744
1705969473, 1, 229, 377, 0, 0, 714.45%, 162, 0, 0, 1093.33, 45298, 36169, 681.25%, 1829, 1744
1705969473, 1, 237, 377, 0, 0, 714.45%, 162, 0, 0, 830.00, 45360, 36356, 681.25%, 1829, 1744
1705969474, 1, 237, 377, 0, 0, 714.45%, 162, 0, 0, 571.88, 45366, 36529, 681.25%, 1829, 1744
1705969474, 1, 238, 377, 0, 0, 714.45%, 163, 0, 0, 357.62, 45371, 36632, 681.25%, 1829, 1744
1705969474, 1, 238, 377, 0, 0, 714.45%, 163, 0, 0, 221.31, 45372, 36712, 681.25%, 1829, 1744
1705969475, 1, 238, 377, 0, 0, 714.45%, 163, 0, 0, 667.77, 45379, 36906, 681.25%, 1829, 1744
1705969475, 1, 241, 377, 0, 0, 714.45%, 163, 0, 0, 873.33, 45459, 37088, 681.25%, 1829, 1744
1705969475, 1, 243, 377, 0, 0, 714.45%, 163, 0, 0, 1516.67, 45648, 37354, 681.25%, 1829, 1744
1705969475, 1, 246, 377, 0, 0, 714.45%, 163, 0, 0, 850.00, 45733, 37524, 681.25%, 1829, 1744
1705969477, 1, 246, 378, 0, 0, 714.45%, 163, 0, 0, 35.06, 45735, 37574, 681.25%, 1829, 1744
1705969477, 1, 246, 378, 0, 0, 714.45%, 163, 0, 0, 670.00, 45740, 37770, 681.25%, 1829, 1744
1705969478, 1, 246, 378, 0, 0, 714.45%, 163, 0, 0, 350.00, 45742, 37873, 681.25%, 1829, 1744
1705969478, 1, 250, 378, 0, 0, 714.45%, 163, 0, 0, 2018.40, 46181, 38092, 681.25%, 1829, 1744
1705969478, 1, 252, 378, 0, 0, 714.45%, 164, 0, 0, 663.33, 46305, 38167, 681.25%, 1829, 1744
1705969478, 1, 256, 378, 0, 0, 714.45%, 164, 0, 0, 1373.33, 46567, 38317, 681.25%, 1829, 1744
1705969480, 1, 258, 378, 0, 0, 714.45%, 164, 0, 0, 217.31, 46825, 38393, 681.25%, 1829, 1744
1705969480, 1, 263, 378, 0, 0, 714.45%, 164, 0, 0, 1666.67, 47198, 38520, 681.25%, 1829, 1744
1705969481, 1, 266, 378, 0, 0, 714.45%, 164, 0, 0, 1812.50, 47645, 38624, 681.25%, 1829, 1744
1705969481, 1, 268, 378, 0, 0, 714.45%, 164, 0, 0, 663.33, 47744, 38724, 681.25%, 1829, 1744
1705969481, 1, 268, 378, 0, 0, 714.45%, 164, 0, 0, 773.33, 47826, 38874, 681.25%, 1829, 1744
1705969482, 1, 268, 378, 0, 0, 714.45%, 164, 0, 0, 411.96, 47883, 38941, 681.25%, 1829, 1744
1705969482, 1, 268, 378, 0, 0, 714.45%, 164, 0, 0, 564.78, 47971, 39023, 681.25%, 1829, 1744
1705969482, 1, 268, 378, 0, 0, 714.45%, 164, 0, 0, 521.45, 48039, 39113, 681.25%, 1829, 1744
1705969483, 1, 271, 378, 0, 0, 714.45%, 165, 0, 0, 71.69, 48050, 39160, 681.25%, 1829, 1744
1705969483, 1, 274, 378, 0, 0, 714.45%, 166, 0, 0, 414.01, 48129, 39211, 681.25%, 1829, 1744
1705969484, 1, 275, 378, 0, 0, 714.45%, 166, 0, 0, 526.49, 48199, 39300, 681.25%, 1829, 1744
1705969484, 1, 275, 378, 0, 0, 714.45%, 166, 0, 0, 636.67, 48288, 39402, 681.25%, 1829, 1744
1705969486, 1, 275, 378, 0, 0, 714.45%, 167, 0, 0, 25.29, 48315, 39431, 681.25%, 1829, 1744
1705969486, 1, 275, 378, 0, 0, 714.45%, 167, 0, 0, 330.00, 48361, 39484, 681.25%, 1829, 1744
1705969489, 1, 275, 379, 0, 0, 714.45%, 167, 0, 0, 0.40, 48362, 39484, 681.25%, 1829, 1744
1705969489, 1, 275, 379, 0, 0, 714.45%, 167, 0, 0, 504.98, 48437, 39561, 681.25%, 1829, 1744
1705969489, 1, 275, 379, 0, 0, 714.45%, 167, 0, 0, 199.34, 48465, 39593, 681.25%, 1829, 1744
1705969490, 1, 275, 379, 0, 0, 714.45%, 167, 0, 0, 376.24, 48516, 39656, 681.25%, 1829, 1744
1705969490, 1, 278, 379, 0, 0, 714.45%, 167, 0, 0, 807.31, 48668, 39747, 681.25%, 1829, 1744
1705969490, 1, 280, 379, 0, 0, 714.45%, 167, 0, 0, 421.93, 48759, 39783, 681.25%, 1829, 1744
1705969491, 1, 282, 379, 0, 0, 714.45%, 167, 0, 0, 450.33, 48846, 39832, 681.25%, 1829, 1744
1705969491, 1, 282, 379, 0, 0, 714.45%, 167, 0, 0, 431.89, 48918, 39890, 681.25%, 1829, 1744
1705969491, 1, 282, 379, 0, 0, 714.45%, 167, 0, 0, 125.56, 48953, 39911, 681.25%, 1829, 1744
1705969492, 1, 282, 379, 0, 0, 714.45%, 167, 0, 0, 163.33, 48980, 39933, 681.25%, 1829, 1744
1705969492, 1, 282, 379, 0, 0, 714.45%, 167, 0, 0, 383.18, 49057, 39979, 681.25%, 1829, 1744
1705969492, 1, 282, 379, 0, 0, 714.45%, 167, 0, 0, 226.01, 49107, 40002, 681.25%, 1829, 1744
1705969493, 1, 282, 379, 0, 0, 714.45%, 167, 0, 0, 500.00, 49190, 40069, 681.25%, 1829, 1744
1705969493, 1, 282, 380, 0, 0, 714.45%, 167, 0, 0, 325.78, 49257, 40117, 681.25%, 1829, 1744
1705969493, 1, 284, 380, 0, 0, 714.45%, 167, 0, 0, 411.58, 49340, 40162, 681.25%, 1829, 1744
1705969494, 1, 284, 380, 0, 0, 714.45%, 167, 0, 0, 470.00, 49432, 40211, 681.25%, 1829, 1744
1705969494, 1, 284, 380, 0, 0, 714.45%, 167, 0, 0, 533.33, 49531, 40272, 681.25%, 1829, 1744
1705969494, 1, 284, 380, 0, 0, 714.45%, 167, 0, 0, 581.40, 49636, 40342, 681.25%, 1829, 1744
1705969495, 1, 284, 380, 0, 0, 714.45%, 167, 0, 0, 562.91, 49739, 40409, 681.25%, 1829, 1744
1705969495, 1, 286, 380, 0, 0, 714.45%, 167, 0, 0, 617.94, 49854, 40480, 681.25%, 1829, 1744
1705969495, 1, 288, 380, 0, 0, 714.45%, 167, 0, 0, 647.84, 49977, 40552, 681.25%, 1829, 1744
1705969495, 1, 288, 380, 0, 0, 714.45%, 167, 0, 0, 503.33, 50073, 40607, 681.25%, 1829, 1744
1705969496, 1, 288, 380, 0, 0, 714.45%, 167, 0, 0, 491.69, 50175, 40653, 681.25%, 1829, 1744
1705969496, 1, 288, 380, 0, 0, 714.45%, 167, 0, 0, 412.12, 50260, 40704, 681.25%, 1829, 1744
1705969496, 1, 288, 380, 0, 0, 714.45%, 167, 0, 0, 364.49, 50328, 40753, 681.25%, 1829, 1744
1705969497, 1, 288, 380, 0, 0, 714.45%, 167, 0, 0, 317.71, 50404, 40799, 681.25%, 1829, 1744
1705969497, 1, 291, 381, 0, 0, 714.45%, 167, 0, 0, 863.33, 50577, 40885, 681.25%, 1829, 1744
1705969497, 1, 292, 381, 0, 0, 714.45%, 167, 0, 0, 600.60, 50714, 40948, 681.25%, 1829, 1744
1705969498, 1, 293, 381, 0, 0, 714.45%, 167, 0, 0, 113.33, 50733, 40963, 681.25%, 1829, 1744
1705969498, 1, 293, 381, 0, 0, 714.45%, 168, 0, 0, 128.04, 50761, 40993, 681.25%, 1829, 1744
1705969499, 1, 293, 381, 0, 0, 714.45%, 168, 0, 0, 238.85, 50806, 41039, 681.25%, 1829, 1744
1705969499, 1, 293, 381, 0, 0, 714.45%, 168, 0, 0, 411.96, 50869, 41100, 681.25%, 1829, 1744
1705969499, 1, 293, 381, 0, 0, 714.45%, 169, 0, 0, 427.65, 50973, 41194, 681.25%, 1829, 1744
1705969500, 1, 293, 381, 0, 0, 714.45%, 170, 0, 0, 441.86, 51035, 41265, 681.25%, 1829, 1744
1705969500, 1, 293, 381, 0, 0, 714.45%, 170, 0, 0, 544.85, 51116, 41348, 681.25%, 1829, 1744
1705969500, 1, 295, 381, 0, 0, 714.45%, 170, 0, 0, 402.64, 51180, 41406, 681.25%, 1829, 1744
1705969500, 1, 299, 381, 0, 0, 714.45%, 170, 0, 0, 403.33, 51230, 41477, 681.25%, 1829, 1744
1705969501, 1, 303, 381, 0, 0, 714.45%, 170, 0, 0, 266.67, 51234, 41553, 681.25%, 1829, 1744
1705969501, 1, 307, 381, 0, 0, 714.45%, 170, 0, 0, 688.73, 51422, 41646, 681.25%, 1829, 1744
1705969502, 1, 308, 382, 0, 0, 714.45%, 170, 0, 0, 240.38, 51597, 41696, 681.25%, 1829, 1744
1705969502, 1, 308, 382, 0, 0, 714.45%, 170, 0, 0, 11.83, 51599, 41698, 681.25%, 1829, 1744
1705969503, 1, 310, 382, 0, 0, 714.45%, 171, 0, 0, 79.67, 51628, 41747, 681.25%, 1829, 1744
1705969504, 1, 310, 382, 0, 0, 714.45%, 172, 0, 0, 497.14, 51679, 41870, 681.25%, 1829, 1744
1705969504, 1, 310, 382, 0, 0, 714.45%, 172, 0, 0, 644.52, 51744, 41999, 681.25%, 1829, 1744
1705969504, 1, 310, 382, 0, 0, 714.45%, 172, 0, 0, 563.33, 51803, 42109, 681.25%, 1829, 1744
1705969505, 1, 310, 383, 0, 0, 714.45%, 172, 0, 0, 148.65, 51827, 42151, 681.25%, 1829, 1744
1705969505, 1, 311, 383, 0, 0, 714.45%, 172, 0, 0, 556.29, 51894, 42252, 681.25%, 1829, 1744
1705969505, 1, 314, 383, 0, 0, 714.45%, 173, 0, 0, 503.33, 51958, 42339, 681.25%, 1829, 1744
1705969506, 1, 317, 384, 0, 0, 714.45%, 173, 0, 0, 162.52, 52000, 42408, 681.25%, 1829, 1744
1705969506, 1, 322, 384, 0, 0, 714.45%, 173, 0, 0, 585.76, 52084, 42505, 681.25%, 1829, 1744
1705969507, 1, 324, 384, 0, 0, 714.45%, 173, 0, 0, 240.13, 52119, 42543, 681.25%, 1829, 1744
1705969507, 1, 328, 385, 0, 0, 714.45%, 173, 0, 0, 490.00, 52185, 42624, 681.25%, 1829, 1744
1705969507, 1, 329, 385, 0, 0, 714.45%, 174, 0, 0, 74.18, 52194, 42640, 681.25%, 1829, 1744
1705969508, 1, 332, 385, 0, 0, 714.45%, 174, 0, 0, 302.33, 52235, 42690, 681.25%, 1829, 1744
1705969508, 1, 333, 385, 0, 0, 714.45%, 174, 0, 0, 519.61, 52335, 42749, 681.25%, 1829, 1744
1705969508, 1, 336, 385, 0, 0, 714.45%, 174, 0, 0, 973.42, 52527, 42850, 681.25%, 1829, 1744
1705969509, 1, 339, 385, 0, 0, 714.45%, 175, 0, 0, 132.99, 52553, 42901, 681.25%, 1829, 1744
1705969509, 1, 339, 385, 0, 0, 714.45%, 175, 0, 0, 536.67, 52606, 43009, 681.25%, 1829, 1744
1705969509, 1, 339, 385, 0, 0, 714.45%, 175, 0, 0, 346.67, 52641, 43078, 681.25%, 1829, 1744
1705969510, 1, 339, 385, 0, 0, 714.45%, 175, 0, 0, 536.81, 52706, 43188, 681.25%, 1829, 1744
1705969510, 1, 339, 385, 0, 0, 714.45%, 175, 0, 0, 283.07, 52747, 43254, 681.25%, 1829, 1744
1705969510, 1, 339, 385, 0, 0, 714.45%, 175, 0, 0, 726.67, 52817, 43402, 681.25%, 1829, 1744
1705969513, 1, 343, 386, 0, 0, 714.45%, 175, 0, 0, 68.21, 52900, 43510, 681.25%, 1829, 1744
1705969514, 1, 345, 386, 0, 0, 714.45%, 176, 0, 0, 152.38, 52954, 43552, 681.25%, 1829, 1744
1705969515, 1, 347, 386, 0, 0, 714.45%, 176, 0, 0, 178.26, 53015, 43632, 681.25%, 1829, 1744
1705969515, 1, 347, 386, 0, 0, 714.45%, 176, 0, 0, 906.67, 53140, 43779, 681.25%, 1829, 1744
1705969515, 1, 347, 386, 0, 0, 714.45%, 176, 0, 0, 963.33, 53280, 43928, 681.25%, 1829, 1744
1705969516, 1, 349, 386, 0, 0, 714.45%, 176, 0, 0, 803.99, 53366, 44084, 681.25%, 1829, 1744
1705969516, 1, 352, 386, 0, 0, 714.45%, 176, 0, 0, 806.67, 53466, 44226, 681.25%, 1829, 1744
1705969516, 1, 352, 386, 0, 0, 714.45%, 176, 0, 0, 856.67, 53567, 44382, 681.25%, 1829, 1744
1705969516, 1, 352, 386, 0, 0, 714.45%, 176, 0, 0, 803.33, 53682, 44508, 681.25%, 1829, 1744
1705969518, 1, 353, 387, 0, 0, 714.45%, 176, 0, 0, 122.76, 53761, 44621, 681.25%, 1829, 1744
1705969518, 1, 359, 387, 0, 0, 714.45%, 176, 0, 0, 816.67, 53863, 44764, 681.25%, 1829, 1744
1705969519, 1, 360, 387, 0, 0, 714.45%, 176, 0, 0, 101.94, 53896, 44815, 681.25%, 1829, 1744
1705969520, 1, 360, 388, 0, 0, 714.45%, 176, 0, 0, 193.33, 53950, 44964, 681.25%, 1829, 1744
1705969522, 1, 360, 388, 0, 0, 714.45%, 176, 0, 0, 14.35, 53958, 44980, 681.25%, 1829, 1744
1705969532, 1, 360, 388, 0, 0, 714.45%, 176, 0, 0, 2.08, 53963, 44997, 681.25%, 1829, 1744
1705969539, 1, 360, 388, 0, 0, 714.45%, 176, 0, 0, 0.15, 53964, 44997, 681.25%, 1829, 1744
1705969541, 1, 360, 388, 0, 0, 714.45%, 176, 0, 0, 0.62, 53965, 44997, 681.25%, 1829, 1744
1705969543, 1, 360, 388, 0, 0, 714.45%, 176, 0, 0, 0.47, 53966, 44997, 681.25%, 1829, 1744
1705969543, 1, 360, 388, 0, 0, 714.45%, 176, 0, 0, 554.46, 54022, 45109, 681.25%, 1829, 1744
1705969544, 1, 360, 388, 0, 0, 714.45%, 176, 0, 0, 473.33, 54075, 45198, 681.25%, 1829, 1744
1705969544, 1, 360, 388, 0, 0, 714.45%, 177, 0, 0, 338.82, 54115, 45261, 681.25%, 1829, 1744
1705969544, 1, 361, 388, 0, 0, 714.45%, 177, 0, 0, 453.64, 54169, 45344, 681.25%, 1829, 1744
1705969544, 1, 361, 388, 0, 0, 714.45%, 177, 0, 0, 3.28, 54169, 45345, 681.25%, 1829, 1744
1705969547, 1, 364, 389, 0, 0, 714.45%, 177, 0, 0, 48.16, 54232, 45388, 683.59%, 1829, 1750
1705969547, 1, 364, 389, 0, 0, 714.45%, 177, 0, 0, 20.59, 54238, 45389, 683.59%, 1829, 1750
1705969547, 1, 364, 389, 0, 0, 714.45%, 177, 0, 0, 933.33, 54391, 45516, 683.59%, 1829, 1750
1705969548, 1, 364, 389, 0, 0, 714.45%, 177, 0, 0, 800.00, 54516, 45631, 683.59%, 1829, 1750
1705969548, 1, 367, 389, 0, 0, 714.45%, 177, 0, 0, 1353.33, 54772, 45781, 683.59%, 1829, 1750
1705969549, 1, 372, 389, 0, 0, 714.45%, 178, 0, 0, 310.05, 55069, 45950, 683.59%, 1829, 1750
1705969550, 1, 373, 389, 0, 0, 714.45%, 179, 0, 0, 284.97, 55133, 45996, 683.59%, 1829, 1750
1705969550, 1, 374, 389, 0, 0, 714.45%, 180, 0, 0, 213.33, 55158, 46035, 683.59%, 1829, 1750
1705969550, 1, 376, 389, 0, 0, 714.45%, 181, 0, 0, 522.73, 55226, 46128, 683.59%, 1829, 1750
1705969551, 1, 376, 389, 0, 0, 714.45%, 181, 0, 0, 576.67, 55308, 46219, 683.59%, 1829, 1750
1705969551, 1, 376, 389, 0, 0, 714.45%, 181, 0, 0, 663.33, 55402, 46324, 683.59%, 1829, 1750
1705969551, 1, 376, 389, 0, 0, 714.45%, 181, 0, 0, 513.33, 55462, 46418, 683.59%, 1829, 1750
1705969552, 1, 378, 389, 0, 0, 714.45%, 181, 0, 0, 604.65, 55533, 46529, 683.59%, 1829, 1750
1705969552, 1, 382, 389, 0, 0, 714.45%, 181, 0, 0, 344.65, 55604, 46590, 683.59%, 1829, 1750
1705969552, 1, 382, 389, 0, 0, 714.45%, 181, 0, 0, 21.88, 55606, 46595, 683.59%, 1829, 1750
1705969553, 1, 387, 389, 0, 0, 714.45%, 181, 0, 0, 611.30, 55677, 46708, 683.59%, 1829, 1750
1705969553, 1, 388, 390, 0, 0, 714.84%, 181, 0, 0, 790.00, 55799, 46823, 683.98%, 1830, 1751
1705969553, 1, 388, 390, 0, 0, 714.84%, 181, 0, 0, 716.67, 55915, 46922, 683.98%, 1830, 1751
1705969554, 1, 388, 390, 0, 0, 714.84%, 181, 0, 0, 648.57, 56045, 47019, 683.98%, 1830, 1751
1705969554, 1, 389, 390, 0, 0, 714.84%, 182, 0, 0, 691.80, 56136, 47139, 683.98%, 1830, 1751
1705969554, 1, 389, 390, 0, 0, 714.84%, 182, 0, 0, 546.36, 56194, 47246, 683.98%, 1830, 1751
1705969554, 1, 389, 390, 0, 0, 714.84%, 182, 0, 0, 646.67, 56263, 47371, 683.98%, 1830, 1751
1705969555, 1, 389, 391, 0, 0, 714.84%, 182, 0, 0, 146.26, 56289, 47431, 683.98%, 1830, 1751
1705969555, 1, 389, 391, 0, 0, 714.84%, 182, 0, 0, 611.30, 56336, 47568, 683.98%, 1830, 1751
1705969556, 1, 389, 391, 0, 0, 714.84%, 182, 0, 0, 470.00, 56395, 47650, 683.98%, 1830, 1751
1705969556, 2, 0, 391, 0, 0, 714.84%, 182, 0, 0, 666.67, 56552, 47693, 683.98%, 1830, 1751
1705969556, 2, 2, 391, 0, 0, 714.84%, 183, 0, 0, 1646.67, 56942, 47797, 683.98%, 1830, 1751
1705969557, 2, 4, 391, 0, 0, 714.84%, 183, 0, 0, 2190.00, 57491, 47905, 683.98%, 1830, 1751
1705969557, 2, 6, 391, 0, 0, 714.84%, 183, 0, 0, 1950.00, 57985, 47996, 683.98%, 1830, 1751
1705969557, 2, 7, 391, 0, 0, 714.84%, 183, 0, 0, 950.00, 58181, 48085, 683.98%, 1830, 1751
1705969557, 2, 8, 391, 0, 0, 714.84%, 183, 0, 0, 1176.67, 58305, 48314, 683.98%, 1830, 1751
1705969558, 2, 9, 391, 0, 0, 714.84%, 183, 0, 0, 1346.67, 58643, 48380, 683.98%, 1830, 1751
1705969558, 2, 10, 391, 0, 0, 714.84%, 183, 0, 0, 1533.33, 59018, 48465, 683.98%, 1830, 1751
1705969558, 2, 14, 391, 0, 0, 714.84%, 183, 0, 0, 2560.00, 59660, 48591, 683.98%, 1830, 1751
1705969559, 2, 16, 391, 0, 0, 714.84%, 183, 0, 0, 1166.67, 59908, 48693, 683.98%, 1830, 1751
1705969559, 2, 19, 391, 0, 0, 714.84%, 183, 0, 0, 2103.33, 60403, 48829, 683.98%, 1830, 1751
1705969559, 2, 20, 391, 0, 0, 714.84%, 183, 0, 0, 1190.00, 60662, 48927, 683.98%, 1830, 1751
1705969560, 2, 21, 391, 0, 0, 714.84%, 183, 0, 0, 633.33, 60752, 49027, 683.98%, 1830, 1751
1705969560, 2, 21, 391, 0, 0, 714.84%, 184, 0, 0, 427.15, 60819, 49089, 683.98%, 1830, 1751
1705969561, 2, 21, 391, 0, 0, 714.84%, 185, 0, 0, 68.69, 60838, 49122, 683.98%, 1830, 1751
1705969561, 2, 21, 391, 0, 0, 714.84%, 185, 0, 0, 775.58, 60954, 49241, 683.98%, 1830, 1751
1705969562, 2, 21, 391, 0, 0, 714.84%, 186, 0, 0, 89.03, 60983, 49281, 683.98%, 1830, 1751
1705969562, 2, 21, 391, 0, 0, 714.84%, 187, 0, 0, 127.54, 61005, 49303, 683.98%, 1830, 1751
1705969562, 2, 24, 391, 0, 0, 714.84%, 187, 0, 0, 1506.67, 61334, 49426, 683.98%, 1830, 1751
1705969563, 2, 25, 391, 0, 0, 714.84%, 187, 0, 0, 1566.46, 61732, 49523, 683.98%, 1830, 1751
1705969563, 2, 27, 392, 0, 0, 714.84%, 188, 0, 0, 226.33, 61876, 49575, 683.98%, 1830, 1751
1705969564, 2, 27, 392, 0, 0, 714.84%, 188, 0, 0, 703.33, 61984, 49678, 683.98%, 1830, 1751
1705969564, 2, 27, 392, 0, 0, 714.84%, 188, 0, 0, 892.51, 62118, 49818, 683.98%, 1830, 1751
1705969564, 2, 29, 392, 0, 0, 714.84%, 188, 0, 0, 863.33, 62285, 49910, 683.98%, 1830, 1751
1705969565, 2, 36, 392, 0, 0, 714.84%, 188, 0, 0, 2156.67, 62808, 50034, 683.98%, 1830, 1751
1705969565, 2, 39, 392, 0, 0, 714.84%, 188, 0, 0, 1380.00, 63128, 50128, 683.98%, 1830, 1751
1705969565, 2, 39, 392, 0, 0, 714.84%, 188, 0, 0, 810.00, 63254, 50245, 683.98%, 1830, 1751
1705969566, 2, 39, 392, 0, 0, 714.84%, 188, 0, 0, 851.96, 63381, 50400, 683.98%, 1830, 1751
1705969566, 2, 43, 392, 0, 0, 714.84%, 188, 0, 0, 1103.33, 63559, 50553, 683.98%, 1830, 1751
1705969566, 2, 43, 392, 0, 0, 714.84%, 188, 0, 0, 660.00, 63590, 50720, 683.98%, 1830, 1751
1705969567, 2, 48, 392, 0, 0, 714.84%, 188, 0, 0, 1916.67, 63926, 50959, 683.98%, 1830, 1751
1705969567, 2, 48, 392, 0, 0, 714.84%, 188, 0, 0, 703.33, 64060, 51036, 683.98%, 1830, 1751
1705969567, 2, 48, 392, 0, 0, 714.84%, 188, 0, 0, 632.72, 64173, 51128, 683.98%, 1830, 1751
1705969567, 2, 48, 392, 0, 0, 714.84%, 189, 0, 0, 776.67, 64322, 51212, 683.98%, 1830, 1751
1705969568, 2, 54, 392, 0, 0, 714.84%, 189, 0, 0, 1263.33, 64563, 51350, 683.98%, 1830, 1751
1705969568, 2, 58, 393, 0, 0, 714.84%, 189, 0, 0, 1256.67, 64653, 51637, 683.98%, 1830, 1751
1705969568, 2, 59, 393, 0, 0, 714.84%, 189, 0, 0, 917.49, 64677, 51891, 683.98%, 1830, 1751
1705969569, 2, 60, 394, 0, 0, 714.84%, 189, 0, 0, 923.33, 64681, 52164, 683.98%, 1830, 1751
1705969569, 2, 60, 394, 0, 0, 714.84%, 189, 0, 0, 565.36, 64684, 52334, 683.98%, 1830, 1751
1705969569, 2, 63, 394, 0, 0, 714.84%, 189, 0, 0, 1242.52, 64954, 52438, 683.98%, 1830, 1751
1705969570, 2, 65, 394, 0, 0, 714.84%, 189, 0, 0, 705.30, 65095, 52510, 683.98%, 1830, 1751
1705969570, 2, 67, 394, 0, 0, 714.84%, 189, 0, 0, 926.67, 65238, 52645, 683.98%, 1830, 1751
1705969570, 2, 69, 394, 0, 0, 714.84%, 189, 0, 0, 1113.33, 65400, 52817, 683.98%, 1830, 1751
1705969570, 2, 69, 394, 0, 0, 714.84%, 189, 0, 0, 1263.33, 65622, 52974, 683.98%, 1830, 1751
1705969571, 2, 69, 394, 0, 0, 714.84%, 189, 0, 0, 927.87, 65789, 53090, 683.98%, 1830, 1751
1705969571, 2, 71, 394, 0, 0, 714.84%, 189, 0, 0, 577.56, 65864, 53190, 683.98%, 1830, 1751
1705969571, 2, 71, 394, 0, 0, 714.84%, 189, 0, 0, 670.00, 65871, 53384, 683.98%, 1830, 1751
1705969572, 2, 71, 394, 0, 0, 714.84%, 189, 0, 0, 9.03, 65871, 53388, 683.98%, 1830, 1751
1705969572, 2, 72, 394, 0, 0, 714.84%, 189, 0, 0, 336.63, 65894, 53569, 683.98%, 1830, 1751
1705969573, 2, 82, 394, 0, 0, 714.84%, 189, 0, 0, 1233.77, 66115, 53728, 683.98%, 1830, 1751
1705969573, 2, 84, 394, 0, 0, 714.84%, 190, 0, 0, 1723.33, 66482, 53878, 683.98%, 1830, 1751
1705969573, 2, 92, 394, 0, 0, 714.84%, 190, 0, 0, 987.69, 66624, 54057, 683.98%, 1830, 1751
1705969574, 2, 97, 394, 0, 0, 714.84%, 190, 0, 0, 1488.75, 66913, 54231, 683.98%, 1830, 1751
1705969574, 2, 97, 394, 0, 0, 714.84%, 190, 0, 0, 224.42, 66943, 54269, 683.98%, 1830, 1751
1705969575, 2, 97, 394, 0, 0, 714.84%, 190, 0, 0, 65.93, 66980, 54292, 683.98%, 1830, 1751
1705969576, 2, 98, 394, 0, 0, 714.84%, 190, 0, 0, 137.85, 67031, 54359, 683.98%, 1830, 1751
1705969576, 2, 98, 394, 0, 0, 714.84%, 190, 0, 0, 1126.67, 67192, 54536, 683.98%, 1830, 1751
1705969576, 2, 98, 394, 0, 0, 714.84%, 191, 0, 0, 682.12, 67301, 54633, 683.98%, 1830, 1751
1705969577, 2, 101, 394, 0, 0, 714.84%, 191, 0, 0, 1218.24, 67560, 54748, 683.98%, 1830, 1751
1705969577, 2, 106, 394, 0, 0, 714.84%, 191, 0, 0, 1583.33, 67886, 54897, 683.98%, 1830, 1751
1705969577, 2, 110, 394, 0, 0, 714.84%, 191, 0, 0, 1509.09, 68248, 55033, 683.98%, 1830, 1751
1705969578, 2, 116, 394, 0, 0, 714.84%, 191, 0, 0, 1873.33, 68608, 55235, 683.98%, 1830, 1751
1705969578, 2, 122, 394, 0, 0, 714.84%, 191, 0, 0, 1563.33, 68952, 55360, 683.98%, 1830, 1751
1705969578, 2, 126, 394, 0, 0, 714.84%, 191, 0, 0, 435.90, 69033, 55432, 683.98%, 1830, 1751
1705969579, 2, 131, 394, 0, 0, 714.84%, 191, 0, 0, 1626.67, 69342, 55611, 683.98%, 1830, 1751
1705969579, 2, 134, 395, 0, 0, 716.02%, 191, 0, 0, 1528.24, 69633, 55780, 683.98%, 1833, 1751
1705969579, 2, 138, 395, 0, 0, 716.02%, 191, 0, 0, 909.09, 69794, 55899, 683.98%, 1833, 1751
1705969579, 2, 143, 395, 0, 0, 716.02%, 191, 0, 0, 843.20, 69963, 56015, 683.98%, 1833, 1751
1705969580, 2, 145, 395, 0, 0, 716.02%, 191, 0, 0, 710.96, 69976, 56216, 683.98%, 1833, 1751
1705969580, 2, 145, 395, 0, 0, 716.02%, 191, 0, 0, 626.67, 69981, 56399, 683.98%, 1833, 1751
1705969580, 2, 150, 395, 0, 0, 716.02%, 191, 0, 0, 903.13, 70131, 56566, 683.98%, 1833, 1751
1705969581, 2, 154, 395, 0, 0, 716.02%, 191, 0, 0, 566.67, 70228, 56639, 683.98%, 1833, 1751
1705969581, 2, 158, 395, 0, 0, 716.02%, 191, 0, 0, 610.47, 70299, 56883, 683.98%, 1833, 1751
1705969582, 2, 159, 395, 0, 0, 716.02%, 191, 0, 0, 563.33, 70330, 57021, 683.98%, 1833, 1751
1705969582, 2, 160, 395, 0, 0, 716.02%, 191, 0, 0, 455.09, 70376, 57127, 683.98%, 1833, 1751
1705969582, 2, 162, 395, 0, 0, 716.02%, 191, 0, 0, 1000.00, 70486, 57317, 683.98%, 1833, 1751
1705969582, 2, 170, 395, 0, 0, 716.02%, 191, 0, 0, 860.00, 70601, 57460, 683.98%, 1833, 1751
1705969583, 2, 176, 395, 0, 0, 716.02%, 192, 0, 0, 806.98, 70768, 57640, 683.98%, 1833, 1751
1705969583, 2, 177, 395, 0, 0, 716.02%, 192, 0, 0, 986.67, 70860, 57844, 683.98%, 1833, 1751
1705969584, 2, 177, 395, 0, 0, 716.02%, 192, 0, 0, 2.50, 70861, 57844, 683.98%, 1833, 1751
1705969588, 2, 178, 395, 0, 0, 716.02%, 193, 0, 0, 42.59, 70972, 57907, 683.98%, 1833, 1751
1705969588, 2, 180, 395, 0, 0, 716.02%, 193, 0, 0, 614.42, 71232, 58039, 683.98%, 1833, 1751
1705969589, 2, 183, 395, 0, 0, 716.02%, 193, 0, 0, 212.62, 71266, 58069, 683.98%, 1833, 1751
1705969589, 2, 186, 395, 0, 0, 716.02%, 193, 0, 0, 446.22, 71494, 58148, 683.98%, 1833, 1751
1705969592, 2, 186, 395, 0, 0, 716.02%, 193, 0, 0, 4.37, 71504, 58150, 683.98%, 1833, 1751
1705969593, 2, 186, 395, 0, 0, 716.02%, 193, 0, 0, 3.42, 71506, 58150, 683.98%, 1833, 1751
1705969593, 2, 186, 395, 0, 0, 716.02%, 193, 0, 0, 623.33, 71632, 58211, 683.98%, 1833, 1751
1705969593, 2, 186, 395, 0, 0, 716.02%, 193, 0, 0, 676.67, 71752, 58294, 683.98%, 1833, 1751
1705969594, 2, 186, 395, 0, 0, 716.02%, 193, 0, 0, 647.84, 71874, 58367, 683.98%, 1833, 1751
1705969594, 2, 194, 395, 0, 0, 716.02%, 193, 0, 0, 970.00, 72024, 58508, 683.98%, 1833, 1751
1705969594, 2, 202, 395, 0, 0, 716.02%, 193, 0, 0, 2683.33, 72555, 58782, 683.98%, 1833, 1751
1705969594, 2, 204, 395, 0, 0, 716.02%, 193, 0, 0, 1556.67, 72793, 59011, 683.98%, 1833, 1751
1705969595, 2, 204, 395, 0, 0, 716.02%, 193, 0, 0, 354.63, 72816, 59099, 683.98%, 1833, 1751
1705969596, 2, 205, 395, 0, 0, 716.02%, 195, 0, 0, 119.77, 72861, 59260, 683.98%, 1833, 1751
1705969598, 2, 205, 395, 0, 0, 716.02%, 196, 0, 0, 12.43, 72872, 59267, 683.98%, 1833, 1751
1705969598, 2, 209, 395, 0, 0, 716.02%, 196, 0, 0, 406.45, 72919, 59346, 683.98%, 1833, 1751
1705969599, 2, 212, 395, 0, 0, 716.02%, 196, 0, 0, 886.67, 72969, 59562, 683.98%, 1833, 1751
1705969599, 2, 212, 395, 0, 0, 716.02%, 196, 0, 0, 206.56, 72977, 59617, 683.98%, 1833, 1751
1705969599, 2, 212, 395, 0, 0, 716.02%, 196, 0, 0, 49.69, 72980, 59630, 683.98%, 1833, 1751
1705969599, 2, 212, 395, 0, 0, 716.02%, 196, 0, 0, 35.71, 72982, 59639, 683.98%, 1833, 1751
1705969600, 2, 212, 395, 0, 0, 716.02%, 196, 0, 0, 43.61, 72984, 59651, 683.98%, 1833, 1751
1705969600, 2, 212, 395, 0, 0, 716.02%, 196, 0, 0, 41.27, 72984, 59664, 683.98%, 1833, 1751
1705969600, 2, 214, 395, 0, 0, 716.02%, 197, 0, 0, 453.33, 73025, 59759, 683.98%, 1833, 1751
1705969601, 2, 214, 395, 0, 0, 716.02%, 197, 0, 0, 634.83, 73150, 59860, 683.98%, 1833, 1751
1705969602, 2, 214, 395, 0, 0, 716.02%, 197, 0, 0, 41.11, 73167, 59874, 683.98%, 1833, 1751
1705969602, 2, 214, 395, 0, 0, 716.02%, 197, 0, 0, 234.92, 73209, 59906, 683.98%, 1833, 1751
1705969603, 2, 214, 395, 0, 0, 716.02%, 197, 0, 0, 18.68, 73220, 59916, 683.98%, 1833, 1751
1705969603, 2, 217, 395, 0, 0, 716.02%, 197, 0, 0, 1436.67, 73463, 60104, 683.98%, 1833, 1751
1705969604, 2, 220, 395, 0, 0, 716.02%, 197, 0, 0, 1100.00, 73676, 60221, 683.98%, 1833, 1751
1705969604, 2, 225, 395, 0, 0, 716.02%, 197, 0, 0, 459.46, 73738, 60312, 683.98%, 1833, 1751
1705969604, 2, 225, 395, 0, 0, 716.02%, 197, 0, 0, 820.00, 73776, 60520, 683.98%, 1833, 1751
1705969604, 2, 228, 395, 0, 0, 716.02%, 197, 0, 0, 943.33, 73935, 60644, 683.98%, 1833, 1751
1705969605, 2, 229, 395, 0, 0, 716.02%, 197, 0, 0, 916.67, 74117, 60737, 683.98%, 1833, 1751
1705969606, 2, 229, 395, 0, 0, 716.02%, 197, 0, 0, 140.15, 74186, 60779, 683.98%, 1833, 1751
1705969608, 2, 229, 395, 0, 0, 716.02%, 198, 0, 0, 4.34, 74188, 60786, 683.98%, 1833, 1751
1705969608, 2, 229, 395, 0, 0, 716.02%, 198, 0, 0, 1100.00, 74385, 60919, 683.98%, 1833, 1751
1705969609, 2, 229, 395, 0, 0, 716.02%, 199, 0, 0, 72.82, 74446, 60970, 683.98%, 1833, 1751
1705969610, 2, 237, 395, 0, 0, 716.02%, 199, 0, 0, 776.67, 74518, 61131, 683.98%, 1833, 1751
1705969610, 2, 237, 395, 0, 0, 716.02%, 199, 0, 0, 1010.00, 74526, 61426, 683.98%, 1833, 1751
1705969610, 2, 238, 395, 0, 0, 716.02%, 199, 0, 0, 910.00, 74532, 61693, 683.98%, 1833, 1751
1705969611, 2, 243, 395, 0, 0, 716.02%, 199, 0, 0, 1910.00, 74765, 62033, 683.98%, 1833, 1751
1705969611, 2, 246, 395, 0, 0, 716.02%, 199, 0, 0, 1380.00, 74910, 62302, 683.98%, 1833, 1751
1705969611, 2, 246, 395, 0, 0, 716.02%, 199, 0, 0, 763.33, 74916, 62525, 683.98%, 1833, 1751
1705969612, 2, 248, 395, 0, 0, 716.02%, 199, 0, 0, 1220.00, 75058, 62749, 683.98%, 1833, 1751
1705969612, 2, 252, 395, 0, 0, 716.02%, 199, 0, 0, 1130.84, 75483, 62929, 683.98%, 1833, 1751
1705969612, 2, 256, 395, 0, 0, 716.02%, 199, 0, 0, 1340.00, 75761, 63053, 683.98%, 1833, 1751
1705969613, 2, 258, 395, 0, 0, 716.02%, 199, 0, 0, 318.61, 75819, 63096, 683.98%, 1833, 1751
1705969614, 2, 258, 395, 0, 0, 716.02%, 200, 0, 0, 189.10, 76013, 63131, 683.98%, 1833, 1751
1705969614, 2, 266, 395, 0, 0, 716.02%, 200, 0, 0, 2173.33, 76461, 63335, 683.98%, 1833, 1751
1705969615, 2, 268, 395, 0, 0, 716.02%, 200, 0, 0, 1843.85, 76863, 63488, 683.98%, 1833, 1751
1705969615, 2, 268, 395, 0, 0, 716.02%, 200, 0, 0, 753.33, 76951, 63626, 683.98%, 1833, 1751
1705969615, 2, 268, 395, 0, 0, 716.02%, 200, 0, 0, 780.00, 77051, 63760, 683.98%, 1833, 1751
1705969615, 2, 268, 395, 0, 0, 716.02%, 200, 0, 0, 730.90, 77170, 63861, 683.98%, 1833, 1751
1705969618, 2, 271, 395, 0, 0, 716.02%, 201, 0, 0, 44.33, 77207, 63941, 683.98%, 1833, 1751
1705969618, 2, 275, 395, 0, 0, 716.02%, 201, 0, 0, 584.72, 77310, 64014, 683.98%, 1833, 1751
1705969653, 2, 275, 396, 0, 0, 716.02%, 201, 0, 0, 1.25, 77333, 64034, 683.98%, 1833, 1751
1705969662, 2, 275, 396, 0, 0, 716.02%, 201, 0, 0, 0.11, 77333, 64035, 683.98%, 1833, 1751
1705969671, 2, 275, 396, 0, 0, 716.02%, 201, 0, 0, 0.11, 77333, 64036, 683.98%, 1833, 1751
1705969671, 2, 275, 396, 0, 0, 716.02%, 201, 0, 0, 2.46, 77333, 64037, 683.98%, 1833, 1751
1705969673, 2, 275, 396, 0, 0, 716.02%, 201, 0, 0, 2.10, 77333, 64040, 683.98%, 1833, 1751
1705969675, 2, 275, 396, 0, 0, 716.02%, 201, 0, 0, 0.42, 77333, 64041, 683.98%, 1833, 1751
1705969676, 2, 275, 396, 0, 0, 716.02%, 201, 0, 0, 8.23, 77335, 64043, 683.98%, 1833, 1751
1705969676, 2, 275, 396, 0, 0, 716.02%, 201, 0, 0, 1.76, 77335, 64044, 683.98%, 1833, 1751
1705969683, 2, 275, 397, 0, 0, 716.02%, 201, 0, 0, 22.19, 77412, 64128, 683.98%, 1833, 1751
1705969684, 2, 275, 397, 0, 0, 716.02%, 201, 0, 0, 710.00, 77510, 64243, 683.98%, 1833, 1751
1705969684, 2, 275, 397, 0, 0, 716.02%, 201, 0, 0, 760.00, 77607, 64374, 683.98%, 1833, 1751
1705969685, 2, 275, 397, 0, 0, 716.02%, 201, 0, 0, 117.47, 77656, 64440, 683.98%, 1833, 1751
1705969685, 2, 281, 397, 0, 0, 716.02%, 201, 0, 0, 1383.33, 77931, 64580, 683.98%, 1833, 1751
1705969686, 2, 282, 397, 0, 0, 716.02%, 201, 0, 0, 348.87, 78067, 64661, 683.98%, 1833, 1751
1705969686, 2, 282, 397, 0, 0, 716.02%, 201, 0, 0, 683.33, 78190, 64743, 683.98%, 1833, 1751
1705969688, 2, 282, 397, 0, 0, 716.02%, 201, 0, 0, 117.75, 78318, 64814, 683.98%, 1833, 1751
1705969689, 2, 282, 397, 0, 0, 716.02%, 201, 0, 0, 7.64, 78323, 64815, 683.98%, 1833, 1751
1705969689, 2, 283, 397, 0, 0, 716.02%, 201, 0, 0, 683.33, 78456, 64887, 683.98%, 1833, 1751
1705969689, 2, 284, 397, 0, 0, 716.02%, 201, 0, 0, 830.00, 78605, 64987, 683.98%, 1833, 1751
1705969690, 2, 284, 397, 0, 0, 716.02%, 201, 0, 0, 66.67, 78624, 65001, 683.98%, 1833, 1751
1705969690, 2, 284, 397, 0, 0, 716.02%, 201, 0, 0, 760.00, 78768, 65085, 683.98%, 1833, 1751
1705969690, 2, 284, 397, 0, 0, 716.02%, 201, 0, 0, 773.33, 78920, 65165, 683.98%, 1833, 1751
1705969691, 2, 288, 397, 0, 0, 716.02%, 201, 0, 0, 896.67, 79080, 65274, 683.98%, 1833, 1751
1705969691, 2, 288, 397, 0, 0, 716.02%, 201, 0, 0, 877.08, 79236, 65382, 683.98%, 1833, 1751
1705969691, 2, 288, 397, 0, 0, 716.02%, 201, 0, 0, 30.99, 79241, 65388, 683.98%, 1833, 1751
1705969693, 2, 288, 397, 0, 0, 716.02%, 201, 0, 0, 0.62, 79242, 65388, 683.98%, 1833, 1751
1705969694, 2, 288, 397, 0, 0, 716.02%, 201, 0, 0, 42.25, 79275, 65415, 683.98%, 1833, 1751
1705969696, 2, 288, 397, 0, 0, 716.02%, 201, 0, 0, 13.94, 79293, 65421, 683.98%, 1833, 1751
1705969701, 2, 288, 397, 0, 0, 716.02%, 201, 0, 0, 0.44, 79295, 65421, 683.98%, 1833, 1751
1705969701, 2, 288, 397, 0, 0, 716.02%, 201, 0, 0, 555.56, 79394, 65507, 683.98%, 1833, 1751
1705969701, 2, 288, 397, 0, 0, 716.02%, 201, 0, 0, 866.67, 79544, 65617, 683.98%, 1833, 1751
1705969705, 2, 289, 397, 0, 0, 716.02%, 201, 0, 0, 5.10, 79556, 65625, 683.98%, 1833, 1751
1705969706, 2, 290, 397, 0, 0, 716.02%, 201, 0, 0, 45.45, 79567, 65641, 683.98%, 1833, 1751
1705969706, 2, 293, 397, 0, 0, 716.02%, 201, 0, 0, 1756.67, 79904, 65831, 683.98%, 1833, 1751
1705969706, 2, 293, 397, 0, 0, 716.02%, 201, 0, 0, 850.00, 80033, 65957, 683.98%, 1833, 1751
1705969707, 2, 293, 397, 0, 0, 716.02%, 201, 0, 0, 776.67, 80150, 66073, 683.98%, 1833, 1751
1705969707, 2, 294, 397, 0, 0, 716.02%, 201, 0, 0, 883.33, 80284, 66204, 683.98%, 1833, 1751
1705969713, 2, 296, 397, 0, 0, 716.02%, 202, 0, 0, 11.85, 80319, 66241, 683.98%, 1833, 1751
1705969713, 2, 307, 397, 0, 0, 716.02%, 202, 0, 0, 1533.33, 80560, 66460, 683.98%, 1833, 1751
1705969714, 2, 308, 397, 0, 0, 716.02%, 202, 0, 0, 549.58, 80720, 66494, 683.98%, 1833, 1751
1705969714, 2, 310, 397, 0, 0, 716.02%, 202, 0, 0, 804.03, 80809, 66684, 683.98%, 1833, 1751
1705969714, 2, 310, 397, 0, 0, 716.02%, 202, 0, 0, 950.00, 80912, 66866, 683.98%, 1833, 1751
1705969715, 2, 311, 397, 0, 0, 716.02%, 202, 0, 0, 1046.67, 81011, 67081, 683.98%, 1833, 1751
1705969715, 2, 314, 397, 0, 0, 716.02%, 202, 0, 0, 481.73, 81086, 67151, 683.98%, 1833, 1751
1705969716, 2, 317, 397, 0, 0, 716.02%, 203, 0, 0, 104.27, 81136, 67206, 683.98%, 1833, 1751
1705969716, 2, 323, 397, 0, 0, 716.02%, 203, 0, 0, 670.00, 81245, 67298, 683.98%, 1833, 1751
1705969717, 2, 329, 397, 0, 0, 716.02%, 203, 0, 0, 726.67, 81332, 67429, 683.98%, 1833, 1751
1705969717, 2, 332, 397, 0, 0, 716.02%, 203, 0, 0, 336.67, 81384, 67478, 683.98%, 1833, 1751
1705969724, 2, 335, 398, 0, 0, 716.02%, 203, 0, 0, 60.18, 81678, 67591, 683.98%, 1833, 1751
1705969724, 2, 338, 398, 0, 0, 716.02%, 203, 0, 0, 296.67, 81715, 67643, 683.98%, 1833, 1751
1705969732, 2, 339, 399, 0, 0, 716.02%, 203, 0, 0, 15.85, 81755, 67723, 683.98%, 1833, 1751
1705969732, 2, 339, 399, 0, 0, 716.02%, 203, 0, 0, 1050.00, 81856, 67937, 683.98%, 1833, 1751
1705969732, 2, 339, 399, 0, 0, 716.02%, 203, 0, 0, 787.38, 81941, 68089, 683.98%, 1833, 1751
1705969732, 2, 342, 399, 0, 0, 716.02%, 203, 0, 0, 936.67, 82042, 68269, 683.98%, 1833, 1751
1705969733, 2, 343, 399, 0, 0, 716.02%, 203, 0, 0, 40.24, 82059, 68285, 683.98%, 1833, 1751
1705969738, 2, 345, 399, 0, 0, 716.02%, 204, 0, 0, 20.79, 82102, 68332, 683.98%, 1833, 1751
1705969738, 2, 347, 399, 0, 0, 716.02%, 204, 0, 0, 963.33, 82233, 68490, 683.98%, 1833, 1751
1705969738, 2, 347, 399, 0, 0, 716.02%, 204, 0, 0, 800.00, 82346, 68617, 683.98%, 1833, 1751
1705969739, 2, 347, 399, 0, 0, 716.02%, 204, 0, 0, 973.42, 82485, 68771, 683.98%, 1833, 1751
1705969739, 2, 348, 399, 0, 0, 716.02%, 204, 0, 0, 57.14, 82509, 68793, 683.98%, 1833, 1751
1705969740, 2, 350, 399, 0, 0, 716.02%, 204, 0, 0, 141.80, 82535, 68844, 683.98%, 1833, 1751
1705969740, 2, 352, 399, 0, 0, 716.02%, 204, 0, 0, 463.33, 82597, 68921, 683.98%, 1833, 1751
1705969740, 2, 352, 399, 0, 0, 716.02%, 204, 0, 0, 1019.93, 82721, 69104, 683.98%, 1833, 1751
1705969741, 2, 352, 399, 0, 0, 716.02%, 204, 0, 0, 1110.00, 82859, 69299, 683.98%, 1833, 1751
1705969750, 2, 355, 400, 0, 0, 716.02%, 204, 0, 0, 23.18, 82962, 69422, 683.98%, 1833, 1751
1705969751, 2, 359, 400, 0, 0, 716.02%, 204, 0, 0, 332.36, 83010, 69488, 683.98%, 1833, 1751
1705969752, 2, 359, 401, 0, 0, 716.02%, 204, 0, 0, 16.93, 83022, 69502, 683.98%, 1833, 1751
1705969753, 2, 360, 401, 0, 0, 716.02%, 204, 0, 0, 410.00, 83069, 69578, 683.98%, 1833, 1751
1705969753, 2, 360, 401, 0, 0, 716.02%, 204, 0, 0, 694.35, 83144, 69712, 683.98%, 1833, 1751
1705969753, 2, 360, 401, 0, 0, 716.02%, 204, 0, 0, 634.55, 83203, 69844, 683.98%, 1833, 1751
1705969757, 2, 360, 401, 0, 0, 716.02%, 205, 0, 0, 33.27, 83243, 69919, 683.98%, 1833, 1751
1705969757, 2, 360, 401, 0, 0, 716.02%, 205, 0, 0, 85.19, 83262, 69946, 683.98%, 1833, 1751
1705969758, 2, 360, 401, 0, 0, 716.02%, 205, 0, 0, 470.00, 83309, 70040, 683.98%, 1833, 1751
1705969758, 2, 361, 401, 0, 0, 716.02%, 205, 0, 0, 165.58, 83338, 70062, 683.98%, 1833, 1751
1705969758, 2, 364, 401, 0, 0, 716.02%, 205, 0, 0, 591.36, 83435, 70143, 683.98%, 1833, 1751
1705969759, 2, 364, 401, 0, 0, 716.02%, 205, 0, 0, 623.83, 83583, 70262, 683.98%, 1833, 1751
1705969759, 2, 366, 401, 0, 0, 716.02%, 205, 0, 0, 1476.67, 83841, 70447, 683.98%, 1833, 1751
1705969760, 2, 370, 401, 0, 0, 716.02%, 205, 0, 0, 358.19, 84084, 70545, 683.98%, 1833, 1751
1705969760, 2, 372, 401, 0, 0, 716.02%, 205, 0, 0, 750.00, 84234, 70620, 683.98%, 1833, 1751
1705969760, 2, 374, 401, 0, 0, 716.02%, 205, 0, 0, 720.00, 84357, 70713, 683.98%, 1833, 1751
1705969761, 2, 376, 401, 0, 0, 716.02%, 205, 0, 0, 1196.67, 84518, 70911, 683.98%, 1833, 1751
1705969773, 2, 376, 401, 0, 0, 716.02%, 206, 0, 0, 8.80, 84564, 70975, 683.98%, 1833, 1751
1705969774, 2, 376, 401, 0, 0, 716.02%, 206, 0, 0, 339.84, 84633, 71080, 683.98%, 1833, 1751
1705969774, 2, 378, 401, 0, 0, 716.02%, 206, 0, 0, 853.82, 84737, 71233, 683.98%, 1833, 1751
1705969776, 2, 381, 402, 0, 0, 716.02%, 207, 0, 0, 56.54, 84793, 71276, 683.98%, 1833, 1751
1705969776, 2, 382, 402, 0, 0, 716.02%, 207, 0, 0, 77.24, 84818, 71289, 683.98%, 1833, 1751
1705969777, 2, 383, 402, 0, 0, 716.02%, 207, 0, 0, 76.16, 84831, 71299, 683.98%, 1833, 1751
1705969780, 2, 385, 402, 0, 0, 716.02%, 207, 0, 0, 20.75, 84859, 71345, 683.98%, 1833, 1751
1705969783, 2, 385, 403, 0, 0, 716.02%, 207, 0, 0, 8.80, 84869, 71363, 683.98%, 1833, 1751
1705969784, 2, 388, 403, 0, 0, 716.02%, 207, 0, 0, 509.60, 85009, 71515, 683.98%, 1833, 1751
1705969784, 2, 388, 403, 0, 0, 716.02%, 207, 0, 0, 1050.00, 85190, 71649, 683.98%, 1833, 1751
1705969789, 2, 388, 403, 0, 0, 716.02%, 207, 0, 0, 23.96, 85244, 71703, 683.98%, 1833, 1751
1705969789, 2, 389, 403, 0, 0, 716.02%, 207, 0, 0, 654.49, 85338, 71806, 683.98%, 1833, 1751
1705969789, 2, 389, 403, 0, 0, 716.02%, 207, 0, 0, 753.33, 85431, 71939, 683.98%, 1833, 1751
1705969790, 2, 389, 403, 0, 0, 716.02%, 207, 0, 0, 451.83, 85484, 72022, 683.98%, 1833, 1751
1705969791, 2, 389, 403, 0, 0, 716.02%, 208, 0, 0, 53.86, 85507, 72091, 683.98%, 1833, 1751
1705969801, 2, 389, 403, 0, 0, 716.02%, 209, 0, 0, 5.44, 85530, 72121, 683.98%, 1833, 1751
1705969801, 2, 389, 403, 0, 0, 716.02%, 209, 0, 0, 644.52, 85593, 72252, 683.98%, 1833, 1751
1705969807, 2, 389, 403, 0, 0, 716.02%, 210, 0, 0, 3.90, 85601, 72264, 683.98%, 1833, 1751
1705969807, 2, 389, 403, 0, 0, 716.02%, 210, 0, 0, 194.97, 85625, 72302, 683.98%, 1833, 1751
1705969807, 2, 396, 403, 0, 0, 716.02%, 210, 0, 0, 1354.30, 85780, 72556, 683.98%, 1833, 1751
1705969808, 2, 398, 403, 0, 0, 716.02%, 211, 0, 0, 112.92, 85834, 72592, 683.98%, 1833, 1751
1705969808, 2, 399, 404, 0, 0, 716.02%, 211, 0, 0, 113.33, 85852, 72608, 683.98%, 1833, 1751
1705969809, 2, 403, 405, 0, 0, 716.02%, 211, 0, 0, 123.15, 85904, 72681, 683.98%, 1833, 1751
1705969812, 3, 0, 405, 0, 0, 716.02%, 211, 0, 0, 27.61, 85941, 72727, 683.98%, 1833, 1751
1705969813, 3, 1, 405, 0, 0, 716.02%, 211, 0, 0, 1146.67, 86236, 72776, 683.98%, 1833, 1751
1705969813, 3, 3, 405, 0, 0, 716.02%, 211, 0, 0, 2573.33, 86876, 72908, 683.98%, 1833, 1751
1705969814, 3, 4, 405, 0, 0, 716.02%, 211, 0, 0, 90.91, 86931, 72925, 683.98%, 1833, 1751
1705969815, 3, 4, 405, 0, 0, 716.02%, 211, 0, 0, 0.86, 86931, 72926, 683.98%, 1833, 1751
1705969818, 3, 6, 405, 0, 0, 716.02%, 211, 0, 0, 242.73, 87576, 73066, 683.98%, 1833, 1751
1705969819, 3, 6, 405, 0, 0, 716.02%, 211, 0, 0, 100.53, 87654, 73082, 683.98%, 1833, 1751
1705969819, 3, 7, 405, 0, 0, 716.02%, 211, 0, 0, 310.00, 87698, 73131, 683.98%, 1833, 1751
1705969820, 3, 8, 405, 0, 0, 716.02%, 211, 0, 0, 1473.33, 87893, 73378, 683.98%, 1833, 1751
1705969820, 3, 10, 405, 0, 0, 716.02%, 211, 0, 0, 2653.33, 88545, 73522, 683.98%, 1833, 1751
1705969820, 3, 12, 405, 0, 0, 716.02%, 211, 0, 0, 801.02, 88940, 73598, 683.98%, 1833, 1751
1705969821, 3, 16, 405, 0, 0, 716.02%, 211, 0, 0, 2023.33, 89401, 73744, 683.98%, 1833, 1751
1705969821, 3, 19, 405, 0, 0, 716.02%, 211, 0, 0, 777.27, 89784, 73867, 683.98%, 1833, 1751
1705969822, 3, 19, 405, 0, 0, 716.02%, 211, 0, 0, 164.75, 89903, 73891, 683.98%, 1833, 1751
1705969823, 3, 21, 405, 0, 0, 716.02%, 211, 0, 0, 1613.33, 90243, 74035, 683.98%, 1833, 1751
1705969823, 3, 21, 405, 0, 0, 716.02%, 211, 0, 0, 1006.67, 90375, 74205, 683.98%, 1833, 1751
1705969823, 3, 21, 405, 0, 0, 716.02%, 211, 0, 0, 890.00, 90492, 74355, 683.98%, 1833, 1751
1705969824, 3, 21, 405, 0, 0, 716.02%, 211, 0, 0, 2.48, 90492, 74356, 683.98%, 1833, 1751
1705969824, 3, 23, 405, 0, 0, 716.02%, 211, 0, 0, 966.67, 90669, 74469, 683.98%, 1833, 1751
1705969826, 3, 23, 405, 0, 0, 716.02%, 211, 0, 0, 73.50, 90807, 74491, 683.98%, 1833, 1751
1705969826, 3, 27, 405, 0, 0, 716.02%, 211, 0, 0, 2890.00, 91464, 74701, 683.98%, 1833, 1751
1705969827, 3, 27, 405, 0, 0, 716.02%, 211, 0, 0, 1670.00, 91755, 74911, 683.98%, 1833, 1751
1705969827, 3, 37, 405, 0, 0, 716.02%, 211, 0, 0, 3550.00, 92640, 75091, 683.98%, 1833, 1751
1705969827, 3, 39, 405, 0, 0, 716.02%, 211, 0, 0, 1480.00, 92882, 75293, 683.98%, 1833, 1751
1705969828, 3, 43, 405, 0, 0, 716.02%, 211, 0, 0, 1763.33, 93183, 75521, 683.98%, 1833, 1751
1705969828, 3, 45, 405, 0, 0, 716.02%, 211, 0, 0, 1720.00, 93372, 75848, 683.98%, 1833, 1751
1705969829, 3, 48, 405, 0, 0, 716.02%, 211, 0, 0, 205.59, 93504, 75944, 683.98%, 1833, 1751
1705969829, 3, 48, 405, 0, 0, 716.02%, 211, 0, 0, 1186.67, 93716, 76088, 683.98%, 1833, 1751
1705969830, 3, 48, 405, 0, 0, 716.02%, 211, 0, 0, 1182.72, 93915, 76245, 683.98%, 1833, 1751
1705969830, 3, 48, 405, 0, 0, 716.02%, 211, 0, 0, 180.09, 93959, 76277, 683.98%, 1833, 1751
1705969831, 3, 57, 405, 0, 0, 716.02%, 211, 0, 0, 1079.79, 94193, 76652, 683.98%, 1833, 1751
1705969831, 3, 60, 405, 0, 0, 716.02%, 211, 0, 0, 1224.76, 94227, 76994, 683.98%, 1833, 1751
1705969831, 3, 60, 405, 0, 0, 716.02%, 211, 0, 0, 831.13, 94233, 77239, 683.98%, 1833, 1751
1705969832, 3, 60, 405, 0, 0, 716.02%, 211, 0, 0, 121.98, 94235, 77333, 683.98%, 1833, 1751
1705969832, 3, 65, 405, 0, 0, 716.02%, 211, 0, 0, 1309.58, 94642, 77514, 683.98%, 1833, 1751
1705969833, 3, 67, 405, 0, 0, 716.02%, 211, 0, 0, 529.41, 94773, 77617, 683.98%, 1833, 1751
1705969833, 3, 69, 405, 0, 0, 716.02%, 211, 0, 0, 1600.00, 95038, 77832, 683.98%, 1833, 1751
1705969833, 3, 69, 405, 0, 0, 716.02%, 211, 0, 0, 1196.67, 95240, 77989, 683.98%, 1833, 1751
1705969835, 3, 69, 405, 0, 0, 716.02%, 211, 0, 0, 39.93, 95269, 78009, 683.98%, 1833, 1751
1705969835, 3, 71, 405, 0, 0, 716.02%, 211, 0, 0, 852.69, 95447, 78132, 683.98%, 1833, 1751
1705969835, 3, 71, 405, 0, 0, 716.02%, 211, 0, 0, 843.33, 95459, 78373, 683.98%, 1833, 1751
1705969838, 3, 71, 405, 0, 0, 716.02%, 212, 0, 0, 27.19, 95461, 78443, 683.98%, 1833, 1751
1705969838, 3, 75, 405, 0, 0, 716.02%, 212, 0, 0, 1096.67, 95623, 78610, 683.98%, 1833, 1751
1705969839, 3, 82, 405, 0, 0, 716.02%, 213, 0, 0, 327.00, 95741, 78733, 683.98%, 1833, 1751
1705969839, 3, 84, 405, 0, 0, 716.02%, 213, 0, 0, 1500.00, 96084, 78840, 683.98%, 1833, 1751
1705969840, 3, 92, 405, 0, 0, 716.02%, 213, 0, 0, 996.76, 96227, 79005, 683.98%, 1833, 1751
1705969840, 3, 97, 405, 0, 0, 716.02%, 213, 0, 0, 1530.00, 96506, 79185, 683.98%, 1833, 1751
1705969840, 3, 98, 405, 0, 0, 716.02%, 213, 0, 0, 1643.33, 96753, 79431, 683.98%, 1833, 1751
1705969841, 3, 98, 405, 0, 0, 716.02%, 213, 0, 0, 900.00, 96888, 79566, 683.98%, 1833, 1751
1705969841, 3, 99, 405, 0, 0, 716.02%, 213, 0, 0, 264.11, 96949, 79636, 683.98%, 1833, 1751
1705969841, 3, 99, 405, 0, 0, 716.02%, 213, 0, 0, 2.58, 96950, 79636, 683.98%, 1833, 1751
1705969842, 3, 104, 406, 0, 0, 716.80%, 213, 0, 0, 1896.67, 97398, 79757, 683.98%, 1835, 1751
1705969843, 3, 108, 406, 0, 0, 716.80%, 213, 0, 0, 503.20, 97651, 79897, 683.98%, 1835, 1751
1705969843, 3, 110, 406, 0, 0, 716.80%, 213, 0, 0, 487.98, 97808, 79943, 683.98%, 1835, 1751
1705969843, 3, 114, 406, 0, 0, 716.80%, 213, 0, 0, 1786.67, 98159, 80128, 683.98%, 1835, 1751
1705969844, 3, 114, 406, 0, 0, 716.80%, 213, 0, 0, 2.52, 98160, 80128, 683.98%, 1835, 1751
1705969844, 3, 116, 406, 0, 0, 716.80%, 213, 0, 0, 126.37, 98217, 80152, 683.98%, 1835, 1751
1705969845, 3, 118, 406, 0, 0, 716.80%, 213, 0, 0, 142.61, 98253, 80197, 683.98%, 1835, 1751
1705969845, 3, 119, 406, 0, 0, 716.80%, 213, 0, 0, 103.96, 98261, 80231, 683.98%, 1835, 1751
1705969846, 3, 119, 406, 0, 0, 716.80%, 213, 0, 0, 966.89, 98493, 80291, 683.98%, 1835, 1751
1705969846, 3, 124, 406, 0, 0, 716.80%, 213, 0, 0, 448.05, 98566, 80356, 683.98%, 1835, 1751
1705969846, 3, 130, 406, 0, 0, 716.80%, 213, 0, 0, 1050.00, 98746, 80491, 683.98%, 1835, 1751
1705969846, 3, 134, 406, 0, 0, 716.80%, 213, 0, 0, 2373.33, 99174, 80775, 683.98%, 1835, 1751
1705969847, 3, 141, 406, 0, 0, 716.80%, 214, 0, 0, 508.00, 99392, 80938, 683.98%, 1835, 1751
1705969848, 3, 145, 406, 0, 0, 716.80%, 214, 0, 0, 886.67, 99509, 81087, 683.98%, 1835, 1751
1705969848, 3, 145, 406, 0, 0, 716.80%, 214, 0, 0, 590.00, 99511, 81262, 683.98%, 1835, 1751
1705969848, 3, 146, 406, 0, 0, 716.80%, 214, 0, 0, 793.33, 99521, 81490, 683.98%, 1835, 1751
1705969848, 3, 151, 406, 0, 0, 716.80%, 214, 0, 0, 1023.26, 99703, 81616, 683.98%, 1835, 1751
1705969849, 3, 158, 406, 0, 0, 716.80%, 214, 0, 0, 710.00, 99805, 81727, 683.98%, 1835, 1751
1705969849, 3, 158, 406, 0, 0, 716.80%, 214, 0, 0, 677.74, 99832, 81904, 683.98%, 1835, 1751
1705969849, 3, 159, 406, 0, 0, 716.80%, 214, 0, 0, 523.33, 99863, 82030, 683.98%, 1835, 1751
1705969850, 3, 160, 406, 0, 0, 716.80%, 214, 0, 0, 893.33, 99937, 82224, 683.98%, 1835, 1751
1705969850, 3, 167, 406, 0, 0, 716.80%, 214, 0, 0, 1193.33, 100099, 82420, 683.98%, 1835, 1751
1705969859, 3, 174, 406, 0, 0, 716.80%, 215, 0, 0, 33.29, 100246, 82591, 683.98%, 1835, 1751
1705969860, 3, 176, 406, 0, 0, 716.80%, 215, 0, 0, 1246.67, 100350, 82861, 683.98%, 1835, 1751
1705969860, 3, 184, 406, 0, 0, 716.80%, 215, 0, 0, 2380.00, 100814, 83111, 683.98%, 1835, 1751
1705969860, 3, 186, 406, 0, 0, 716.80%, 215, 0, 0, 1275.75, 101085, 83224, 683.98%, 1835, 1751
1705969861, 3, 186, 406, 0, 0, 716.80%, 215, 0, 0, 663.33, 101204, 83304, 683.98%, 1835, 1751
1705969861, 3, 186, 406, 0, 0, 716.80%, 215, 0, 0, 701.00, 101328, 83391, 683.98%, 1835, 1751
1705969862, 3, 186, 406, 0, 0, 716.80%, 215, 0, 0, 79.72, 101362, 83403, 683.98%, 1835, 1751
1705969862, 3, 186, 406, 0, 0, 716.80%, 215, 0, 0, 600.00, 101478, 83467, 683.98%, 1835, 1751
1705969862, 3, 197, 406, 0, 0, 716.80%, 215, 0, 0, 1793.33, 101832, 83651, 683.98%, 1835, 1751
1705969864, 3, 199, 406, 0, 0, 716.80%, 215, 0, 0, 26.13, 101843, 83684, 683.98%, 1835, 1751
1705969866, 3, 200, 406, 0, 0, 716.80%, 215, 0, 0, 7.92, 101850, 83694, 683.98%, 1835, 1751
1705969866, 3, 202, 406, 0, 0, 716.80%, 215, 0, 0, 1470.00, 102142, 83843, 683.98%, 1835, 1751
1705969867, 3, 204, 406, 0, 0, 716.80%, 215, 0, 0, 1486.67, 102347, 84084, 683.98%, 1835, 1751
1705969868, 3, 205, 406, 0, 0, 716.80%, 216, 0, 0, 231.12, 102394, 84294, 683.98%, 1835, 1751
1705969868, 3, 212, 406, 0, 0, 716.80%, 216, 0, 0, 906.67, 102483, 84477, 683.98%, 1835, 1751
1705969868, 3, 214, 406, 0, 0, 716.80%, 216, 0, 0, 1260.00, 102571, 84767, 683.98%, 1835, 1751
1705969872, 3, 214, 406, 0, 0, 716.80%, 217, 0, 0, 24.25, 102618, 84803, 683.98%, 1835, 1751
1705969877, 3, 214, 407, 0, 0, 716.80%, 217, 0, 0, 36.70, 102733, 84882, 683.98%, 1835, 1751
1705969879, 3, 215, 407, 0, 0, 716.80%, 218, 0, 0, 213.06, 102939, 85061, 683.98%, 1835, 1751
1705969879, 3, 220, 407, 0, 0, 716.80%, 218, 0, 0, 1326.67, 103199, 85199, 683.98%, 1835, 1751
1705969879, 3, 225, 407, 0, 0, 716.80%, 218, 0, 0, 1336.67, 103331, 85468, 683.98%, 1835, 1751
1705969880, 3, 229, 407, 0, 0, 716.80%, 218, 0, 0, 1553.33, 103589, 85676, 683.98%, 1835, 1751
1705969880, 3, 229, 407, 0, 0, 716.80%, 218, 0, 0, 907.59, 103746, 85794, 683.98%, 1835, 1751
1705969880, 3, 229, 407, 0, 0, 716.80%, 218, 0, 0, 398.81, 103861, 85880, 683.98%, 1835, 1751
1705969881, 3, 229, 407, 0, 0, 716.80%, 218, 0, 0, 14.66, 103865, 85881, 683.98%, 1835, 1751
1705969881, 3, 229, 407, 0, 0, 716.80%, 218, 0, 0, 2.67, 103866, 85881, 683.98%, 1835, 1751
1705969882, 3, 229, 407, 0, 0, 716.80%, 218, 0, 0, 88.30, 103888, 85899, 683.98%, 1835, 1751
1705969882, 3, 237, 407, 0, 0, 716.80%, 218, 0, 0, 1310.00, 104063, 86117, 683.98%, 1835, 1751
1705969882, 3, 238, 407, 0, 0, 716.80%, 218, 0, 0, 1250.00, 104079, 86476, 683.98%, 1835, 1751
1705969883, 3, 238, 407, 0, 0, 716.80%, 218, 0, 0, 976.67, 104088, 86760, 683.98%, 1835, 1751
1705969883, 3, 241, 407, 0, 0, 716.80%, 218, 0, 0, 249.40, 104159, 86896, 683.98%, 1835, 1751
1705969884, 3, 242, 407, 0, 0, 716.80%, 218, 0, 0, 549.67, 104231, 86990, 683.98%, 1835, 1751
1705969884, 3, 243, 407, 0, 0, 716.80%, 218, 0, 0, 710.82, 104378, 87224, 683.98%, 1835, 1751
1705969885, 3, 246, 407, 0, 0, 716.80%, 219, 0, 0, 703.33, 104446, 87367, 683.98%, 1835, 1751
1705969885, 3, 246, 407, 0, 0, 716.80%, 220, 0, 0, 860.47, 104455, 87617, 683.98%, 1835, 1751
1705969885, 3, 248, 407, 0, 0, 716.80%, 220, 0, 0, 1133.33, 104627, 87785, 683.98%, 1835, 1751
1705969886, 3, 249, 407, 0, 0, 716.80%, 220, 0, 0, 31.09, 104652, 87790, 683.98%, 1835, 1751
1705969886, 3, 249, 407, 0, 0, 716.80%, 220, 0, 0, 0.00, 104652, 87790, 683.98%, 1835, 1751
