# unix_time, cycles_done, cur_path, paths_total, pending_total, pending_favs, map_size, unique_crashes, unique_hangs, max_depth, execs_per_sec, valid_inputs, invalid_inputs, valid_cov, all_covered_probes, valid_covered_probes
1706880609, 0, 0, 0, 0, 0, 0.00%, 1, 0, 0, 0.28, 0, 1, 0.00%, 0, 0
1706880609, 0, 0, 15, 0, 0, 445.31%, 1, 0, 0, 78.43, 23, 2, 374.22%, 1140, 958
1706880609, 0, 0, 33, 0, 0, 533.98%, 1, 0, 0, 139.07, 60, 7, 483.98%, 1367, 1239
1706880609, 0, 0, 43, 0, 0, 573.83%, 5, 0, 0, 213.11, 113, 19, 533.98%, 1469, 1367
1706880610, 0, 0, 50, 0, 0, 578.52%, 6, 0, 0, 133.13, 153, 22, 538.28%, 1481, 1378
1706880610, 0, 0, 63, 0, 0, 584.77%, 7, 0, 0, 323.33, 238, 34, 539.45%, 1497, 1381
1706880610, 0, 0, 65, 0, 0, 584.77%, 7, 0, 0, 113.33, 270, 36, 539.84%, 1497, 1382
1706880611, 0, 1, 69, 0, 0, 671.88%, 8, 0, 0, 174.04, 322, 43, 647.27%, 1720, 1657
1706880611, 0, 1, 75, 0, 0, 674.61%, 9, 0, 0, 37.86, 344, 50, 648.44%, 1727, 1660
1706880612, 0, 1, 83, 0, 0, 677.34%, 11, 0, 0, 141.91, 372, 65, 648.44%, 1734, 1660
1706880612, 0, 1, 92, 0, 0, 678.52%, 11, 0, 0, 256.67, 437, 77, 648.83%, 1737, 1661
1706880612, 0, 1, 103, 0, 0, 682.42%, 11, 0, 0, 300.33, 513, 92, 650.39%, 1747, 1665
1706880613, 0, 1, 105, 0, 0, 682.81%, 11, 0, 0, 51.28, 527, 94, 650.78%, 1748, 1666
1706880613, 0, 1, 110, 0, 0, 684.77%, 12, 0, 0, 250.00, 580, 116, 651.17%, 1753, 1667
1706880613, 0, 2, 114, 0, 0, 685.16%, 13, 0, 0, 253.33, 644, 128, 651.95%, 1754, 1669
1706880614, 0, 2, 120, 0, 0, 685.94%, 15, 0, 0, 696.67, 822, 159, 651.95%, 1756, 1669
1706880614, 0, 2, 123, 0, 0, 686.33%, 16, 0, 0, 174.52, 880, 164, 652.34%, 1757, 1670
1706880614, 0, 3, 124, 0, 0, 686.72%, 16, 0, 0, 363.33, 975, 178, 652.34%, 1758, 1670
1706880615, 0, 3, 126, 0, 0, 686.72%, 16, 0, 0, 298.82, 1061, 193, 653.13%, 1758, 1672
1706880615, 0, 4, 126, 0, 0, 686.72%, 16, 0, 0, 409.79, 1187, 201, 653.13%, 1758, 1672
1706880615, 0, 4, 129, 0, 0, 686.72%, 17, 0, 0, 137.25, 1225, 205, 653.52%, 1758, 1673
1706880615, 0, 4, 134, 0, 0, 686.72%, 17, 0, 0, 690.00, 1412, 225, 653.91%, 1758, 1674
1706880616, 0, 5, 138, 0, 0, 686.72%, 17, 0, 0, 433.33, 1525, 255, 654.69%, 1758, 1676
1706880616, 0, 5, 139, 0, 0, 686.72%, 17, 0, 0, 267.47, 1621, 270, 654.69%, 1758, 1676
1706880617, 0, 5, 141, 0, 0, 689.06%, 17, 0, 0, 371.51, 1731, 293, 655.08%, 1764, 1677
1706880617, 0, 6, 145, 0, 0, 689.06%, 17, 0, 0, 198.56, 1850, 312, 655.08%, 1764, 1677
1706880618, 0, 6, 147, 0, 0, 689.06%, 20, 0, 0, 498.56, 1986, 349, 655.08%, 1764, 1677
1706880618, 0, 8, 164, 0, 0, 689.84%, 21, 0, 0, 610.00, 2099, 419, 655.08%, 1766, 1677
1706880618, 0, 8, 172, 0, 0, 691.80%, 22, 0, 0, 320.44, 2113, 521, 655.08%, 1771, 1677
1706880619, 0, 8, 176, 0, 0, 691.80%, 22, 0, 0, 87.86, 2119, 549, 655.08%, 1771, 1677
1706880619, 0, 8, 184, 0, 0, 691.80%, 22, 0, 0, 251.46, 2132, 622, 655.08%, 1771, 1677
1706880619, 0, 9, 190, 0, 0, 693.36%, 23, 0, 0, 591.36, 2267, 665, 655.08%, 1775, 1677
1706880620, 0, 9, 196, 0, 0, 694.92%, 23, 0, 0, 740.00, 2435, 719, 655.86%, 1779, 1679
1706880620, 0, 10, 203, 0, 0, 695.70%, 23, 0, 0, 729.37, 2607, 768, 657.03%, 1781, 1682
1706880620, 0, 12, 203, 0, 0, 695.70%, 23, 0, 0, 787.58, 2810, 806, 657.03%, 1781, 1682
1706880621, 0, 14, 205, 0, 0, 695.70%, 23, 0, 0, 830.00, 3031, 834, 657.03%, 1781, 1682
1706880621, 0, 14, 205, 0, 0, 695.70%, 23, 0, 0, 512.42, 3178, 852, 657.03%, 1781, 1682
1706880621, 0, 15, 207, 0, 0, 696.09%, 24, 0, 0, 250.00, 3251, 869, 657.42%, 1782, 1683
1706880622, 0, 15, 211, 0, 0, 696.09%, 25, 0, 0, 538.96, 3381, 905, 657.81%, 1782, 1684
1706880622, 0, 16, 213, 0, 0, 697.66%, 26, 0, 0, 723.33, 3534, 969, 659.38%, 1786, 1688
1706880622, 0, 17, 215, 0, 0, 698.05%, 26, 0, 0, 800.00, 3733, 1014, 660.55%, 1787, 1691
1706880622, 0, 17, 216, 0, 0, 698.44%, 26, 0, 0, 500.00, 3875, 1022, 660.55%, 1788, 1691
1706880623, 0, 18, 216, 0, 0, 698.44%, 26, 0, 0, 743.33, 4070, 1050, 660.55%, 1788, 1691
1706880623, 0, 21, 218, 0, 0, 700.39%, 27, 0, 0, 633.33, 4221, 1089, 660.55%, 1793, 1691
1706880623, 0, 22, 219, 0, 0, 700.39%, 28, 0, 0, 680.78, 4366, 1153, 661.33%, 1793, 1693
1706880624, 0, 22, 220, 0, 0, 700.39%, 28, 0, 0, 535.82, 4525, 1181, 661.33%, 1793, 1693
1706880624, 0, 24, 221, 0, 0, 700.39%, 28, 0, 0, 1312.31, 4882, 1261, 661.33%, 1793, 1693
1706880624, 0, 24, 222, 0, 0, 700.39%, 30, 0, 0, 587.10, 5021, 1304, 661.33%, 1793, 1693
1706880625, 0, 25, 223, 0, 0, 700.78%, 30, 0, 0, 860.00, 5231, 1352, 664.45%, 1794, 1701
1706880625, 0, 25, 223, 0, 0, 700.78%, 31, 0, 0, 638.36, 5406, 1380, 664.45%, 1794, 1701
1706880625, 0, 27, 229, 0, 0, 700.78%, 31, 0, 0, 959.42, 5670, 1447, 664.84%, 1794, 1702
1706880626, 0, 29, 229, 0, 0, 700.78%, 32, 0, 0, 1060.32, 5895, 1556, 664.84%, 1794, 1702
1706880626, 0, 30, 230, 0, 0, 700.78%, 32, 0, 0, 1003.33, 6114, 1638, 665.23%, 1794, 1703
1706880626, 0, 33, 230, 0, 0, 700.78%, 32, 0, 0, 1194.53, 6340, 1805, 665.23%, 1794, 1703
1706880627, 0, 34, 233, 0, 0, 700.78%, 32, 0, 0, 936.60, 6556, 1914, 665.23%, 1794, 1703
1706880627, 0, 38, 235, 0, 0, 700.78%, 32, 0, 0, 1088.52, 6823, 1979, 665.23%, 1794, 1703
1706880627, 0, 41, 241, 0, 0, 700.78%, 34, 0, 0, 1303.33, 7097, 2096, 665.23%, 1794, 1703
1706880627, 0, 42, 242, 0, 0, 700.78%, 35, 0, 0, 1116.67, 7358, 2170, 665.23%, 1794, 1703
1706880628, 0, 45, 242, 0, 0, 700.78%, 36, 0, 0, 1333.33, 7705, 2223, 665.23%, 1794, 1703
1706880628, 0, 47, 244, 0, 0, 700.78%, 37, 0, 0, 1080.00, 7977, 2275, 666.41%, 1794, 1706
1706880628, 0, 49, 247, 0, 0, 700.78%, 37, 0, 0, 1187.50, 8221, 2392, 666.41%, 1794, 1706
1706880629, 0, 54, 247, 0, 0, 700.78%, 37, 0, 0, 1103.33, 8391, 2553, 666.41%, 1794, 1706
1706880629, 0, 60, 249, 0, 0, 701.17%, 37, 0, 0, 1176.67, 8625, 2672, 666.80%, 1795, 1707
1706880629, 0, 63, 249, 0, 0, 701.17%, 38, 0, 0, 1253.33, 8908, 2765, 666.80%, 1795, 1707
1706880630, 0, 65, 249, 0, 0, 701.17%, 39, 0, 0, 1026.58, 9126, 2856, 666.80%, 1795, 1707
1706880630, 0, 65, 250, 0, 0, 702.73%, 40, 0, 0, 312.90, 9182, 2897, 666.80%, 1799, 1707
1706880630, 0, 65, 253, 0, 0, 704.30%, 42, 0, 0, 355.56, 9253, 2938, 666.80%, 1803, 1707
1706880631, 0, 65, 255, 0, 0, 704.30%, 42, 0, 0, 467.53, 9332, 3003, 666.80%, 1803, 1707
1706880631, 0, 65, 255, 0, 0, 704.30%, 43, 0, 0, 326.09, 9390, 3050, 666.80%, 1803, 1707
1706880631, 0, 65, 255, 0, 0, 704.30%, 44, 0, 0, 596.03, 9515, 3105, 666.80%, 1803, 1707
1706880631, 0, 65, 256, 0, 0, 704.30%, 45, 0, 0, 350.00, 9587, 3138, 666.80%, 1803, 1707
1706880632, 0, 68, 257, 0, 0, 704.30%, 45, 0, 0, 888.54, 9754, 3258, 666.80%, 1803, 1707
1706880632, 0, 72, 260, 0, 0, 704.30%, 47, 0, 0, 591.64, 9866, 3330, 666.80%, 1803, 1707
1706880632, 0, 72, 265, 0, 0, 704.30%, 49, 0, 0, 590.00, 9958, 3415, 667.97%, 1803, 1710
1706880633, 0, 72, 267, 0, 0, 704.30%, 50, 0, 0, 331.31, 10011, 3471, 668.36%, 1803, 1711
1706880633, 0, 72, 267, 0, 0, 704.30%, 51, 0, 0, 421.05, 10097, 3537, 668.36%, 1803, 1711
1706880633, 0, 73, 269, 0, 0, 704.30%, 51, 0, 0, 1136.67, 10276, 3699, 668.36%, 1803, 1711
1706880634, 0, 75, 272, 0, 0, 704.30%, 52, 0, 0, 1206.67, 10488, 3849, 668.36%, 1803, 1711
1706880634, 0, 79, 273, 0, 0, 704.30%, 54, 0, 0, 1067.31, 10652, 4018, 668.75%, 1803, 1712
1706880634, 0, 79, 275, 0, 0, 704.69%, 56, 0, 0, 500.00, 10671, 4149, 670.31%, 1804, 1716
1706880635, 0, 79, 275, 0, 0, 704.69%, 56, 0, 0, 430.38, 10682, 4274, 670.31%, 1804, 1716
1706880635, 0, 80, 276, 0, 0, 704.69%, 57, 0, 0, 960.00, 10803, 4441, 670.31%, 1804, 1716
1706880635, 0, 86, 276, 0, 0, 704.69%, 57, 0, 0, 1390.00, 11081, 4580, 670.31%, 1804, 1716
1706880636, 0, 87, 277, 0, 0, 704.69%, 57, 0, 0, 1485.98, 11406, 4732, 670.31%, 1804, 1716
1706880636, 0, 91, 279, 0, 0, 706.64%, 58, 0, 0, 857.99, 11542, 4886, 670.31%, 1809, 1716
1706880636, 0, 92, 280, 0, 0, 706.64%, 58, 0, 0, 1071.66, 11780, 4977, 670.31%, 1809, 1716
1706880637, 0, 93, 280, 0, 0, 706.64%, 59, 0, 0, 633.69, 11964, 5030, 670.31%, 1809, 1716
1706880637, 0, 96, 282, 0, 0, 706.64%, 59, 0, 0, 740.30, 12247, 5186, 670.70%, 1809, 1717
1706880637, 0, 99, 282, 0, 0, 706.64%, 59, 0, 0, 1240.00, 12518, 5287, 670.70%, 1809, 1717
1706880638, 0, 103, 282, 0, 0, 706.64%, 61, 0, 0, 1283.33, 12777, 5413, 670.70%, 1809, 1717
1706880638, 0, 103, 282, 0, 0, 706.64%, 63, 0, 0, 716.67, 12900, 5505, 670.70%, 1809, 1717
1706880638, 0, 103, 283, 0, 0, 706.64%, 64, 0, 0, 784.77, 13027, 5615, 670.70%, 1809, 1717
1706880639, 0, 103, 283, 0, 0, 706.64%, 65, 0, 0, 784.13, 13164, 5725, 670.70%, 1809, 1717
1706880639, 0, 108, 284, 0, 0, 706.64%, 66, 0, 0, 1216.67, 13453, 5801, 670.70%, 1809, 1717
1706880639, 0, 111, 285, 0, 0, 706.64%, 66, 0, 0, 1526.67, 13777, 5935, 671.09%, 1809, 1718
1706880640, 0, 117, 285, 0, 0, 706.64%, 66, 0, 0, 1650.00, 14091, 6116, 671.09%, 1809, 1718
1706880640, 0, 121, 285, 0, 0, 706.64%, 66, 0, 0, 1529.61, 14431, 6241, 671.09%, 1809, 1718
1706880640, 0, 123, 285, 0, 0, 706.64%, 66, 0, 0, 1543.33, 14725, 6410, 671.09%, 1809, 1718
1706880640, 0, 124, 285, 0, 0, 706.64%, 66, 0, 0, 846.67, 14905, 6484, 671.09%, 1809, 1718
1706880641, 0, 124, 286, 0, 0, 706.64%, 66, 0, 0, 666.67, 15045, 6544, 671.09%, 1809, 1718
1706880641, 0, 124, 286, 0, 0, 706.64%, 66, 0, 0, 723.33, 15190, 6616, 671.09%, 1809, 1718
1706880641, 0, 124, 286, 0, 0, 706.64%, 66, 0, 0, 330.00, 15251, 6654, 671.09%, 1809, 1718
1706880642, 0, 127, 286, 0, 0, 706.64%, 66, 0, 0, 729.37, 15412, 6714, 671.09%, 1809, 1718
1706880642, 0, 132, 286, 0, 0, 706.64%, 66, 0, 0, 1576.67, 15770, 6829, 671.09%, 1809, 1718
1706880642, 0, 136, 286, 0, 0, 706.64%, 66, 0, 0, 1623.33, 16160, 6926, 671.09%, 1809, 1718
1706880643, 0, 140, 288, 0, 0, 706.64%, 67, 0, 0, 1696.67, 16488, 7107, 671.09%, 1809, 1718
1706880643, 0, 148, 288, 0, 0, 706.64%, 68, 0, 0, 1463.33, 16762, 7272, 671.09%, 1809, 1718
1706880643, 0, 153, 290, 0, 0, 706.64%, 68, 0, 0, 621.36, 16813, 7413, 671.09%, 1809, 1718
1706880643, 0, 153, 291, 0, 0, 706.64%, 68, 0, 0, 876.67, 16838, 7651, 671.09%, 1809, 1718
1706880644, 0, 161, 291, 0, 0, 706.64%, 68, 0, 0, 913.33, 16952, 7811, 671.09%, 1809, 1718
1706880644, 0, 167, 292, 0, 0, 706.64%, 69, 0, 0, 650.00, 17054, 7904, 671.09%, 1809, 1718
1706880644, 0, 169, 294, 0, 0, 706.64%, 69, 0, 0, 362.23, 17087, 7988, 671.09%, 1809, 1718
1706880645, 0, 171, 295, 0, 0, 706.64%, 69, 0, 0, 1046.67, 17132, 8257, 671.09%, 1809, 1718
1706880645, 0, 176, 299, 0, 0, 707.03%, 70, 0, 0, 626.67, 17240, 8337, 671.48%, 1810, 1719
1706880645, 0, 182, 304, 0, 0, 707.42%, 73, 0, 0, 556.67, 17305, 8439, 671.48%, 1811, 1719
1706880646, 0, 187, 304, 0, 0, 707.42%, 74, 0, 0, 1230.00, 17493, 8620, 671.48%, 1811, 1719
1706880646, 0, 190, 304, 0, 0, 707.42%, 74, 0, 0, 940.00, 17641, 8754, 671.48%, 1811, 1719
1706880646, 0, 192, 305, 0, 0, 707.42%, 74, 0, 0, 1543.33, 17969, 8889, 671.48%, 1811, 1719
1706880646, 0, 194, 305, 0, 0, 707.42%, 75, 0, 0, 1553.33, 18318, 9006, 671.48%, 1811, 1719
1706880647, 0, 198, 305, 0, 0, 707.42%, 75, 0, 0, 1720.00, 18669, 9171, 671.48%, 1811, 1719
1706880647, 0, 202, 305, 0, 0, 707.42%, 75, 0, 0, 1323.33, 18907, 9330, 671.48%, 1811, 1719
1706880647, 0, 202, 306, 0, 0, 707.42%, 77, 0, 0, 790.00, 19008, 9466, 671.48%, 1811, 1719
1706880648, 0, 202, 306, 0, 0, 707.42%, 78, 0, 0, 796.67, 19131, 9582, 671.48%, 1811, 1719
1706880648, 0, 202, 306, 0, 0, 707.42%, 78, 0, 0, 710.00, 19217, 9709, 671.48%, 1811, 1719
1706880648, 0, 206, 307, 0, 0, 708.20%, 78, 0, 0, 1313.33, 19516, 9804, 672.27%, 1813, 1721
1706880649, 0, 210, 308, 0, 0, 708.20%, 80, 0, 0, 1450.33, 19808, 9950, 672.27%, 1813, 1721
1706880649, 0, 212, 311, 0, 0, 709.38%, 83, 0, 0, 656.67, 19897, 10058, 673.44%, 1816, 1724
1706880649, 0, 212, 316, 0, 0, 709.38%, 85, 0, 0, 443.73, 19958, 10135, 673.83%, 1816, 1725
1706880650, 0, 212, 317, 0, 0, 709.38%, 86, 0, 0, 383.65, 20029, 10247, 673.83%, 1816, 1725
1706880650, 0, 212, 319, 0, 0, 709.38%, 86, 0, 0, 280.76, 20063, 10302, 673.83%, 1816, 1725
1706880650, 0, 212, 319, 0, 0, 709.38%, 88, 0, 0, 242.52, 20094, 10344, 673.83%, 1816, 1725
1706880651, 0, 212, 320, 0, 0, 709.38%, 89, 0, 0, 435.58, 20142, 10438, 673.83%, 1816, 1725
1706880651, 0, 214, 321, 0, 0, 709.38%, 89, 0, 0, 1026.67, 20341, 10547, 673.83%, 1816, 1725
1706880651, 0, 214, 321, 0, 0, 709.38%, 90, 0, 0, 5.54, 20342, 10548, 673.83%, 1816, 1725
1706880652, 0, 216, 322, 0, 0, 709.38%, 90, 0, 0, 1027.03, 20511, 10873, 673.83%, 1816, 1725
1706880652, 0, 216, 323, 0, 0, 709.38%, 90, 0, 0, 400.00, 20513, 10991, 673.83%, 1816, 1725
1706880652, 0, 216, 324, 0, 0, 709.38%, 91, 0, 0, 660.00, 20523, 11179, 673.83%, 1816, 1725
1706880653, 0, 222, 326, 0, 0, 709.38%, 91, 0, 0, 2046.67, 20962, 11354, 674.22%, 1816, 1726
1706880653, 0, 229, 326, 0, 0, 709.38%, 91, 0, 0, 2183.33, 21480, 11491, 674.22%, 1816, 1726
1706880653, 0, 241, 327, 0, 0, 710.16%, 92, 0, 0, 1196.67, 21664, 11666, 674.22%, 1818, 1726
1706880654, 0, 246, 327, 0, 0, 710.16%, 92, 0, 0, 1563.33, 22004, 11795, 674.22%, 1818, 1726
1706880654, 0, 249, 330, 0, 0, 710.16%, 92, 0, 0, 2006.67, 22335, 12066, 674.61%, 1818, 1727
1706880654, 0, 251, 331, 0, 0, 710.16%, 92, 0, 0, 1046.67, 22444, 12271, 674.61%, 1818, 1727
1706880654, 0, 252, 332, 0, 0, 710.16%, 94, 0, 0, 933.33, 22536, 12459, 674.61%, 1818, 1727
1706880655, 0, 260, 333, 0, 0, 710.16%, 94, 0, 0, 910.00, 22689, 12579, 674.61%, 1818, 1727
1706880655, 0, 261, 335, 0, 0, 710.16%, 94, 0, 0, 1210.00, 22898, 12733, 674.61%, 1818, 1727
1706880655, 0, 263, 336, 0, 0, 710.16%, 96, 0, 0, 1279.07, 23115, 12901, 674.61%, 1818, 1727
1706880656, 0, 264, 336, 0, 0, 710.16%, 97, 0, 0, 1006.67, 23277, 13041, 674.61%, 1818, 1727
1706880656, 0, 264, 337, 0, 0, 710.55%, 98, 0, 0, 913.33, 23410, 13182, 675.00%, 1819, 1728
1706880656, 0, 265, 338, 0, 0, 710.55%, 98, 0, 0, 855.26, 23534, 13318, 675.00%, 1819, 1728
1706880657, 0, 265, 338, 0, 0, 710.55%, 100, 0, 0, 966.67, 23646, 13496, 675.00%, 1819, 1728
1706880657, 0, 265, 338, 0, 0, 710.55%, 102, 0, 0, 943.33, 23759, 13666, 675.00%, 1819, 1728
1706880657, 0, 267, 343, 0, 0, 710.55%, 102, 0, 0, 800.00, 23862, 13803, 675.00%, 1819, 1728
1706880657, 0, 272, 344, 0, 0, 710.55%, 103, 0, 0, 910.00, 23995, 13943, 675.00%, 1819, 1728
1706880658, 0, 272, 344, 0, 0, 710.55%, 103, 0, 0, 913.33, 24151, 14061, 675.00%, 1819, 1728
1706880658, 0, 272, 344, 0, 0, 710.55%, 104, 0, 0, 910.00, 24310, 14175, 675.00%, 1819, 1728
1706880658, 0, 273, 345, 0, 0, 710.55%, 104, 0, 0, 746.67, 24436, 14273, 675.00%, 1819, 1728
1706880659, 0, 273, 346, 0, 0, 710.55%, 104, 0, 0, 613.33, 24532, 14361, 675.00%, 1819, 1728
1706880659, 0, 273, 347, 0, 0, 710.55%, 104, 0, 0, 644.52, 24638, 14449, 675.00%, 1819, 1728
1706880659, 0, 273, 347, 0, 0, 710.55%, 104, 0, 0, 473.33, 24719, 14510, 675.00%, 1819, 1728
1706880660, 0, 273, 347, 0, 0, 710.55%, 104, 0, 0, 626.67, 24815, 14602, 675.00%, 1819, 1728
1706880660, 0, 278, 350, 0, 0, 710.55%, 105, 0, 0, 1096.67, 24984, 14762, 675.00%, 1819, 1728
1706880660, 0, 284, 353, 0, 0, 710.55%, 107, 0, 0, 1656.77, 25312, 14936, 675.00%, 1819, 1728
1706880660, 0, 288, 353, 0, 0, 710.55%, 108, 0, 0, 1300.00, 25595, 15043, 675.00%, 1819, 1728
1706880661, 0, 293, 354, 0, 0, 710.55%, 111, 0, 0, 650.00, 25677, 15156, 675.00%, 1819, 1728
1706880661, 0, 298, 355, 0, 0, 710.55%, 112, 0, 0, 626.67, 25761, 15260, 675.00%, 1819, 1728
1706880661, 0, 298, 355, 0, 0, 710.55%, 112, 0, 0, 483.33, 25835, 15331, 675.00%, 1819, 1728
1706880662, 0, 298, 356, 0, 0, 710.55%, 112, 0, 0, 570.00, 25912, 15425, 675.00%, 1819, 1728
1706880662, 0, 298, 361, 0, 0, 710.55%, 112, 0, 0, 601.33, 25995, 15523, 675.00%, 1819, 1728
1706880662, 0, 298, 365, 0, 0, 710.55%, 112, 0, 0, 583.33, 26092, 15601, 675.00%, 1819, 1728
1706880663, 0, 299, 366, 0, 0, 710.55%, 112, 0, 0, 619.67, 26146, 15736, 675.00%, 1819, 1728
1706880663, 0, 299, 366, 0, 0, 710.55%, 112, 0, 0, 743.33, 26155, 15950, 675.00%, 1819, 1728
1706880663, 0, 300, 366, 0, 0, 710.55%, 113, 0, 0, 498.34, 26194, 16061, 675.00%, 1819, 1728
1706880663, 0, 306, 366, 0, 0, 710.55%, 113, 0, 0, 756.67, 26329, 16153, 675.00%, 1819, 1728
1706880664, 0, 306, 367, 0, 0, 710.55%, 116, 0, 0, 1046.67, 26480, 16316, 675.00%, 1819, 1728
1706880664, 0, 306, 367, 0, 0, 710.55%, 116, 0, 0, 1066.67, 26641, 16475, 675.00%, 1819, 1728
1706880664, 0, 309, 370, 0, 0, 711.33%, 118, 0, 0, 786.67, 26728, 16624, 675.78%, 1821, 1730
1706880665, 0, 309, 372, 0, 0, 711.72%, 118, 0, 0, 663.33, 26806, 16745, 675.78%, 1822, 1730
1706880665, 0, 309, 372, 0, 0, 711.72%, 118, 0, 0, 596.67, 26883, 16847, 675.78%, 1822, 1730
1706880665, 0, 309, 372, 0, 0, 711.72%, 119, 0, 0, 510.00, 26955, 16928, 675.78%, 1822, 1730
1706880666, 0, 309, 372, 0, 0, 711.72%, 119, 0, 0, 626.67, 27026, 17045, 675.78%, 1822, 1730
1706880666, 0, 312, 372, 0, 0, 711.72%, 119, 0, 0, 571.43, 27091, 17152, 675.78%, 1822, 1730
1706880666, 0, 315, 373, 0, 0, 711.72%, 119, 0, 0, 546.67, 27162, 17245, 676.17%, 1822, 1731
1706880667, 0, 315, 375, 0, 0, 711.72%, 119, 0, 0, 538.94, 27255, 17325, 676.17%, 1822, 1731
1706880667, 0, 315, 375, 0, 0, 711.72%, 120, 0, 0, 576.67, 27335, 17418, 676.17%, 1822, 1731
1706880667, 0, 315, 375, 0, 0, 711.72%, 120, 0, 0, 583.33, 27428, 17500, 676.17%, 1822, 1731
1706880667, 0, 315, 376, 0, 0, 711.72%, 120, 0, 0, 560.00, 27516, 17580, 676.17%, 1822, 1731
1706880668, 0, 319, 378, 0, 0, 711.72%, 120, 0, 0, 596.67, 27597, 17678, 676.17%, 1822, 1731
1706880668, 0, 325, 380, 0, 0, 711.72%, 121, 0, 0, 1370.00, 27845, 17841, 676.17%, 1822, 1731
1706880668, 0, 326, 380, 0, 0, 711.72%, 121, 0, 0, 1223.33, 28010, 18043, 676.17%, 1822, 1731
1706880669, 0, 326, 380, 0, 0, 711.72%, 121, 0, 0, 813.33, 28014, 18283, 676.17%, 1822, 1731
1706880669, 0, 331, 381, 0, 0, 711.72%, 122, 0, 0, 1233.33, 28232, 18435, 676.17%, 1822, 1731
1706880669, 0, 336, 381, 0, 0, 711.72%, 123, 0, 0, 1116.67, 28409, 18593, 676.17%, 1822, 1731
1706880670, 0, 336, 382, 0, 0, 711.72%, 123, 0, 0, 526.32, 28534, 18708, 676.17%, 1822, 1731
1706880670, 0, 338, 382, 0, 0, 711.72%, 124, 0, 0, 1246.67, 28720, 18896, 676.17%, 1822, 1731
1706880670, 0, 343, 383, 0, 0, 711.72%, 124, 0, 0, 636.66, 28799, 19015, 676.17%, 1822, 1731
1706880671, 0, 346, 384, 0, 0, 711.72%, 124, 0, 0, 450.00, 28886, 19063, 676.17%, 1822, 1731
1706880671, 0, 351, 384, 0, 0, 711.72%, 125, 0, 0, 441.86, 28927, 19155, 676.17%, 1822, 1731
1706880671, 0, 354, 384, 0, 0, 711.72%, 125, 0, 0, 405.94, 28996, 19209, 676.17%, 1822, 1731
1706880671, 0, 359, 387, 0, 0, 711.72%, 125, 0, 0, 453.95, 29046, 19297, 676.17%, 1822, 1731
1706880672, 0, 363, 387, 0, 0, 711.72%, 127, 0, 0, 445.18, 29115, 19362, 676.17%, 1822, 1731
1706880672, 0, 365, 388, 0, 0, 711.72%, 127, 0, 0, 285.71, 29157, 19406, 676.17%, 1822, 1731
1706880672, 0, 367, 390, 0, 0, 711.72%, 127, 0, 0, 606.67, 29255, 19490, 676.17%, 1822, 1731
1706880673, 0, 367, 390, 0, 0, 711.72%, 127, 0, 0, 1053.33, 29439, 19622, 676.17%, 1822, 1731
1706880673, 0, 367, 390, 0, 0, 711.72%, 128, 0, 0, 1050.00, 29634, 19742, 676.17%, 1822, 1731
1706880673, 0, 370, 391, 0, 0, 711.72%, 128, 0, 0, 543.05, 29719, 19821, 676.17%, 1822, 1731
1706880674, 0, 371, 392, 0, 0, 711.72%, 128, 0, 0, 553.33, 29735, 19971, 676.17%, 1822, 1731
1706880674, 0, 371, 392, 0, 0, 711.72%, 130, 0, 0, 810.63, 29751, 20199, 676.17%, 1822, 1731
1706880674, 0, 372, 392, 0, 0, 711.72%, 130, 0, 0, 652.32, 29829, 20318, 676.17%, 1822, 1731
1706880674, 0, 372, 392, 0, 0, 711.72%, 130, 0, 0, 503.33, 29918, 20380, 676.17%, 1822, 1731
1706880675, 0, 372, 392, 0, 0, 711.72%, 130, 0, 0, 633.33, 30029, 20459, 676.17%, 1822, 1731
1706880675, 0, 372, 392, 0, 0, 711.72%, 130, 0, 0, 646.67, 30136, 20546, 676.17%, 1822, 1731
1706880675, 0, 374, 392, 0, 0, 711.72%, 130, 0, 0, 653.33, 30256, 20622, 676.17%, 1822, 1731
1706880676, 0, 380, 392, 0, 0, 711.72%, 130, 0, 0, 753.33, 30343, 20761, 676.17%, 1822, 1731
1706880676, 0, 385, 393, 0, 0, 711.72%, 130, 0, 0, 528.24, 30416, 20847, 676.17%, 1822, 1731
1706880676, 0, 387, 394, 0, 0, 711.72%, 130, 0, 0, 306.67, 30456, 20899, 676.17%, 1822, 1731
1706880677, 0, 391, 396, 0, 0, 711.72%, 130, 0, 0, 445.54, 30520, 20970, 676.17%, 1822, 1731
1706880677, 0, 394, 398, 0, 0, 711.72%, 131, 0, 0, 315.61, 30578, 21007, 676.17%, 1822, 1731
1706880677, 0, 397, 402, 0, 0, 711.72%, 131, 0, 0, 372.09, 30617, 21080, 676.17%, 1822, 1731
1706880677, 0, 400, 404, 0, 0, 711.72%, 131, 0, 0, 431.89, 30680, 21147, 676.17%, 1822, 1731
1706880678, 0, 403, 408, 0, 0, 711.72%, 132, 0, 0, 410.00, 30737, 21213, 676.17%, 1822, 1731
1706880678, 0, 406, 409, 0, 0, 711.72%, 132, 0, 0, 393.33, 30791, 21277, 676.17%, 1822, 1731
1706880678, 0, 409, 412, 0, 0, 711.72%, 132, 0, 0, 440.00, 30845, 21355, 676.17%, 1822, 1731
1706880679, 0, 413, 414, 0, 0, 711.72%, 132, 0, 0, 372.09, 30882, 21430, 676.17%, 1822, 1731
1706880679, 1, 0, 416, 0, 0, 711.72%, 132, 0, 0, 933.33, 31094, 21498, 676.17%, 1822, 1731
1706880679, 1, 2, 416, 0, 0, 711.72%, 132, 0, 0, 2120.00, 31627, 21601, 676.17%, 1822, 1731
1706880680, 1, 4, 416, 0, 0, 711.72%, 132, 0, 0, 2386.67, 32273, 21671, 676.17%, 1822, 1731
1706880680, 1, 6, 416, 0, 0, 711.72%, 132, 0, 0, 2273.33, 32843, 21783, 676.17%, 1822, 1731
1706880680, 1, 8, 416, 0, 0, 711.72%, 132, 0, 0, 1498.34, 33045, 22032, 676.17%, 1822, 1731
1706880681, 1, 10, 417, 0, 0, 711.72%, 132, 0, 0, 1970.00, 33463, 22205, 676.56%, 1822, 1732
1706880681, 1, 14, 417, 0, 0, 711.72%, 132, 0, 0, 2320.00, 34057, 22307, 676.56%, 1822, 1732
1706880681, 1, 17, 417, 0, 0, 711.72%, 132, 0, 0, 1738.89, 34524, 22466, 676.56%, 1822, 1732
1706880681, 1, 21, 417, 0, 0, 711.72%, 132, 0, 0, 2076.67, 35057, 22556, 676.56%, 1822, 1732
1706880682, 1, 23, 417, 0, 0, 711.72%, 132, 0, 0, 2530.00, 35659, 22713, 676.56%, 1822, 1732
1706880682, 1, 25, 417, 0, 0, 711.72%, 132, 0, 0, 2326.67, 36229, 22841, 676.56%, 1822, 1732
1706880682, 1, 29, 417, 0, 0, 711.72%, 132, 0, 0, 2566.67, 36800, 23040, 676.56%, 1822, 1732
1706880683, 1, 33, 417, 0, 0, 711.72%, 132, 0, 0, 2123.33, 37245, 23232, 676.56%, 1822, 1732
1706880683, 1, 38, 417, 0, 0, 711.72%, 132, 0, 0, 2436.67, 37771, 23437, 676.56%, 1822, 1732
1706880683, 1, 42, 417, 0, 0, 711.72%, 132, 0, 0, 2023.33, 38203, 23612, 676.56%, 1822, 1732
1706880684, 1, 47, 417, 0, 0, 711.72%, 132, 0, 0, 2596.67, 38848, 23746, 676.56%, 1822, 1732
1706880684, 1, 54, 417, 0, 0, 711.72%, 132, 0, 0, 1523.33, 39164, 23887, 676.56%, 1822, 1732
1706880684, 1, 60, 417, 0, 0, 711.72%, 132, 0, 0, 1966.67, 39512, 24129, 676.56%, 1822, 1732
1706880684, 1, 65, 418, 0, 0, 711.72%, 132, 0, 0, 1940.79, 39944, 24287, 676.56%, 1822, 1732
1706880685, 1, 65, 418, 0, 0, 711.72%, 132, 0, 0, 1073.33, 40149, 24404, 676.56%, 1822, 1732
1706880685, 1, 65, 418, 0, 0, 711.72%, 132, 0, 0, 986.67, 40335, 24514, 676.56%, 1822, 1732
1706880685, 1, 72, 418, 0, 0, 711.72%, 132, 0, 0, 1670.00, 40651, 24699, 676.56%, 1822, 1732
1706880686, 1, 72, 418, 0, 0, 711.72%, 132, 0, 0, 1263.33, 40839, 24890, 676.56%, 1822, 1732
1706880686, 1, 73, 418, 0, 0, 711.72%, 132, 0, 0, 1476.67, 41082, 25090, 676.56%, 1822, 1732
1706880686, 1, 78, 418, 0, 0, 711.72%, 132, 0, 0, 2093.33, 41419, 25381, 676.56%, 1822, 1732
1706880687, 1, 79, 418, 0, 0, 711.72%, 132, 0, 0, 1036.42, 41471, 25642, 676.56%, 1822, 1732
1706880687, 1, 81, 418, 0, 0, 711.72%, 132, 0, 0, 1726.67, 41714, 25917, 676.56%, 1822, 1732
1706880687, 1, 88, 418, 0, 0, 711.72%, 132, 0, 0, 2409.84, 42213, 26153, 676.56%, 1822, 1732
1706880687, 1, 93, 418, 0, 0, 711.72%, 132, 0, 0, 2186.67, 42650, 26372, 676.56%, 1822, 1732
1706880688, 1, 96, 418, 0, 0, 711.72%, 132, 0, 0, 2210.00, 43101, 26584, 676.56%, 1822, 1732
1706880688, 1, 103, 418, 0, 0, 711.72%, 132, 0, 0, 2083.33, 43535, 26775, 676.56%, 1822, 1732
1706880688, 1, 103, 418, 0, 0, 711.72%, 132, 0, 0, 746.67, 43657, 26877, 676.56%, 1822, 1732
1706880689, 1, 103, 418, 0, 0, 711.72%, 132, 0, 0, 1020.00, 43832, 27008, 676.56%, 1822, 1732
1706880689, 1, 108, 418, 0, 0, 711.72%, 133, 0, 0, 1133.33, 44030, 27150, 676.56%, 1822, 1732
1706880689, 1, 111, 418, 0, 0, 711.72%, 133, 0, 0, 2273.33, 44536, 27326, 676.56%, 1822, 1732
1706880690, 1, 118, 418, 0, 0, 711.72%, 134, 0, 0, 2266.67, 44994, 27548, 676.56%, 1822, 1732
1706880690, 1, 123, 418, 0, 0, 711.72%, 134, 0, 0, 2270.00, 45423, 27800, 676.56%, 1822, 1732
1706880690, 1, 124, 418, 0, 0, 711.72%, 134, 0, 0, 970.00, 45604, 27910, 676.56%, 1822, 1732
1706880690, 1, 124, 419, 0, 0, 711.72%, 134, 0, 0, 890.00, 45784, 27997, 676.56%, 1822, 1732
1706880691, 1, 125, 419, 0, 0, 711.72%, 134, 0, 0, 1006.67, 45980, 28103, 676.56%, 1822, 1732
1706880691, 1, 132, 419, 0, 0, 711.72%, 134, 0, 0, 1630.00, 46354, 28218, 676.56%, 1822, 1732
1706880691, 1, 136, 419, 0, 0, 711.72%, 134, 0, 0, 1823.33, 46769, 28350, 676.56%, 1822, 1732
1706880692, 1, 140, 419, 0, 0, 711.72%, 134, 0, 0, 2113.33, 47210, 28543, 676.56%, 1822, 1732
1706880692, 1, 148, 419, 0, 0, 711.72%, 134, 0, 0, 1456.67, 47489, 28701, 676.56%, 1822, 1732
1706880692, 1, 153, 419, 0, 0, 711.72%, 134, 0, 0, 1041.14, 47549, 28970, 676.56%, 1822, 1732
1706880693, 1, 158, 419, 0, 0, 711.72%, 134, 0, 0, 1016.67, 47637, 29187, 676.56%, 1822, 1732
1706880693, 1, 168, 419, 0, 0, 711.72%, 134, 0, 0, 1020.00, 47804, 29326, 676.56%, 1822, 1732
1706880693, 1, 170, 419, 0, 0, 711.72%, 134, 0, 0, 1283.33, 47854, 29661, 676.56%, 1822, 1732
1706880693, 1, 175, 419, 0, 0, 711.72%, 134, 0, 0, 511.55, 47928, 29742, 676.56%, 1822, 1732
1706880694, 1, 184, 419, 0, 0, 711.72%, 134, 0, 0, 887.04, 48057, 29880, 676.56%, 1822, 1732
1706880694, 1, 189, 420, 0, 0, 711.72%, 135, 0, 0, 1716.67, 48307, 30145, 676.56%, 1822, 1732
1706880694, 1, 192, 420, 0, 0, 711.72%, 135, 0, 0, 2216.67, 48792, 30325, 676.56%, 1822, 1732
1706880695, 1, 196, 420, 0, 0, 711.72%, 135, 0, 0, 2500.00, 49355, 30512, 676.56%, 1822, 1732
1706880695, 1, 202, 420, 0, 0, 711.72%, 135, 0, 0, 1630.00, 49696, 30660, 676.56%, 1822, 1732
1706880695, 1, 202, 420, 0, 0, 711.72%, 135, 0, 0, 900.00, 49813, 30813, 676.56%, 1822, 1732
1706880696, 1, 202, 421, 0, 0, 711.72%, 136, 0, 0, 1000.00, 49941, 30985, 676.56%, 1822, 1732
1706880696, 1, 206, 421, 0, 0, 711.72%, 136, 0, 0, 1143.33, 50146, 31123, 676.56%, 1822, 1732
1706880696, 1, 209, 421, 0, 0, 711.72%, 136, 0, 0, 1886.67, 50572, 31263, 676.56%, 1822, 1732
1706880697, 1, 212, 421, 0, 0, 711.72%, 137, 0, 0, 468.60, 50651, 31378, 676.56%, 1822, 1732
1706880697, 1, 212, 421, 0, 0, 711.72%, 137, 0, 0, 690.00, 50731, 31505, 676.56%, 1822, 1732
1706880697, 1, 212, 421, 0, 0, 711.72%, 137, 0, 0, 700.00, 50809, 31637, 676.56%, 1822, 1732
1706880698, 1, 212, 421, 0, 0, 711.72%, 137, 0, 0, 598.01, 50876, 31750, 676.56%, 1822, 1732
1706880698, 1, 213, 421, 0, 0, 711.72%, 137, 0, 0, 1083.33, 51060, 31891, 676.56%, 1822, 1732
1706880698, 1, 215, 421, 0, 0, 711.72%, 137, 0, 0, 1452.15, 51222, 32169, 676.56%, 1822, 1732
1706880698, 1, 216, 421, 0, 0, 711.72%, 138, 0, 0, 1236.67, 51252, 32510, 676.56%, 1822, 1732
1706880699, 1, 222, 421, 0, 0, 711.72%, 138, 0, 0, 1900.00, 51632, 32700, 676.56%, 1822, 1732
1706880699, 1, 229, 421, 0, 0, 711.72%, 138, 0, 0, 2490.00, 52214, 32865, 676.56%, 1822, 1732
1706880699, 1, 242, 421, 0, 0, 711.72%, 139, 0, 0, 1263.33, 52402, 33056, 676.56%, 1822, 1732
1706880700, 1, 247, 421, 0, 0, 711.72%, 139, 0, 0, 1860.00, 52826, 33190, 676.56%, 1822, 1732
1706880700, 1, 249, 421, 0, 0, 711.72%, 139, 0, 0, 1803.92, 53096, 33472, 676.56%, 1822, 1732
1706880700, 1, 251, 421, 0, 0, 711.72%, 141, 0, 0, 1126.67, 53189, 33717, 676.56%, 1822, 1732
1706880701, 1, 256, 421, 0, 0, 711.72%, 141, 0, 0, 1050.00, 53324, 33897, 676.56%, 1822, 1732
1706880701, 1, 261, 421, 0, 0, 711.72%, 141, 0, 0, 1200.00, 53524, 34057, 676.56%, 1822, 1732
1706880701, 1, 261, 421, 0, 0, 711.72%, 141, 0, 0, 1246.67, 53741, 34214, 676.56%, 1822, 1732
1706880701, 1, 264, 421, 0, 0, 711.72%, 142, 0, 0, 1043.05, 53918, 34352, 676.56%, 1822, 1732
1706880702, 1, 264, 421, 0, 0, 711.72%, 142, 0, 0, 1193.33, 54095, 34533, 676.56%, 1822, 1732
1706880702, 1, 265, 422, 0, 0, 711.72%, 143, 0, 0, 1223.33, 54249, 34746, 676.56%, 1822, 1732
1706880702, 1, 265, 422, 0, 0, 711.72%, 143, 0, 0, 766.67, 54347, 34878, 676.56%, 1822, 1732
1706880703, 1, 265, 422, 0, 0, 711.72%, 144, 0, 0, 726.69, 54441, 35010, 676.56%, 1822, 1732
1706880703, 1, 266, 422, 0, 0, 711.72%, 144, 0, 0, 876.67, 54555, 35159, 676.56%, 1822, 1732
1706880703, 1, 272, 422, 0, 0, 711.72%, 144, 0, 0, 803.33, 54660, 35295, 676.56%, 1822, 1732
1706880704, 1, 272, 422, 0, 0, 711.72%, 144, 0, 0, 657.81, 54779, 35374, 676.56%, 1822, 1732
1706880704, 1, 272, 422, 0, 0, 711.72%, 144, 0, 0, 803.33, 54918, 35476, 676.56%, 1822, 1732
1706880704, 1, 272, 422, 0, 0, 711.72%, 144, 0, 0, 910.60, 55068, 35601, 676.56%, 1822, 1732
1706880704, 1, 273, 422, 0, 0, 711.72%, 144, 0, 0, 563.33, 55160, 35678, 676.56%, 1822, 1732
1706880705, 1, 273, 422, 0, 0, 711.72%, 144, 0, 0, 453.33, 55235, 35739, 676.56%, 1822, 1732
1706880705, 1, 273, 422, 0, 0, 711.72%, 144, 0, 0, 560.00, 55326, 35816, 676.56%, 1822, 1732
1706880705, 1, 273, 422, 0, 0, 711.72%, 144, 0, 0, 516.67, 55409, 35888, 676.56%, 1822, 1732
1706880706, 1, 273, 422, 0, 0, 711.72%, 145, 0, 0, 534.88, 55498, 35960, 676.56%, 1822, 1732
1706880706, 1, 276, 422, 0, 0, 711.72%, 145, 0, 0, 645.70, 55584, 36069, 676.56%, 1822, 1732
1706880706, 1, 283, 422, 0, 0, 711.72%, 147, 0, 0, 1853.33, 55906, 36303, 676.56%, 1822, 1732
1706880707, 1, 286, 422, 0, 0, 711.72%, 147, 0, 0, 1653.33, 56270, 36435, 676.56%, 1822, 1732
1706880707, 1, 293, 422, 0, 0, 711.72%, 149, 0, 0, 733.33, 56364, 36561, 676.56%, 1822, 1732
1706880707, 1, 298, 422, 0, 0, 711.72%, 149, 0, 0, 590.00, 56451, 36651, 676.56%, 1822, 1732
1706880707, 1, 298, 422, 0, 0, 711.72%, 149, 0, 0, 654.49, 56556, 36743, 676.56%, 1822, 1732
1706880708, 1, 298, 422, 0, 0, 711.72%, 149, 0, 0, 570.00, 56648, 36822, 676.56%, 1822, 1732
1706880708, 1, 298, 422, 0, 0, 711.72%, 149, 0, 0, 466.67, 56723, 36887, 676.56%, 1822, 1732
1706880708, 1, 298, 422, 0, 0, 711.72%, 149, 0, 0, 410.60, 56777, 36957, 676.56%, 1822, 1732
1706880709, 1, 299, 422, 0, 0, 711.72%, 149, 0, 0, 660.00, 56857, 37075, 676.56%, 1822, 1732
1706880709, 1, 299, 422, 0, 0, 711.72%, 150, 0, 0, 793.33, 56874, 37296, 676.56%, 1822, 1732
1706880709, 1, 302, 423, 0, 0, 711.72%, 150, 0, 0, 776.67, 56950, 37453, 678.91%, 1822, 1738
1706880710, 1, 305, 423, 0, 0, 711.72%, 150, 0, 0, 423.33, 57028, 37502, 678.91%, 1822, 1738
1706880710, 1, 306, 423, 0, 0, 711.72%, 150, 0, 0, 946.67, 57171, 37643, 678.91%, 1822, 1738
1706880710, 1, 306, 423, 0, 0, 711.72%, 150, 0, 0, 1203.33, 57353, 37822, 678.91%, 1822, 1738
1706880710, 1, 308, 423, 0, 0, 711.72%, 150, 0, 0, 836.67, 57488, 37938, 678.91%, 1822, 1738
1706880711, 1, 309, 423, 0, 0, 711.72%, 151, 0, 0, 636.67, 57553, 38064, 678.91%, 1822, 1738
1706880711, 1, 309, 424, 0, 0, 711.72%, 151, 0, 0, 583.33, 57618, 38174, 678.91%, 1822, 1738
1706880711, 1, 309, 424, 0, 0, 711.72%, 151, 0, 0, 674.42, 57690, 38305, 678.91%, 1822, 1738
1706880712, 1, 309, 424, 0, 0, 711.72%, 152, 0, 0, 663.33, 57767, 38427, 678.91%, 1822, 1738
1706880712, 1, 312, 424, 0, 0, 711.72%, 152, 0, 0, 596.03, 57833, 38541, 678.91%, 1822, 1738
1706880712, 1, 315, 424, 0, 0, 711.72%, 153, 0, 0, 673.33, 57928, 38648, 678.91%, 1822, 1738
1706880713, 1, 315, 424, 0, 0, 711.72%, 153, 0, 0, 673.33, 58023, 38755, 678.91%, 1822, 1738
1706880713, 1, 315, 424, 0, 0, 711.72%, 153, 0, 0, 512.50, 58118, 38824, 678.91%, 1822, 1738
1706880713, 1, 315, 424, 0, 0, 711.72%, 153, 0, 0, 530.00, 58203, 38898, 678.91%, 1822, 1738
1706880713, 1, 317, 424, 0, 0, 711.72%, 153, 0, 0, 600.00, 58284, 38997, 678.91%, 1822, 1738
1706880714, 1, 324, 424, 0, 0, 711.72%, 154, 0, 0, 763.33, 58385, 39125, 678.91%, 1822, 1738
1706880714, 1, 326, 424, 0, 0, 711.72%, 154, 0, 0, 1786.67, 58749, 39297, 678.91%, 1822, 1738
1706880714, 1, 326, 424, 0, 0, 711.72%, 154, 0, 0, 1020.00, 58754, 39598, 678.91%, 1822, 1738
1706880715, 1, 331, 424, 0, 0, 711.72%, 154, 0, 0, 1363.33, 58961, 39800, 678.91%, 1822, 1738
1706880715, 1, 336, 424, 0, 0, 711.72%, 154, 0, 0, 1126.67, 59139, 39960, 678.91%, 1822, 1738
1706880715, 1, 336, 424, 0, 0, 711.72%, 154, 0, 0, 1290.00, 59337, 40149, 678.91%, 1822, 1738
1706880716, 1, 341, 424, 0, 0, 711.72%, 155, 0, 0, 1056.48, 59485, 40319, 678.91%, 1822, 1738
1706880716, 1, 345, 425, 0, 0, 711.72%, 155, 0, 0, 611.30, 59579, 40409, 678.91%, 1822, 1738
1706880716, 1, 351, 425, 0, 0, 711.72%, 155, 0, 0, 633.33, 59661, 40517, 678.91%, 1822, 1738
1706880716, 1, 356, 425, 0, 0, 711.72%, 155, 0, 0, 536.67, 59737, 40602, 678.91%, 1822, 1738
1706880717, 1, 361, 425, 0, 0, 711.72%, 155, 0, 0, 573.33, 59811, 40700, 678.91%, 1822, 1738
1706880717, 1, 365, 425, 0, 0, 711.72%, 155, 0, 0, 586.67, 59901, 40786, 678.91%, 1822, 1738
1706880717, 1, 367, 426, 0, 0, 711.72%, 156, 0, 0, 1116.67, 60100, 40922, 678.91%, 1822, 1738
1706880718, 1, 367, 426, 0, 0, 711.72%, 156, 0, 0, 1043.19, 60288, 41048, 678.91%, 1822, 1738
1706880718, 1, 369, 426, 0, 0, 711.72%, 156, 0, 0, 893.69, 60435, 41170, 678.91%, 1822, 1738
1706880718, 1, 371, 427, 0, 0, 711.72%, 156, 0, 0, 483.33, 60461, 41289, 678.91%, 1822, 1738
1706880719, 1, 371, 427, 0, 0, 711.72%, 158, 0, 0, 723.13, 60472, 41500, 678.91%, 1822, 1738
1706880719, 1, 372, 427, 0, 0, 711.72%, 158, 0, 0, 590.00, 60511, 41638, 678.91%, 1822, 1738
1706880719, 1, 372, 427, 0, 0, 711.72%, 158, 0, 0, 654.49, 60618, 41728, 678.91%, 1822, 1738
1706880719, 1, 372, 427, 0, 0, 711.72%, 158, 0, 0, 663.33, 60725, 41820, 678.91%, 1822, 1738
1706880720, 1, 372, 427, 0, 0, 711.72%, 158, 0, 0, 586.67, 60832, 41889, 678.91%, 1822, 1738
1706880720, 1, 372, 427, 0, 0, 711.72%, 158, 0, 0, 593.33, 60922, 41977, 678.91%, 1822, 1738
1706880720, 1, 376, 427, 0, 0, 711.72%, 158, 0, 0, 566.67, 61008, 42061, 678.91%, 1822, 1738
1706880721, 1, 383, 429, 0, 0, 711.72%, 158, 0, 0, 750.00, 61105, 42189, 678.91%, 1822, 1738
1706880721, 1, 387, 430, 0, 0, 711.72%, 158, 0, 0, 408.64, 61158, 42259, 678.91%, 1822, 1738
1706880721, 1, 391, 430, 0, 0, 711.72%, 158, 0, 0, 549.34, 61231, 42353, 678.91%, 1822, 1738
1706880722, 1, 395, 430, 0, 0, 711.72%, 158, 0, 0, 456.67, 61295, 42426, 678.91%, 1822, 1738
1706880722, 1, 399, 431, 0, 0, 711.72%, 158, 0, 0, 475.08, 61351, 42513, 678.91%, 1822, 1738
1706880722, 1, 402, 432, 0, 0, 711.72%, 158, 0, 0, 468.44, 61411, 42594, 678.91%, 1822, 1738
1706880723, 1, 405, 432, 0, 0, 711.72%, 158, 0, 0, 285.71, 61461, 42652, 678.91%, 1822, 1738
1706880723, 1, 408, 433, 0, 0, 711.72%, 158, 0, 0, 433.33, 61519, 42724, 678.91%, 1822, 1738
1706880723, 1, 412, 433, 0, 0, 711.72%, 159, 0, 0, 486.67, 61566, 42823, 678.91%, 1822, 1738
1706880723, 1, 416, 433, 0, 0, 711.72%, 159, 0, 0, 990.00, 61763, 42923, 678.91%, 1822, 1738
1706880724, 1, 422, 433, 0, 0, 711.72%, 160, 0, 0, 1000.00, 61911, 43075, 678.91%, 1822, 1738
1706880724, 1, 422, 433, 0, 0, 711.72%, 160, 0, 0, 916.67, 62081, 43180, 678.91%, 1822, 1738
1706880724, 1, 422, 433, 0, 0, 711.72%, 160, 0, 0, 916.67, 62244, 43292, 678.91%, 1822, 1738
1706880725, 1, 425, 433, 0, 0, 711.72%, 160, 0, 0, 773.77, 62371, 43401, 678.91%, 1822, 1738
1706880725, 1, 429, 433, 0, 0, 711.72%, 160, 0, 0, 539.74, 62464, 43471, 678.91%, 1822, 1738
1706880725, 1, 432, 433, 0, 0, 711.72%, 160, 0, 0, 471.76, 62528, 43549, 678.91%, 1822, 1738
1706880726, 2, 1, 433, 0, 0, 711.72%, 161, 0, 0, 1720.00, 62949, 43644, 678.91%, 1822, 1738
1706880726, 2, 3, 433, 0, 0, 711.72%, 161, 0, 0, 1946.67, 63437, 43740, 678.91%, 1822, 1738
1706880726, 2, 5, 433, 0, 0, 711.72%, 161, 0, 0, 2500.00, 64091, 43836, 678.91%, 1822, 1738
1706880726, 2, 6, 433, 0, 0, 711.72%, 161, 0, 0, 1755.42, 64563, 43931, 678.91%, 1822, 1738
1706880727, 2, 9, 433, 0, 0, 711.72%, 162, 0, 0, 1570.00, 64744, 44221, 678.91%, 1822, 1738
1706880727, 2, 10, 433, 0, 0, 711.72%, 162, 0, 0, 1433.33, 65086, 44309, 678.91%, 1822, 1738
1706880727, 2, 15, 433, 0, 0, 711.72%, 162, 0, 0, 2456.67, 65717, 44415, 678.91%, 1822, 1738
1706880728, 2, 17, 434, 0, 0, 712.50%, 162, 0, 0, 2260.00, 66251, 44559, 678.91%, 1824, 1738
1706880728, 2, 22, 434, 0, 0, 712.50%, 162, 0, 0, 2560.00, 66872, 44706, 678.91%, 1824, 1738
1706880728, 2, 24, 434, 0, 0, 712.50%, 162, 0, 0, 1558.97, 67358, 44828, 678.91%, 1824, 1738
1706880729, 2, 25, 434, 0, 0, 712.50%, 162, 0, 0, 2263.33, 67924, 44941, 678.91%, 1824, 1738
1706880729, 2, 29, 434, 0, 0, 712.50%, 162, 0, 0, 1923.33, 68349, 45093, 678.91%, 1824, 1738
1706880729, 2, 32, 434, 0, 0, 712.50%, 162, 0, 0, 2117.65, 68821, 45269, 678.91%, 1824, 1738
1706880730, 2, 38, 434, 0, 0, 712.50%, 162, 0, 0, 2213.33, 69286, 45468, 678.91%, 1824, 1738
1706880730, 2, 42, 434, 0, 0, 712.50%, 162, 0, 0, 2356.67, 69833, 45628, 678.91%, 1824, 1738
1706880730, 2, 47, 434, 0, 0, 712.50%, 162, 0, 0, 2285.71, 70447, 45734, 678.91%, 1824, 1738
1706880731, 2, 54, 435, 0, 0, 713.28%, 162, 0, 0, 2325.58, 70866, 46015, 678.91%, 1826, 1738
1706880731, 2, 63, 435, 0, 0, 713.28%, 162, 0, 0, 2436.67, 71365, 46247, 678.91%, 1826, 1738
1706880731, 2, 65, 435, 0, 0, 713.28%, 162, 0, 0, 1480.00, 71679, 46377, 678.91%, 1826, 1738
1706880731, 2, 65, 435, 0, 0, 713.28%, 162, 0, 0, 840.00, 71838, 46470, 678.91%, 1826, 1738
1706880732, 2, 65, 435, 0, 0, 713.28%, 162, 0, 0, 885.25, 71994, 46584, 678.91%, 1826, 1738
1706880732, 2, 72, 435, 0, 0, 713.28%, 162, 0, 0, 1623.33, 72289, 46776, 678.91%, 1826, 1738
1706880732, 2, 72, 435, 0, 0, 713.28%, 162, 0, 0, 1296.67, 72490, 46964, 678.91%, 1826, 1738
1706880733, 2, 73, 435, 0, 0, 713.28%, 162, 0, 0, 1316.67, 72693, 47156, 678.91%, 1826, 1738
1706880733, 2, 78, 435, 0, 0, 713.28%, 162, 0, 0, 1970.00, 73004, 47436, 678.91%, 1826, 1738
1706880733, 2, 79, 435, 0, 0, 713.28%, 162, 0, 0, 1196.67, 73089, 47710, 678.91%, 1826, 1738
1706880734, 2, 81, 435, 0, 0, 713.28%, 162, 0, 0, 1386.67, 73270, 47945, 678.91%, 1826, 1738
1706880734, 2, 87, 435, 0, 0, 713.28%, 162, 0, 0, 2376.67, 73761, 48167, 678.91%, 1826, 1738
1706880734, 2, 92, 435, 0, 0, 713.28%, 162, 0, 0, 1480.00, 73998, 48374, 678.91%, 1826, 1738
1706880734, 2, 95, 435, 0, 0, 713.28%, 162, 0, 0, 2370.00, 74535, 48548, 678.91%, 1826, 1738
1706880735, 2, 99, 435, 0, 0, 713.28%, 163, 0, 0, 1981.07, 74946, 48765, 678.91%, 1826, 1738
1706880735, 2, 103, 435, 0, 0, 713.28%, 163, 0, 0, 1356.67, 75205, 48913, 678.91%, 1826, 1738
1706880735, 2, 103, 435, 0, 0, 713.28%, 164, 0, 0, 876.67, 75350, 49031, 678.91%, 1826, 1738
1706880736, 2, 103, 435, 0, 0, 713.28%, 164, 0, 0, 923.33, 75524, 49134, 678.91%, 1826, 1738
1706880736, 2, 108, 435, 0, 0, 713.28%, 164, 0, 0, 1406.67, 75838, 49242, 678.91%, 1826, 1738
1706880736, 2, 111, 435, 0, 0, 713.28%, 164, 0, 0, 2026.67, 76274, 49414, 678.91%, 1826, 1738
1706880737, 2, 118, 435, 0, 0, 713.28%, 165, 0, 0, 1760.00, 76594, 49622, 678.91%, 1826, 1738
1706880737, 2, 123, 435, 0, 0, 713.28%, 165, 0, 0, 2033.33, 76998, 49828, 678.91%, 1826, 1738
1706880737, 2, 124, 436, 0, 0, 713.28%, 165, 0, 0, 1210.00, 77221, 49968, 679.30%, 1826, 1739
1706880737, 2, 124, 436, 0, 0, 713.28%, 165, 0, 0, 1010.00, 77424, 50068, 679.30%, 1826, 1739
1706880738, 2, 124, 436, 0, 0, 713.28%, 165, 0, 0, 853.33, 77602, 50146, 679.30%, 1826, 1739
1706880738, 2, 132, 436, 0, 0, 713.28%, 165, 0, 0, 1703.33, 77995, 50264, 679.30%, 1826, 1739
1706880738, 2, 136, 436, 0, 0, 713.28%, 165, 0, 0, 1509.87, 78341, 50377, 679.30%, 1826, 1739
1706880739, 2, 141, 436, 0, 0, 713.28%, 165, 0, 0, 2570.00, 78884, 50605, 679.30%, 1826, 1739
1706880739, 2, 150, 436, 0, 0, 713.28%, 165, 0, 0, 1316.67, 79107, 50777, 679.30%, 1826, 1739
1706880739, 2, 153, 436, 0, 0, 713.28%, 165, 0, 0, 1163.33, 79154, 51079, 679.30%, 1826, 1739
1706880740, 2, 159, 436, 0, 0, 713.28%, 165, 0, 0, 901.27, 79258, 51258, 679.30%, 1826, 1739
1706880740, 2, 168, 436, 0, 0, 713.28%, 165, 0, 0, 893.33, 79396, 51388, 679.30%, 1826, 1739
1706880740, 2, 169, 436, 0, 0, 713.28%, 165, 0, 0, 702.27, 79420, 51581, 679.30%, 1826, 1739
1706880741, 2, 175, 436, 0, 0, 713.28%, 166, 0, 0, 809.78, 79492, 51807, 679.30%, 1826, 1739
1706880741, 2, 183, 436, 0, 0, 713.28%, 166, 0, 0, 903.33, 79621, 51949, 679.30%, 1826, 1739
1706880741, 2, 187, 436, 0, 0, 713.28%, 166, 0, 0, 1486.67, 79853, 52163, 679.30%, 1826, 1739
1706880741, 2, 190, 436, 0, 0, 713.28%, 166, 0, 0, 1606.67, 80186, 52312, 679.30%, 1826, 1739
1706880742, 2, 195, 436, 0, 0, 713.28%, 166, 0, 0, 2406.67, 80687, 52533, 679.30%, 1826, 1739
1706880742, 2, 200, 436, 0, 0, 713.28%, 166, 0, 0, 2209.30, 81202, 52683, 679.30%, 1826, 1739
1706880742, 2, 202, 436, 0, 0, 713.28%, 166, 0, 0, 963.33, 81327, 52847, 679.30%, 1826, 1739
1706880743, 2, 202, 436, 0, 0, 713.28%, 166, 0, 0, 906.98, 81446, 53001, 679.30%, 1826, 1739
1706880743, 2, 204, 436, 0, 0, 713.28%, 166, 0, 0, 960.00, 81583, 53152, 679.30%, 1826, 1739
1706880743, 2, 207, 436, 0, 0, 713.28%, 166, 0, 0, 2160.00, 82073, 53310, 679.30%, 1826, 1739
1706880744, 2, 212, 436, 0, 0, 713.28%, 166, 0, 0, 867.11, 82215, 53429, 679.30%, 1826, 1739
1706880744, 2, 212, 436, 0, 0, 713.28%, 166, 0, 0, 620.00, 82306, 53524, 679.30%, 1826, 1739
1706880744, 2, 212, 436, 0, 0, 713.28%, 166, 0, 0, 637.87, 82386, 53636, 679.30%, 1826, 1739
1706880744, 2, 212, 436, 0, 0, 713.28%, 167, 0, 0, 650.00, 82468, 53749, 679.30%, 1826, 1739
1706880745, 2, 212, 436, 0, 0, 713.28%, 167, 0, 0, 423.08, 82526, 53823, 679.30%, 1826, 1739
1706880745, 2, 215, 437, 0, 0, 713.28%, 167, 0, 0, 1580.00, 82788, 54035, 679.30%, 1826, 1739
1706880745, 2, 216, 438, 0, 0, 713.28%, 168, 0, 0, 1153.33, 82873, 54296, 680.86%, 1826, 1743
1706880746, 2, 218, 438, 0, 0, 713.28%, 169, 0, 0, 1730.00, 83058, 54630, 680.86%, 1826, 1743
1706880746, 2, 225, 438, 0, 0, 713.28%, 169, 0, 0, 2176.67, 83569, 54772, 680.86%, 1826, 1743
1706880746, 2, 234, 438, 0, 0, 713.28%, 169, 0, 0, 1710.00, 83937, 54917, 680.86%, 1826, 1743
1706880747, 2, 242, 438, 0, 0, 713.28%, 170, 0, 0, 703.33, 84017, 55048, 680.86%, 1826, 1743
1706880747, 2, 247, 438, 0, 0, 713.28%, 170, 0, 0, 1650.00, 84391, 55169, 680.86%, 1826, 1743
1706880747, 2, 249, 438, 0, 0, 713.28%, 170, 0, 0, 1860.00, 84686, 55432, 680.86%, 1826, 1743
1706880747, 2, 251, 438, 0, 0, 713.28%, 170, 0, 0, 1212.62, 84798, 55685, 680.86%, 1826, 1743
1706880748, 2, 255, 438, 0, 0, 713.28%, 170, 0, 0, 1053.33, 84924, 55875, 680.86%, 1826, 1743
1706880748, 2, 261, 438, 0, 0, 713.28%, 170, 0, 0, 1216.67, 85117, 56047, 680.86%, 1826, 1743
1706880748, 2, 261, 438, 0, 0, 713.28%, 170, 0, 0, 1283.33, 85327, 56222, 680.86%, 1826, 1743
1706880749, 2, 264, 438, 0, 0, 713.28%, 170, 0, 0, 1106.31, 85502, 56380, 680.86%, 1826, 1743
1706880749, 2, 264, 438, 0, 0, 713.28%, 170, 0, 0, 1386.67, 85714, 56584, 680.86%, 1826, 1743
1706880749, 2, 265, 438, 0, 0, 713.28%, 170, 0, 0, 1190.00, 85893, 56762, 680.86%, 1826, 1743
1706880750, 2, 265, 438, 0, 0, 713.28%, 170, 0, 0, 666.67, 85981, 56874, 680.86%, 1826, 1743
1706880750, 2, 265, 438, 0, 0, 713.28%, 170, 0, 0, 1000.00, 86089, 57066, 680.86%, 1826, 1743
1706880750, 2, 270, 438, 0, 0, 713.28%, 171, 0, 0, 960.00, 86197, 57246, 680.86%, 1826, 1743
1706880750, 2, 272, 438, 0, 0, 713.28%, 171, 0, 0, 733.33, 86298, 57365, 680.86%, 1826, 1743
1706880751, 2, 272, 438, 0, 0, 713.28%, 171, 0, 0, 693.33, 86414, 57457, 680.86%, 1826, 1743
1706880751, 2, 272, 438, 0, 0, 713.28%, 171, 0, 0, 573.33, 86505, 57538, 680.86%, 1826, 1743
1706880751, 2, 272, 438, 0, 0, 713.28%, 171, 0, 0, 612.80, 86624, 57620, 680.86%, 1826, 1743
1706880752, 2, 273, 438, 0, 0, 713.28%, 171, 0, 0, 361.56, 86678, 57677, 680.86%, 1826, 1743
1706880752, 2, 273, 438, 0, 0, 713.28%, 171, 0, 0, 264.71, 86714, 57722, 680.86%, 1826, 1743
1706880752, 2, 273, 438, 0, 0, 713.28%, 171, 0, 0, 332.23, 86764, 57772, 680.86%, 1826, 1743
1706880753, 2, 273, 438, 0, 0, 713.28%, 171, 0, 0, 312.70, 86816, 57816, 680.86%, 1826, 1743
1706880753, 2, 273, 438, 0, 0, 713.28%, 171, 0, 0, 353.33, 86872, 57866, 680.86%, 1826, 1743
1706880753, 2, 273, 438, 0, 0, 713.28%, 171, 0, 0, 280.00, 86912, 57910, 680.86%, 1826, 1743
1706880753, 2, 273, 438, 0, 0, 713.28%, 171, 0, 0, 352.16, 86959, 57969, 680.86%, 1826, 1743
1706880754, 2, 273, 438, 0, 0, 713.28%, 172, 0, 0, 193.33, 86991, 57995, 680.86%, 1826, 1743
1706880754, 2, 273, 438, 0, 0, 713.28%, 172, 0, 0, 276.32, 87032, 58038, 680.86%, 1826, 1743
1706880754, 2, 274, 438, 0, 0, 713.28%, 172, 0, 0, 317.88, 87075, 58091, 680.86%, 1826, 1743
1706880755, 2, 278, 438, 0, 0, 713.28%, 173, 0, 0, 803.92, 87179, 58233, 680.86%, 1826, 1743
1706880755, 2, 283, 438, 0, 0, 713.28%, 173, 0, 0, 1293.33, 87427, 58373, 680.86%, 1826, 1743
1706880755, 2, 285, 438, 0, 0, 713.28%, 173, 0, 0, 1580.00, 87799, 58475, 680.86%, 1826, 1743
1706880756, 2, 292, 438, 0, 0, 713.28%, 173, 0, 0, 696.67, 87890, 58593, 680.86%, 1826, 1743
1706880756, 2, 298, 438, 0, 0, 713.28%, 173, 0, 0, 697.67, 87997, 58696, 680.86%, 1826, 1743
1706880756, 2, 298, 438, 0, 0, 713.28%, 173, 0, 0, 614.62, 88079, 58799, 680.86%, 1826, 1743
1706880757, 2, 298, 438, 0, 0, 713.28%, 173, 0, 0, 456.67, 88147, 58868, 680.86%, 1826, 1743
1706880757, 2, 298, 438, 0, 0, 713.28%, 173, 0, 0, 326.67, 88200, 58913, 680.86%, 1826, 1743
1706880757, 2, 298, 438, 0, 0, 713.28%, 173, 0, 0, 213.11, 88231, 58947, 680.86%, 1826, 1743
1706880757, 2, 298, 438, 0, 0, 713.28%, 173, 0, 0, 413.33, 88292, 59010, 680.86%, 1826, 1743
1706880758, 2, 298, 438, 0, 0, 713.28%, 173, 0, 0, 328.22, 88349, 59060, 680.86%, 1826, 1743
1706880758, 2, 299, 438, 0, 0, 713.28%, 173, 0, 0, 614.62, 88403, 59191, 680.86%, 1826, 1743
1706880758, 2, 299, 438, 0, 0, 713.28%, 173, 0, 0, 660.00, 88411, 59381, 680.86%, 1826, 1743
1706880759, 2, 302, 438, 0, 0, 713.28%, 173, 0, 0, 700.00, 88482, 59520, 680.86%, 1826, 1743
1706880759, 2, 306, 438, 0, 0, 713.28%, 174, 0, 0, 826.67, 88618, 59632, 680.86%, 1826, 1743
1706880759, 2, 306, 438, 0, 0, 713.28%, 175, 0, 0, 1219.27, 88811, 59806, 680.86%, 1826, 1743
1706880760, 2, 307, 438, 0, 0, 713.28%, 175, 0, 0, 1150.00, 88972, 59990, 680.86%, 1826, 1743
1706880760, 2, 309, 438, 0, 0, 713.28%, 175, 0, 0, 500.00, 89027, 60085, 680.86%, 1826, 1743
1706880760, 2, 309, 438, 0, 0, 713.28%, 175, 0, 0, 533.33, 89085, 60187, 680.86%, 1826, 1743
1706880760, 2, 309, 438, 0, 0, 713.28%, 175, 0, 0, 673.33, 89159, 60315, 680.86%, 1826, 1743
1706880761, 2, 309, 438, 0, 0, 713.28%, 175, 0, 0, 632.45, 89242, 60423, 680.86%, 1826, 1743
1706880761, 2, 309, 438, 0, 0, 713.28%, 175, 0, 0, 666.67, 89328, 60537, 680.86%, 1826, 1743
1706880761, 2, 314, 438, 0, 0, 713.28%, 176, 0, 0, 490.00, 89378, 60634, 680.86%, 1826, 1743
1706880762, 2, 315, 438, 0, 0, 713.28%, 176, 0, 0, 551.16, 89479, 60700, 680.86%, 1826, 1743
1706880762, 2, 315, 438, 0, 0, 713.28%, 176, 0, 0, 593.33, 89572, 60785, 680.86%, 1826, 1743
1706880762, 2, 315, 438, 0, 0, 713.28%, 176, 0, 0, 653.33, 89670, 60883, 680.86%, 1826, 1743
1706880763, 2, 315, 438, 0, 0, 713.28%, 176, 0, 0, 607.97, 89753, 60983, 680.86%, 1826, 1743
1706880763, 2, 318, 438, 0, 0, 713.28%, 176, 0, 0, 656.67, 89848, 61085, 680.86%, 1826, 1743
1706880763, 2, 325, 438, 0, 0, 713.28%, 177, 0, 0, 1383.33, 90091, 61257, 680.86%, 1826, 1743
1706880763, 2, 326, 438, 0, 0, 713.28%, 177, 0, 0, 1560.00, 90282, 61534, 680.86%, 1826, 1743
1706880764, 2, 327, 438, 0, 0, 713.28%, 177, 0, 0, 1203.33, 90386, 61791, 680.86%, 1826, 1743
1706880764, 2, 334, 438, 0, 0, 713.28%, 177, 0, 0, 1013.33, 90545, 61936, 680.86%, 1826, 1743
1706880764, 2, 336, 438, 0, 0, 713.28%, 177, 0, 0, 1273.33, 90758, 62105, 680.86%, 1826, 1743
1706880765, 2, 336, 438, 0, 0, 713.28%, 178, 0, 0, 1253.33, 90966, 62273, 680.86%, 1826, 1743
1706880765, 2, 342, 438, 0, 0, 713.28%, 178, 0, 0, 810.63, 91078, 62405, 680.86%, 1826, 1743
1706880765, 2, 346, 438, 0, 0, 713.28%, 179, 0, 0, 518.27, 91165, 62474, 680.86%, 1826, 1743
1706880766, 2, 353, 438, 0, 0, 713.28%, 179, 0, 0, 670.00, 91245, 62595, 680.86%, 1826, 1743
1706880766, 2, 359, 438, 0, 0, 713.28%, 180, 0, 0, 596.67, 91319, 62700, 680.86%, 1826, 1743
1706880766, 2, 363, 438, 0, 0, 713.28%, 180, 0, 0, 561.46, 91410, 62778, 680.86%, 1826, 1743
1706880766, 2, 367, 438, 0, 0, 713.28%, 180, 0, 0, 613.33, 91517, 62855, 680.86%, 1826, 1743
1706880767, 2, 367, 438, 0, 0, 713.28%, 180, 0, 0, 1033.33, 91702, 62980, 680.86%, 1826, 1743
1706880767, 2, 367, 438, 0, 0, 713.28%, 180, 0, 0, 1043.33, 91910, 63085, 680.86%, 1826, 1743
1706880767, 2, 370, 439, 0, 0, 713.28%, 180, 0, 0, 735.10, 92018, 63199, 680.86%, 1826, 1743
1706880768, 2, 371, 439, 0, 0, 713.28%, 180, 0, 0, 593.33, 92031, 63364, 680.86%, 1826, 1743
1706880768, 2, 371, 439, 0, 0, 713.28%, 180, 0, 0, 777.41, 92047, 63582, 680.86%, 1826, 1743
1706880768, 2, 372, 439, 0, 0, 713.28%, 180, 0, 0, 677.74, 92135, 63698, 680.86%, 1826, 1743
1706880769, 2, 372, 439, 0, 0, 713.28%, 180, 0, 0, 573.33, 92239, 63766, 680.86%, 1826, 1743
1706880769, 2, 372, 439, 0, 0, 713.28%, 180, 0, 0, 611.30, 92336, 63853, 680.86%, 1826, 1743
1706880769, 2, 372, 439, 0, 0, 713.28%, 180, 0, 0, 586.67, 92424, 63941, 680.86%, 1826, 1743
1706880769, 2, 374, 439, 0, 0, 713.28%, 180, 0, 0, 623.33, 92523, 64029, 680.86%, 1826, 1743
1706880770, 2, 378, 439, 0, 0, 713.28%, 180, 0, 0, 603.33, 92615, 64118, 680.86%, 1826, 1743
1706880770, 2, 385, 439, 0, 0, 713.28%, 180, 0, 0, 716.67, 92714, 64234, 680.86%, 1826, 1743
1706880770, 2, 391, 440, 0, 0, 713.28%, 180, 0, 0, 620.00, 92803, 64331, 680.86%, 1826, 1743
1706880771, 2, 394, 440, 0, 0, 713.28%, 180, 0, 0, 463.58, 92863, 64411, 680.86%, 1826, 1743
1706880771, 2, 398, 440, 0, 0, 713.28%, 180, 0, 0, 455.15, 92917, 64494, 680.86%, 1826, 1743
1706880771, 2, 401, 440, 0, 0, 713.28%, 180, 0, 0, 420.53, 92973, 64565, 680.86%, 1826, 1743
1706880772, 2, 404, 440, 0, 0, 713.28%, 180, 0, 0, 282.44, 93026, 64623, 680.86%, 1826, 1743
1706880772, 2, 407, 440, 0, 0, 713.28%, 180, 0, 0, 373.33, 93072, 64689, 680.86%, 1826, 1743
1706880772, 2, 409, 440, 0, 0, 713.28%, 180, 0, 0, 385.38, 93121, 64756, 680.86%, 1826, 1743
1706880773, 2, 413, 441, 0, 0, 713.28%, 180, 0, 0, 413.91, 93155, 64847, 680.86%, 1826, 1743
1706880773, 2, 419, 441, 0, 0, 713.28%, 180, 0, 0, 1210.00, 93403, 64962, 680.86%, 1826, 1743
1706880773, 2, 422, 441, 0, 0, 713.28%, 180, 0, 0, 786.67, 93532, 65069, 680.86%, 1826, 1743
1706880773, 2, 422, 441, 0, 0, 713.28%, 180, 0, 0, 843.33, 93683, 65171, 680.86%, 1826, 1743
1706880774, 2, 422, 441, 0, 0, 713.28%, 181, 0, 0, 833.33, 93853, 65271, 680.86%, 1826, 1743
1706880774, 2, 426, 441, 0, 0, 713.28%, 182, 0, 0, 816.67, 93976, 65393, 680.86%, 1826, 1743
1706880774, 2, 429, 442, 0, 0, 713.28%, 183, 0, 0, 520.00, 94050, 65475, 680.86%, 1826, 1743
1706880775, 2, 431, 443, 0, 0, 713.28%, 184, 0, 0, 200.00, 94080, 65506, 680.86%, 1826, 1743
1706880775, 2, 434, 443, 0, 0, 713.28%, 184, 0, 0, 1410.00, 94322, 65687, 680.86%, 1826, 1743
1706880775, 2, 437, 443, 0, 0, 713.28%, 184, 0, 0, 1713.33, 94631, 65892, 680.86%, 1826, 1743
1706880776, 2, 437, 443, 0, 0, 713.28%, 184, 0, 0, 1053.33, 94792, 66047, 680.86%, 1826, 1743
1706880776, 2, 437, 443, 0, 0, 713.28%, 184, 0, 0, 1040.00, 94943, 66208, 680.86%, 1826, 1743
1706880776, 2, 441, 444, 0, 0, 713.28%, 184, 0, 0, 586.67, 95028, 66299, 680.86%, 1826, 1743
1706880776, 3, 0, 445, 0, 0, 713.28%, 184, 0, 0, 736.67, 95178, 66370, 680.86%, 1826, 1743
1706880777, 3, 1, 445, 0, 0, 713.28%, 184, 0, 0, 1856.67, 95658, 66447, 680.86%, 1826, 1743
1706880777, 3, 4, 445, 0, 0, 713.28%, 184, 0, 0, 2463.33, 96309, 66535, 680.86%, 1826, 1743
1706880777, 3, 6, 445, 0, 0, 713.28%, 184, 0, 0, 2370.00, 96914, 66641, 680.86%, 1826, 1743
1706880778, 3, 8, 445, 0, 0, 713.28%, 185, 0, 0, 1553.33, 97127, 66894, 680.86%, 1826, 1743
1706880778, 3, 10, 445, 0, 0, 713.28%, 185, 0, 0, 1760.00, 97510, 67039, 680.86%, 1826, 1743
1706880778, 3, 14, 445, 0, 0, 713.28%, 185, 0, 0, 2139.61, 98076, 67132, 680.86%, 1826, 1743
1706880779, 3, 17, 445, 0, 0, 713.28%, 185, 0, 0, 2333.33, 98613, 67295, 680.86%, 1826, 1743
1706880779, 3, 21, 445, 0, 0, 713.28%, 185, 0, 0, 2366.67, 99217, 67401, 680.86%, 1826, 1743
1706880779, 3, 23, 445, 0, 0, 713.28%, 185, 0, 0, 2553.33, 99834, 67550, 680.86%, 1826, 1743
1706880779, 3, 25, 445, 0, 0, 713.28%, 185, 0, 0, 2390.00, 100393, 67708, 680.86%, 1826, 1743
1706880780, 3, 29, 445, 0, 0, 713.28%, 185, 0, 0, 2433.33, 100925, 67906, 680.86%, 1826, 1743
1706880780, 3, 34, 445, 0, 0, 713.28%, 185, 0, 0, 2793.33, 101467, 68202, 680.86%, 1826, 1743
1706880780, 3, 41, 445, 0, 0, 713.28%, 185, 0, 0, 2466.67, 102037, 68372, 680.86%, 1826, 1743
1706880781, 3, 45, 445, 0, 0, 713.28%, 185, 0, 0, 2443.33, 102613, 68529, 680.86%, 1826, 1743
1706880781, 3, 49, 445, 0, 0, 713.28%, 185, 0, 0, 2483.33, 103149, 68738, 680.86%, 1826, 1743
1706880781, 3, 60, 445, 0, 0, 713.28%, 187, 0, 0, 1996.67, 103475, 69011, 680.86%, 1826, 1743
1706880782, 3, 64, 445, 0, 0, 713.28%, 187, 0, 0, 2140.00, 103974, 69154, 680.86%, 1826, 1743
1706880782, 3, 65, 445, 0, 0, 713.28%, 187, 0, 0, 1020.00, 104162, 69272, 680.86%, 1826, 1743
1706880782, 3, 65, 445, 0, 0, 713.28%, 187, 0, 0, 663.33, 104293, 69340, 680.86%, 1826, 1743
1706880782, 3, 65, 445, 0, 0, 713.28%, 187, 0, 0, 1016.67, 104477, 69461, 680.86%, 1826, 1743
1706880783, 3, 72, 445, 0, 0, 713.28%, 187, 0, 0, 1813.33, 104794, 69688, 680.86%, 1826, 1743
1706880783, 3, 72, 445, 0, 0, 713.28%, 187, 0, 0, 1186.67, 104981, 69857, 680.86%, 1826, 1743
1706880783, 3, 75, 445, 0, 0, 713.28%, 187, 0, 0, 1963.33, 105301, 70126, 680.86%, 1826, 1743
1706880784, 3, 79, 445, 0, 0, 713.28%, 187, 0, 0, 1633.33, 105514, 70403, 680.86%, 1826, 1743
1706880784, 3, 80, 446, 0, 0, 713.28%, 187, 0, 0, 1320.00, 105595, 70718, 680.86%, 1826, 1743
1706880784, 3, 86, 446, 0, 0, 713.28%, 187, 0, 0, 1736.67, 105934, 70900, 680.86%, 1826, 1743
1706880785, 3, 91, 446, 0, 0, 713.28%, 187, 0, 0, 2020.00, 106313, 71127, 680.86%, 1826, 1743
1706880785, 3, 93, 446, 0, 0, 713.28%, 187, 0, 0, 2446.67, 106847, 71327, 680.86%, 1826, 1743
1706880785, 3, 93, 446, 0, 0, 713.28%, 187, 0, 0, 0.00, 106847, 71327, 680.86%, 1826, 1743
