# unix_time, cycles_done, cur_path, paths_total, pending_total, pending_favs, map_size, unique_crashes, unique_hangs, max_depth, execs_per_sec, valid_inputs, invalid_inputs, valid_cov, all_covered_probes, valid_covered_probes
1706880608, 0, 0, 1, 0, 0, 330.86%, 0, 0, 0, 0.31, 1, 0, 330.86%, 847, 847
1706880608, 0, 0, 18, 0, 0, 723.44%, 3, 0, 0, 92.36, 27, 3, 723.44%, 1852, 1852
1706880609, 0, 0, 34, 0, 0, 747.27%, 6, 0, 0, 284.77, 95, 21, 725.39%, 1913, 1857
1706880609, 0, 0, 55, 0, 0, 767.97%, 8, 0, 0, 283.33, 164, 37, 735.94%, 1966, 1884
1706880609, 0, 0, 64, 0, 0, 771.88%, 11, 0, 0, 255.81, 227, 51, 737.89%, 1976, 1889
1706880610, 0, 0, 78, 0, 0, 775.39%, 13, 0, 0, 398.71, 328, 74, 739.45%, 1985, 1893
1706880610, 0, 1, 88, 0, 0, 775.78%, 16, 0, 0, 385.35, 429, 94, 739.45%, 1986, 1893
1706880610, 0, 1, 98, 0, 0, 784.38%, 18, 0, 0, 462.73, 555, 117, 753.91%, 2008, 1930
1706880611, 0, 2, 111, 0, 0, 785.16%, 18, 0, 0, 426.67, 666, 134, 754.30%, 2010, 1931
1706880611, 0, 2, 125, 0, 0, 787.50%, 19, 0, 0, 496.67, 787, 162, 755.08%, 2016, 1933
1706880611, 0, 3, 128, 0, 0, 789.06%, 20, 0, 0, 496.67, 923, 175, 757.03%, 2020, 1938
1706880612, 0, 4, 130, 0, 0, 789.06%, 23, 0, 0, 696.43, 1124, 208, 757.03%, 2020, 1938
1706880612, 0, 4, 137, 0, 0, 790.23%, 23, 0, 0, 435.19, 1250, 223, 757.03%, 2023, 1938
1706880612, 0, 4, 138, 0, 0, 790.23%, 23, 0, 0, 83.33, 1289, 230, 757.03%, 2023, 1938
1706880613, 0, 5, 143, 0, 0, 791.02%, 24, 0, 0, 481.93, 1428, 251, 758.20%, 2025, 1941
1706880613, 0, 6, 147, 0, 0, 791.41%, 27, 0, 0, 624.58, 1580, 287, 758.20%, 2026, 1941
1706880613, 0, 6, 152, 0, 0, 792.19%, 30, 0, 0, 303.33, 1628, 330, 758.59%, 2028, 1942
1706880614, 0, 6, 155, 0, 0, 792.19%, 33, 0, 0, 135.38, 1648, 354, 758.59%, 2028, 1942
1706880614, 0, 6, 156, 0, 0, 792.19%, 36, 0, 0, 224.42, 1676, 394, 758.59%, 2028, 1942
1706880614, 0, 6, 160, 0, 0, 792.97%, 36, 0, 0, 208.72, 1709, 428, 758.59%, 2030, 1942
1706880615, 0, 6, 162, 0, 0, 793.36%, 37, 0, 0, 113.64, 1734, 453, 759.38%, 2031, 1944
1706880615, 0, 6, 162, 0, 0, 793.36%, 38, 0, 0, 104.94, 1751, 470, 759.38%, 2031, 1944
1706880615, 0, 6, 164, 0, 0, 793.75%, 40, 0, 0, 252.25, 1791, 514, 759.38%, 2032, 1944
1706880616, 0, 6, 164, 0, 0, 793.75%, 42, 0, 0, 199.34, 1814, 551, 759.38%, 2032, 1944
1706880616, 0, 6, 166, 0, 0, 793.75%, 42, 0, 0, 80.00, 1826, 563, 759.38%, 2032, 1944
1706880616, 0, 6, 167, 0, 0, 793.75%, 42, 0, 0, 111.11, 1849, 582, 759.38%, 2032, 1944
1706880617, 0, 6, 167, 0, 0, 793.75%, 43, 0, 0, 28.49, 1857, 593, 759.38%, 2032, 1944
1706880617, 0, 6, 168, 0, 0, 793.75%, 46, 0, 0, 310.14, 1907, 650, 759.38%, 2032, 1944
1706880618, 0, 8, 170, 0, 0, 793.75%, 46, 0, 0, 135.99, 1981, 675, 759.38%, 2032, 1944
1706880618, 0, 8, 173, 0, 0, 794.14%, 46, 0, 0, 696.67, 2138, 727, 759.38%, 2033, 1944
1706880619, 0, 8, 174, 0, 0, 794.14%, 46, 0, 0, 225.49, 2192, 742, 759.38%, 2033, 1944
1706880619, 0, 10, 177, 0, 0, 794.53%, 48, 0, 0, 473.86, 2310, 769, 759.77%, 2034, 1945
1706880619, 0, 14, 179, 0, 0, 794.92%, 51, 0, 0, 530.00, 2450, 788, 760.16%, 2035, 1946
1706880620, 0, 16, 181, 0, 0, 794.92%, 51, 0, 0, 851.12, 2715, 826, 760.55%, 2035, 1947
1706880620, 0, 16, 186, 0, 0, 795.31%, 51, 0, 0, 512.35, 2842, 865, 760.55%, 2036, 1947
1706880620, 0, 21, 187, 0, 0, 795.31%, 51, 0, 0, 1256.10, 3201, 918, 760.55%, 2036, 1947
1706880621, 0, 26, 189, 0, 0, 795.31%, 52, 0, 0, 652.69, 3351, 986, 760.94%, 2036, 1948
1706880621, 0, 28, 190, 0, 0, 795.31%, 52, 0, 0, 340.00, 3424, 1015, 760.94%, 2036, 1948
1706880621, 0, 28, 192, 0, 0, 795.31%, 52, 0, 0, 323.81, 3501, 1040, 760.94%, 2036, 1948
1706880622, 0, 29, 194, 0, 0, 795.31%, 52, 0, 0, 598.01, 3599, 1122, 760.94%, 2036, 1948
1706880622, 0, 29, 199, 0, 0, 796.88%, 54, 0, 0, 381.82, 3614, 1233, 763.67%, 2040, 1955
1706880622, 0, 30, 200, 0, 0, 796.88%, 55, 0, 0, 354.04, 3638, 1323, 763.67%, 2040, 1955
1706880623, 0, 37, 202, 0, 0, 796.88%, 56, 0, 0, 926.67, 3807, 1432, 763.67%, 2040, 1955
1706880623, 0, 37, 202, 0, 0, 796.88%, 57, 0, 0, 667.74, 3959, 1487, 763.67%, 2040, 1955
1706880623, 0, 38, 203, 0, 0, 796.88%, 57, 0, 0, 305.65, 4020, 1518, 763.67%, 2040, 1955
1706880623, 0, 38, 203, 0, 0, 796.88%, 57, 0, 0, 285.71, 4073, 1551, 763.67%, 2040, 1955
1706880624, 0, 38, 203, 0, 0, 796.88%, 57, 0, 0, 237.29, 4126, 1582, 763.67%, 2040, 1955
1706880624, 0, 38, 203, 0, 0, 796.88%, 57, 0, 0, 336.67, 4194, 1615, 763.67%, 2040, 1955
1706880624, 0, 38, 203, 0, 0, 796.88%, 59, 0, 0, 230.34, 4247, 1644, 763.67%, 2040, 1955
1706880625, 0, 38, 203, 0, 0, 796.88%, 60, 0, 0, 330.00, 4313, 1677, 763.67%, 2040, 1955
1706880625, 0, 38, 203, 0, 0, 796.88%, 60, 0, 0, 240.00, 4359, 1703, 763.67%, 2040, 1955
1706880625, 0, 38, 203, 0, 0, 796.88%, 60, 0, 0, 356.67, 4421, 1748, 763.67%, 2040, 1955
1706880626, 0, 43, 203, 0, 0, 796.88%, 61, 0, 0, 551.83, 4546, 1804, 763.67%, 2040, 1955
1706880626, 0, 44, 205, 0, 0, 798.83%, 61, 0, 0, 519.52, 4659, 1864, 763.67%, 2045, 1955
1706880626, 0, 45, 206, 0, 0, 800.00%, 62, 0, 0, 528.24, 4747, 1935, 764.84%, 2048, 1958
1706880627, 0, 45, 207, 0, 0, 800.00%, 62, 0, 0, 363.33, 4779, 2012, 765.23%, 2048, 1959
1706880627, 0, 45, 209, 0, 0, 800.00%, 62, 0, 0, 205.98, 4797, 2056, 765.23%, 2048, 1959
1706880627, 0, 46, 210, 0, 0, 800.78%, 63, 0, 0, 506.67, 4841, 2164, 765.23%, 2050, 1959
1706880628, 0, 46, 211, 0, 0, 800.78%, 63, 0, 0, 380.00, 4856, 2263, 765.23%, 2050, 1959
1706880628, 0, 47, 212, 0, 0, 800.78%, 65, 0, 0, 546.27, 4922, 2380, 765.23%, 2050, 1959
1706880628, 0, 49, 214, 0, 0, 801.95%, 66, 0, 0, 984.57, 5133, 2488, 765.63%, 2053, 1960
1706880629, 0, 52, 216, 0, 0, 801.95%, 68, 0, 0, 550.00, 5243, 2543, 765.63%, 2053, 1960
1706880629, 0, 52, 216, 0, 0, 801.95%, 69, 0, 0, 395.35, 5313, 2592, 765.63%, 2053, 1960
1706880629, 0, 52, 218, 0, 0, 801.95%, 71, 0, 0, 450.98, 5395, 2648, 765.63%, 2053, 1960
1706880629, 0, 52, 220, 0, 0, 801.95%, 72, 0, 0, 450.33, 5483, 2696, 765.63%, 2053, 1960
1706880630, 0, 52, 221, 0, 0, 801.95%, 72, 0, 0, 350.00, 5542, 2742, 765.63%, 2053, 1960
1706880630, 0, 52, 222, 0, 0, 801.95%, 72, 0, 0, 249.27, 5591, 2778, 765.63%, 2053, 1960
1706880630, 0, 52, 223, 0, 0, 801.95%, 72, 0, 0, 316.67, 5650, 2814, 765.63%, 2053, 1960
1706880631, 0, 53, 224, 0, 0, 801.95%, 72, 0, 0, 381.88, 5724, 2858, 765.63%, 2053, 1960
1706880631, 0, 53, 226, 0, 0, 802.34%, 72, 0, 0, 534.88, 5820, 2923, 765.63%, 2054, 1960
1706880631, 0, 53, 226, 0, 0, 802.34%, 72, 0, 0, 338.98, 5899, 2964, 765.63%, 2054, 1960
1706880632, 0, 53, 226, 0, 0, 802.34%, 75, 0, 0, 393.33, 5982, 2999, 765.63%, 2054, 1960
1706880632, 0, 54, 226, 0, 0, 802.34%, 76, 0, 0, 439.49, 6039, 3080, 765.63%, 2054, 1960
1706880632, 0, 54, 226, 0, 0, 802.34%, 76, 0, 0, 89.29, 6040, 3109, 765.63%, 2054, 1960
1706880633, 0, 54, 226, 0, 0, 802.34%, 76, 0, 0, 380.95, 6045, 3232, 765.63%, 2054, 1960
1706880633, 0, 54, 227, 0, 0, 802.34%, 76, 0, 0, 450.00, 6052, 3360, 765.63%, 2054, 1960
1706880633, 0, 57, 230, 0, 0, 803.91%, 77, 0, 0, 1120.00, 6260, 3488, 765.63%, 2058, 1960
1706880634, 0, 58, 230, 0, 0, 803.91%, 79, 0, 0, 936.88, 6497, 3533, 765.63%, 2058, 1960
1706880634, 0, 60, 233, 0, 0, 804.69%, 82, 0, 0, 610.00, 6553, 3660, 765.63%, 2060, 1960
1706880634, 0, 60, 236, 0, 0, 804.69%, 84, 0, 0, 619.05, 6597, 3811, 765.63%, 2060, 1960
1706880634, 0, 63, 237, 0, 0, 804.69%, 84, 0, 0, 972.14, 6783, 3939, 765.63%, 2060, 1960
1706880635, 0, 64, 238, 0, 0, 804.69%, 84, 0, 0, 663.89, 6970, 3991, 766.02%, 2060, 1961
1706880635, 0, 68, 239, 0, 0, 804.69%, 84, 0, 0, 1207.12, 7261, 4073, 766.02%, 2060, 1961
1706880635, 0, 71, 241, 0, 0, 805.47%, 84, 0, 0, 1596.15, 7590, 4242, 766.41%, 2062, 1962
1706880636, 0, 76, 244, 0, 0, 805.47%, 84, 0, 0, 1390.00, 7868, 4381, 766.41%, 2062, 1962
1706880636, 0, 81, 245, 0, 0, 805.47%, 88, 0, 0, 859.93, 7985, 4528, 766.41%, 2062, 1962
1706880636, 0, 81, 248, 0, 0, 805.47%, 91, 0, 0, 251.66, 7985, 4604, 766.41%, 2062, 1962
1706880637, 0, 81, 249, 0, 0, 805.47%, 92, 0, 0, 287.10, 7987, 4691, 766.41%, 2062, 1962
1706880637, 0, 84, 255, 0, 0, 807.42%, 93, 0, 0, 501.54, 7999, 4842, 766.41%, 2067, 1962
1706880637, 0, 90, 255, 0, 0, 807.42%, 94, 0, 0, 559.01, 8109, 4912, 766.41%, 2067, 1962
1706880638, 0, 96, 256, 0, 0, 807.42%, 95, 0, 0, 1385.38, 8384, 5054, 766.80%, 2067, 1963
1706880638, 0, 99, 257, 0, 0, 807.42%, 95, 0, 0, 1353.14, 8623, 5225, 766.80%, 2067, 1963
1706880638, 0, 104, 258, 0, 0, 807.42%, 97, 0, 0, 966.67, 8767, 5371, 766.80%, 2067, 1963
1706880639, 0, 107, 260, 0, 0, 807.42%, 98, 0, 0, 1480.00, 9078, 5504, 766.80%, 2067, 1963
1706880639, 0, 112, 260, 0, 0, 807.42%, 98, 0, 0, 854.89, 9256, 5597, 766.80%, 2067, 1963
1706880639, 0, 116, 261, 0, 0, 807.42%, 98, 0, 0, 1033.33, 9503, 5660, 766.80%, 2067, 1963
1706880639, 0, 119, 264, 0, 0, 808.20%, 98, 0, 0, 1576.67, 9866, 5770, 766.80%, 2069, 1963
1706880640, 0, 120, 264, 0, 0, 808.20%, 98, 0, 0, 973.33, 9930, 5998, 766.80%, 2069, 1963
1706880640, 0, 120, 264, 0, 0, 808.20%, 100, 0, 0, 271.52, 9930, 6080, 766.80%, 2069, 1963
1706880640, 0, 125, 266, 0, 0, 808.20%, 100, 0, 0, 1021.67, 10065, 6275, 766.80%, 2069, 1963
1706880641, 0, 125, 275, 0, 0, 808.20%, 102, 0, 0, 383.61, 10117, 6340, 766.80%, 2069, 1963
1706880641, 0, 125, 283, 0, 0, 808.98%, 104, 0, 0, 450.00, 10171, 6421, 767.58%, 2071, 1965
1706880641, 0, 125, 284, 0, 0, 808.98%, 104, 0, 0, 368.77, 10210, 6493, 767.58%, 2071, 1965
1706880642, 0, 125, 286, 0, 0, 808.98%, 104, 0, 0, 363.06, 10259, 6558, 767.58%, 2071, 1965
1706880642, 0, 125, 287, 0, 0, 808.98%, 104, 0, 0, 284.81, 10304, 6603, 767.58%, 2071, 1965
1706880642, 0, 126, 287, 0, 0, 808.98%, 105, 0, 0, 516.67, 10359, 6703, 767.58%, 2071, 1965
1706880643, 0, 126, 288, 0, 0, 808.98%, 105, 0, 0, 571.87, 10450, 6799, 767.58%, 2071, 1965
1706880643, 0, 126, 288, 0, 0, 808.98%, 105, 0, 0, 790.00, 10577, 6909, 767.58%, 2071, 1965
1706880643, 0, 126, 288, 0, 0, 808.98%, 105, 0, 0, 793.33, 10693, 7031, 767.58%, 2071, 1965
1706880643, 0, 133, 288, 0, 0, 808.98%, 105, 0, 0, 1110.00, 10839, 7218, 767.58%, 2071, 1965
1706880644, 0, 140, 289, 0, 0, 808.98%, 105, 0, 0, 1345.51, 11120, 7342, 767.97%, 2071, 1966
1706880644, 0, 145, 290, 0, 0, 808.98%, 105, 0, 0, 1536.67, 11447, 7476, 767.97%, 2071, 1966
1706880644, 0, 148, 290, 0, 0, 808.98%, 107, 0, 0, 514.51, 11499, 7619, 767.97%, 2071, 1966
1706880645, 0, 148, 290, 0, 0, 808.98%, 108, 0, 0, 16.67, 11500, 7623, 767.97%, 2071, 1966
1706880645, 0, 150, 291, 0, 0, 808.98%, 111, 0, 0, 880.40, 11549, 7839, 767.97%, 2071, 1966
1706880645, 0, 150, 291, 0, 0, 808.98%, 112, 0, 0, 783.33, 11667, 7956, 767.97%, 2071, 1966
1706880646, 0, 150, 292, 0, 0, 808.98%, 113, 0, 0, 643.56, 11745, 8073, 767.97%, 2071, 1966
1706880646, 0, 150, 292, 0, 0, 808.98%, 113, 0, 0, 596.67, 11832, 8165, 767.97%, 2071, 1966
1706880646, 0, 152, 292, 0, 0, 808.98%, 114, 0, 0, 640.00, 11929, 8260, 767.97%, 2071, 1966
1706880647, 0, 155, 293, 0, 0, 808.98%, 114, 0, 0, 252.40, 11960, 8308, 769.53%, 2071, 1970
1706880647, 0, 156, 293, 0, 0, 808.98%, 116, 0, 0, 846.67, 12012, 8510, 769.53%, 2071, 1970
1706880647, 0, 157, 293, 0, 0, 808.98%, 117, 0, 0, 1050.00, 12028, 8809, 769.53%, 2071, 1970
1706880647, 0, 160, 293, 0, 0, 808.98%, 117, 0, 0, 856.67, 12136, 8958, 769.53%, 2071, 1970
1706880648, 0, 160, 293, 0, 0, 808.98%, 118, 0, 0, 796.67, 12242, 9091, 769.53%, 2071, 1970
1706880648, 0, 160, 294, 0, 0, 808.98%, 119, 0, 0, 581.40, 12329, 9179, 769.53%, 2071, 1970
1706880648, 0, 162, 294, 0, 0, 808.98%, 119, 0, 0, 906.67, 12420, 9360, 769.53%, 2071, 1970
1706880649, 0, 166, 294, 0, 0, 808.98%, 119, 0, 0, 996.67, 12495, 9584, 769.53%, 2071, 1970
1706880649, 0, 170, 295, 0, 0, 808.98%, 119, 0, 0, 930.00, 12562, 9796, 769.53%, 2071, 1970
1706880649, 0, 175, 295, 0, 0, 808.98%, 119, 0, 0, 1113.33, 12731, 9961, 769.53%, 2071, 1970
1706880650, 0, 179, 296, 0, 0, 808.98%, 119, 0, 0, 1893.33, 13155, 10105, 769.53%, 2071, 1970
1706880650, 0, 183, 297, 0, 0, 808.98%, 121, 0, 0, 651.61, 13247, 10215, 770.70%, 2071, 1973
1706880650, 0, 188, 299, 0, 0, 810.55%, 122, 0, 0, 1196.67, 13466, 10355, 770.70%, 2075, 1973
1706880650, 0, 194, 301, 0, 0, 810.55%, 123, 0, 0, 724.25, 13608, 10431, 770.70%, 2075, 1973
1706880651, 0, 194, 304, 0, 0, 810.55%, 123, 0, 0, 203.33, 13641, 10459, 770.70%, 2075, 1973
1706880651, 0, 194, 304, 0, 0, 810.55%, 124, 0, 0, 305.11, 13726, 10547, 770.70%, 2075, 1973
1706880652, 0, 194, 305, 0, 0, 810.55%, 124, 0, 0, 264.03, 13793, 10607, 770.70%, 2075, 1973
1706880652, 0, 194, 306, 0, 0, 810.55%, 124, 0, 0, 300.00, 13835, 10655, 770.70%, 2075, 1973
1706880652, 0, 194, 307, 0, 0, 810.55%, 124, 0, 0, 244.51, 13877, 10691, 770.70%, 2075, 1973
1706880653, 0, 195, 308, 0, 0, 810.55%, 124, 0, 0, 621.26, 13981, 10774, 770.70%, 2075, 1973
1706880653, 0, 198, 309, 0, 0, 810.55%, 124, 0, 0, 624.58, 14064, 10879, 770.70%, 2075, 1973
1706880653, 0, 198, 310, 0, 0, 810.55%, 124, 0, 0, 538.21, 14141, 10964, 770.70%, 2075, 1973
1706880654, 0, 198, 310, 0, 0, 810.55%, 124, 0, 0, 643.33, 14239, 11059, 770.70%, 2075, 1973
1706880654, 0, 198, 310, 0, 0, 810.55%, 126, 0, 0, 613.33, 14335, 11147, 770.70%, 2075, 1973
1706880654, 0, 203, 312, 0, 0, 810.55%, 127, 0, 0, 853.33, 14453, 11285, 771.09%, 2075, 1974
1706880654, 0, 205, 314, 0, 0, 810.55%, 127, 0, 0, 1282.39, 14654, 11470, 773.05%, 2075, 1979
1706880655, 0, 205, 314, 0, 0, 810.55%, 128, 0, 0, 634.55, 14766, 11549, 773.05%, 2075, 1979
1706880655, 0, 205, 315, 0, 0, 810.55%, 129, 0, 0, 663.33, 14865, 11649, 773.05%, 2075, 1979
1706880655, 0, 205, 316, 0, 0, 810.55%, 129, 0, 0, 620.00, 14976, 11724, 773.05%, 2075, 1979
1706880656, 0, 206, 316, 0, 0, 810.55%, 129, 0, 0, 870.00, 15106, 11855, 773.05%, 2075, 1979
1706880656, 0, 206, 316, 0, 0, 810.55%, 129, 0, 0, 736.67, 15214, 11968, 773.05%, 2075, 1979
1706880656, 0, 206, 316, 0, 0, 810.55%, 129, 0, 0, 803.92, 15343, 12085, 773.05%, 2075, 1979
1706880657, 0, 209, 316, 0, 0, 810.55%, 129, 0, 0, 890.00, 15428, 12267, 773.05%, 2075, 1979
1706880657, 0, 210, 316, 0, 0, 810.55%, 129, 0, 0, 613.33, 15469, 12410, 773.05%, 2075, 1979
1706880657, 0, 215, 318, 0, 0, 810.55%, 129, 0, 0, 1373.33, 15748, 12543, 773.83%, 2075, 1981
1706880658, 0, 222, 318, 0, 0, 810.55%, 130, 0, 0, 753.33, 15856, 12661, 773.83%, 2075, 1981
1706880658, 0, 225, 319, 0, 0, 810.55%, 130, 0, 0, 1000.00, 15981, 12836, 774.61%, 2075, 1983
1706880658, 0, 229, 320, 0, 0, 810.55%, 130, 0, 0, 1626.67, 16205, 13100, 774.61%, 2075, 1983
1706880658, 0, 230, 321, 0, 0, 810.55%, 130, 0, 0, 1073.33, 16211, 13416, 774.61%, 2075, 1983
1706880659, 0, 237, 322, 0, 0, 810.55%, 130, 0, 0, 720.00, 16306, 13537, 774.61%, 2075, 1983
1706880659, 0, 242, 324, 0, 0, 810.55%, 130, 0, 0, 2076.67, 16751, 13715, 774.61%, 2075, 1983
1706880659, 0, 249, 324, 0, 0, 810.55%, 131, 0, 0, 551.50, 16777, 13855, 774.61%, 2075, 1983
1706880660, 0, 249, 325, 0, 0, 810.55%, 131, 0, 0, 623.33, 16785, 14034, 774.61%, 2075, 1983
1706880660, 0, 252, 327, 0, 0, 810.55%, 131, 0, 0, 703.33, 16793, 14237, 774.61%, 2075, 1983
1706880660, 0, 253, 327, 0, 0, 810.55%, 131, 0, 0, 673.33, 16809, 14423, 774.61%, 2075, 1983
1706880661, 0, 255, 328, 0, 0, 810.55%, 133, 0, 0, 833.33, 16857, 14625, 775.00%, 2075, 1984
1706880661, 0, 261, 328, 0, 0, 810.55%, 133, 0, 0, 1333.33, 17115, 14767, 775.00%, 2075, 1984
1706880661, 0, 267, 328, 0, 0, 810.55%, 134, 0, 0, 1059.80, 17275, 14926, 775.00%, 2075, 1984
1706880661, 0, 272, 329, 0, 0, 810.55%, 135, 0, 0, 536.67, 17337, 15025, 775.00%, 2075, 1984
1706880662, 0, 277, 333, 0, 0, 810.55%, 136, 0, 0, 570.00, 17396, 15137, 775.00%, 2075, 1984
1706880662, 0, 279, 336, 0, 0, 810.94%, 136, 0, 0, 550.00, 17452, 15246, 775.00%, 2076, 1984
1706880662, 0, 279, 336, 0, 0, 810.94%, 136, 0, 0, 488.37, 17520, 15325, 775.00%, 2076, 1984
1706880663, 0, 279, 338, 0, 0, 810.94%, 137, 0, 0, 431.89, 17580, 15395, 775.00%, 2076, 1984
1706880663, 0, 279, 338, 0, 0, 810.94%, 137, 0, 0, 430.00, 17641, 15463, 775.00%, 2076, 1984
1706880663, 0, 279, 338, 0, 0, 810.94%, 137, 0, 0, 481.97, 17708, 15543, 775.00%, 2076, 1984
1706880664, 0, 280, 338, 0, 0, 810.94%, 141, 0, 0, 541.53, 17781, 15633, 775.00%, 2076, 1984
1706880664, 0, 280, 338, 0, 0, 810.94%, 141, 0, 0, 436.67, 17841, 15704, 775.00%, 2076, 1984
1706880664, 0, 280, 339, 0, 0, 810.94%, 141, 0, 0, 473.85, 17899, 15800, 775.00%, 2076, 1984
1706880664, 0, 280, 340, 0, 0, 810.94%, 141, 0, 0, 586.67, 17965, 15910, 775.00%, 2076, 1984
1706880665, 0, 281, 341, 0, 0, 810.94%, 141, 0, 0, 583.33, 18033, 16017, 775.00%, 2076, 1984
1706880665, 0, 288, 343, 0, 0, 810.94%, 143, 0, 0, 747.51, 18138, 16137, 775.00%, 2076, 1984
1706880665, 0, 292, 343, 0, 0, 810.94%, 143, 0, 0, 1346.67, 18417, 16262, 775.00%, 2076, 1984
1706880666, 0, 294, 345, 0, 0, 810.94%, 145, 0, 0, 1246.67, 18635, 16418, 775.00%, 2076, 1984
1706880666, 0, 296, 347, 0, 0, 810.94%, 145, 0, 0, 960.00, 18778, 16563, 775.39%, 2076, 1985
1706880666, 0, 297, 347, 0, 0, 810.94%, 145, 0, 0, 1033.33, 18925, 16726, 775.39%, 2076, 1985
1706880667, 0, 297, 348, 0, 0, 810.94%, 146, 0, 0, 704.32, 18926, 16937, 775.39%, 2076, 1985
1706880667, 0, 298, 348, 0, 0, 810.94%, 146, 0, 0, 670.00, 18927, 17137, 775.39%, 2076, 1985
1706880667, 0, 298, 348, 0, 0, 810.94%, 146, 0, 0, 713.33, 18930, 17348, 775.39%, 2076, 1985
1706880667, 0, 301, 349, 0, 0, 810.94%, 146, 0, 0, 643.33, 18971, 17500, 775.39%, 2076, 1985
1706880668, 0, 304, 351, 0, 0, 810.94%, 146, 0, 0, 338.71, 19024, 17552, 775.39%, 2076, 1985
1706880668, 0, 311, 351, 0, 0, 810.94%, 147, 0, 0, 906.67, 19165, 17683, 775.39%, 2076, 1985
1706880668, 0, 313, 353, 0, 0, 810.94%, 147, 0, 0, 1539.22, 19468, 17851, 775.78%, 2076, 1986
1706880669, 0, 317, 355, 0, 0, 810.94%, 147, 0, 0, 1373.33, 19729, 18002, 776.17%, 2076, 1987
1706880669, 0, 318, 355, 0, 0, 810.94%, 147, 0, 0, 1293.33, 19992, 18127, 776.17%, 2076, 1987
1706880669, 0, 318, 355, 0, 0, 810.94%, 147, 0, 0, 990.00, 20170, 18246, 776.17%, 2076, 1987
1706880670, 0, 323, 355, 0, 0, 810.94%, 147, 0, 0, 980.00, 20324, 18386, 776.17%, 2076, 1987
1706880670, 0, 331, 355, 0, 0, 810.94%, 150, 0, 0, 1199.34, 20522, 18549, 776.17%, 2076, 1987
1706880670, 0, 335, 355, 0, 0, 810.94%, 151, 0, 0, 486.67, 20581, 18636, 776.17%, 2076, 1987
1706880670, 0, 335, 355, 0, 0, 810.94%, 152, 0, 0, 626.67, 20584, 18821, 776.17%, 2076, 1987
1706880671, 0, 335, 355, 0, 0, 810.94%, 152, 0, 0, 487.58, 20590, 18972, 776.17%, 2076, 1987
1706880671, 0, 339, 356, 0, 0, 810.94%, 152, 0, 0, 392.03, 20622, 19058, 776.17%, 2076, 1987
1706880671, 0, 346, 357, 0, 0, 810.94%, 153, 0, 0, 713.33, 20722, 19172, 776.17%, 2076, 1987
1706880672, 0, 346, 358, 0, 0, 810.94%, 153, 0, 0, 1280.00, 20913, 19365, 776.56%, 2076, 1988
1706880672, 0, 348, 359, 0, 0, 810.94%, 153, 0, 0, 464.47, 20989, 19472, 776.56%, 2076, 1988
1706880672, 0, 352, 360, 0, 0, 810.94%, 153, 0, 0, 1203.33, 21245, 19577, 778.91%, 2076, 1994
1706880673, 0, 357, 360, 0, 0, 810.94%, 153, 0, 0, 1490.00, 21518, 19751, 778.91%, 2076, 1994
1706880673, 0, 357, 360, 0, 0, 810.94%, 153, 0, 0, 1190.00, 21705, 19921, 778.91%, 2076, 1994
1706880673, 0, 359, 362, 0, 0, 810.94%, 153, 0, 0, 733.33, 21818, 20028, 778.91%, 2076, 1994
1706880674, 0, 359, 364, 0, 0, 810.94%, 153, 0, 0, 570.00, 21890, 20127, 778.91%, 2076, 1994
1706880674, 0, 359, 364, 0, 0, 810.94%, 153, 0, 0, 690.00, 21991, 20233, 778.91%, 2076, 1994
1706880674, 0, 359, 364, 0, 0, 810.94%, 153, 0, 0, 700.00, 22086, 20348, 778.91%, 2076, 1994
1706880674, 0, 362, 364, 0, 0, 810.94%, 153, 0, 0, 670.00, 22178, 20457, 778.91%, 2076, 1994
1706880675, 1, 1, 365, 0, 0, 810.94%, 153, 0, 0, 1710.00, 22582, 20566, 778.91%, 2076, 1994
1706880675, 1, 3, 365, 0, 0, 810.94%, 154, 0, 0, 2240.00, 23160, 20660, 778.91%, 2076, 1994
1706880675, 1, 6, 365, 0, 0, 810.94%, 154, 0, 0, 2376.67, 23755, 20778, 778.91%, 2076, 1994
1706880676, 1, 6, 365, 0, 0, 810.94%, 154, 0, 0, 933.33, 23893, 20920, 778.91%, 2076, 1994
1706880676, 1, 6, 365, 0, 0, 810.94%, 155, 0, 0, 893.69, 24019, 21063, 778.91%, 2076, 1994
1706880676, 1, 8, 365, 0, 0, 810.94%, 155, 0, 0, 1426.67, 24322, 21188, 778.91%, 2076, 1994
1706880677, 1, 15, 365, 0, 0, 810.94%, 155, 0, 0, 1900.00, 24793, 21287, 778.91%, 2076, 1994
1706880677, 1, 18, 365, 0, 0, 810.94%, 155, 0, 0, 1826.67, 25274, 21354, 778.91%, 2076, 1994
1706880677, 1, 29, 365, 0, 0, 810.94%, 155, 0, 0, 2063.33, 25712, 21535, 778.91%, 2076, 1994
1706880677, 1, 30, 365, 0, 0, 810.94%, 155, 0, 0, 1260.00, 25823, 21802, 778.91%, 2076, 1994
1706880678, 1, 38, 365, 0, 0, 810.94%, 155, 0, 0, 1766.67, 26200, 21955, 778.91%, 2076, 1994
1706880678, 1, 38, 365, 0, 0, 810.94%, 155, 0, 0, 946.67, 26372, 22067, 778.91%, 2076, 1994
1706880678, 1, 38, 365, 0, 0, 810.94%, 156, 0, 0, 936.67, 26533, 22187, 778.91%, 2076, 1994
1706880679, 1, 45, 365, 0, 0, 810.94%, 156, 0, 0, 1756.67, 26854, 22393, 778.91%, 2076, 1994
1706880679, 1, 46, 365, 0, 0, 810.94%, 156, 0, 0, 880.00, 26948, 22563, 778.91%, 2076, 1994
1706880679, 1, 47, 365, 0, 0, 810.94%, 157, 0, 0, 1156.67, 27043, 22815, 778.91%, 2076, 1994
1706880680, 1, 52, 365, 0, 0, 810.94%, 157, 0, 0, 1650.00, 27365, 22988, 778.91%, 2076, 1994
1706880680, 1, 52, 365, 0, 0, 810.94%, 157, 0, 0, 641.20, 27490, 23056, 778.91%, 2076, 1994
1706880680, 1, 52, 365, 0, 0, 810.94%, 158, 0, 0, 727.57, 27614, 23151, 778.91%, 2076, 1994
1706880680, 1, 52, 365, 0, 0, 810.94%, 160, 0, 0, 696.67, 27749, 23225, 778.91%, 2076, 1994
1706880681, 1, 53, 365, 0, 0, 810.94%, 161, 0, 0, 1016.67, 27935, 23344, 778.91%, 2076, 1994
1706880681, 1, 53, 365, 0, 0, 810.94%, 161, 0, 0, 930.00, 28118, 23440, 778.91%, 2076, 1994
1706880681, 1, 54, 365, 0, 0, 810.94%, 161, 0, 0, 826.67, 28143, 23663, 778.91%, 2076, 1994
1706880682, 1, 57, 365, 0, 0, 810.94%, 161, 0, 0, 1573.33, 28385, 23893, 778.91%, 2076, 1994
1706880682, 1, 60, 365, 0, 0, 810.94%, 161, 0, 0, 1616.67, 28681, 24082, 778.91%, 2076, 1994
1706880682, 1, 63, 365, 0, 0, 810.94%, 161, 0, 0, 1480.00, 28894, 24313, 778.91%, 2076, 1994
1706880683, 1, 68, 365, 0, 0, 810.94%, 161, 0, 0, 2263.33, 29402, 24484, 778.91%, 2076, 1994
1706880683, 1, 73, 365, 0, 0, 810.94%, 161, 0, 0, 2293.33, 29842, 24732, 778.91%, 2076, 1994
1706880683, 1, 81, 365, 0, 0, 810.94%, 161, 0, 0, 1423.84, 30095, 24909, 778.91%, 2076, 1994
1706880683, 1, 81, 365, 0, 0, 810.94%, 163, 0, 0, 763.33, 30100, 25133, 778.91%, 2076, 1994
1706880684, 1, 87, 365, 0, 0, 810.94%, 163, 0, 0, 693.33, 30163, 25278, 778.91%, 2076, 1994
1706880684, 1, 93, 365, 0, 0, 810.94%, 164, 0, 0, 1330.00, 30415, 25425, 778.91%, 2076, 1994
1706880684, 1, 98, 366, 0, 0, 810.94%, 164, 0, 0, 1723.33, 30742, 25615, 778.91%, 2076, 1994
1706880685, 1, 105, 366, 0, 0, 810.94%, 164, 0, 0, 1383.33, 30955, 25817, 778.91%, 2076, 1994
1706880685, 1, 112, 366, 0, 0, 810.94%, 164, 0, 0, 1756.67, 31321, 25978, 778.91%, 2076, 1994
1706880685, 1, 118, 366, 0, 0, 810.94%, 164, 0, 0, 2153.33, 31785, 26160, 778.91%, 2076, 1994
1706880686, 1, 120, 366, 0, 0, 810.94%, 164, 0, 0, 1519.48, 32033, 26380, 778.91%, 2076, 1994
1706880686, 1, 124, 366, 0, 0, 810.94%, 164, 0, 0, 1356.67, 32163, 26657, 778.91%, 2076, 1994
1706880686, 1, 125, 366, 0, 0, 810.94%, 164, 0, 0, 603.33, 32239, 26762, 778.91%, 2076, 1994
1706880686, 1, 125, 367, 0, 0, 810.94%, 164, 0, 0, 574.75, 32298, 26876, 778.91%, 2076, 1994
1706880687, 1, 125, 367, 0, 0, 810.94%, 164, 0, 0, 554.82, 32358, 26983, 778.91%, 2076, 1994
1706880687, 1, 125, 367, 0, 0, 810.94%, 165, 0, 0, 590.00, 32427, 27091, 778.91%, 2076, 1994
1706880687, 1, 126, 367, 0, 0, 810.94%, 165, 0, 0, 820.00, 32545, 27219, 778.91%, 2076, 1994
1706880688, 1, 126, 367, 0, 0, 810.94%, 165, 0, 0, 983.33, 32699, 27360, 778.91%, 2076, 1994
1706880688, 1, 130, 367, 0, 0, 810.94%, 165, 0, 0, 1036.67, 32840, 27530, 778.91%, 2076, 1994
1706880688, 1, 139, 367, 0, 0, 810.94%, 165, 0, 0, 1396.67, 33072, 27717, 778.91%, 2076, 1994
1706880689, 1, 146, 367, 0, 0, 810.94%, 165, 0, 0, 2213.33, 33549, 27904, 778.91%, 2076, 1994
1706880689, 1, 148, 367, 0, 0, 810.94%, 165, 0, 0, 900.00, 33606, 28117, 778.91%, 2076, 1994
1706880689, 1, 150, 367, 0, 0, 810.94%, 166, 0, 0, 943.33, 33687, 28319, 778.91%, 2076, 1994
1706880689, 1, 150, 367, 0, 0, 810.94%, 167, 0, 0, 900.00, 33809, 28467, 778.91%, 2076, 1994
1706880690, 1, 150, 367, 0, 0, 810.94%, 167, 0, 0, 460.26, 33869, 28546, 778.91%, 2076, 1994
1706880690, 1, 151, 367, 0, 0, 810.94%, 167, 0, 0, 786.67, 33982, 28669, 778.91%, 2076, 1994
1706880690, 1, 156, 367, 0, 0, 810.94%, 167, 0, 0, 923.33, 34071, 28857, 778.91%, 2076, 1994
1706880691, 1, 157, 367, 0, 0, 810.94%, 169, 0, 0, 1000.00, 34106, 29122, 778.91%, 2076, 1994
1706880691, 1, 160, 367, 0, 0, 810.94%, 170, 0, 0, 920.00, 34172, 29332, 778.91%, 2076, 1994
1706880691, 1, 160, 367, 0, 0, 810.94%, 170, 0, 0, 913.33, 34309, 29469, 778.91%, 2076, 1994
1706880692, 1, 160, 367, 0, 0, 810.94%, 172, 0, 0, 773.33, 34423, 29587, 778.91%, 2076, 1994
1706880692, 1, 162, 367, 0, 0, 810.94%, 172, 0, 0, 1033.33, 34517, 29803, 778.91%, 2076, 1994
1706880692, 1, 167, 367, 0, 0, 810.94%, 173, 0, 0, 1053.33, 34600, 30036, 778.91%, 2076, 1994
1706880692, 1, 170, 367, 0, 0, 810.94%, 175, 0, 0, 740.00, 34638, 30220, 778.91%, 2076, 1994
1706880693, 1, 176, 367, 0, 0, 810.94%, 175, 0, 0, 1693.33, 34874, 30492, 778.91%, 2076, 1994
1706880693, 1, 183, 367, 0, 0, 810.94%, 175, 0, 0, 2050.00, 35293, 30688, 778.91%, 2076, 1994
1706880693, 1, 191, 367, 0, 0, 810.94%, 175, 0, 0, 1566.67, 35605, 30846, 778.91%, 2076, 1994
1706880694, 1, 194, 367, 0, 0, 810.94%, 175, 0, 0, 646.67, 35706, 30939, 778.91%, 2076, 1994
1706880694, 1, 194, 367, 0, 0, 810.94%, 175, 0, 0, 540.00, 35786, 31021, 778.91%, 2076, 1994
1706880694, 1, 194, 367, 0, 0, 810.94%, 175, 0, 0, 687.71, 35893, 31121, 778.91%, 2076, 1994
1706880695, 1, 194, 367, 0, 0, 810.94%, 175, 0, 0, 627.91, 36001, 31202, 778.91%, 2076, 1994
1706880695, 1, 198, 367, 0, 0, 810.94%, 175, 0, 0, 706.67, 36105, 31310, 778.91%, 2076, 1994
1706880695, 1, 198, 367, 0, 0, 810.94%, 175, 0, 0, 578.07, 36196, 31393, 778.91%, 2076, 1994
1706880695, 1, 198, 367, 0, 0, 810.94%, 175, 0, 0, 680.00, 36300, 31493, 778.91%, 2076, 1994
1706880696, 1, 198, 367, 0, 0, 810.94%, 175, 0, 0, 660.00, 36401, 31590, 778.91%, 2076, 1994
1706880696, 1, 203, 367, 0, 0, 810.94%, 175, 0, 0, 720.93, 36515, 31693, 778.91%, 2076, 1994
1706880696, 1, 205, 367, 0, 0, 810.94%, 175, 0, 0, 1396.67, 36728, 31899, 778.91%, 2076, 1994
1706880697, 1, 205, 367, 0, 0, 810.94%, 175, 0, 0, 671.10, 36837, 31992, 778.91%, 2076, 1994
1706880697, 1, 205, 367, 0, 0, 810.94%, 175, 0, 0, 654.49, 36945, 32081, 778.91%, 2076, 1994
1706880697, 1, 205, 367, 0, 0, 810.94%, 175, 0, 0, 697.67, 37050, 32186, 778.91%, 2076, 1994
1706880698, 1, 206, 367, 0, 0, 810.94%, 175, 0, 0, 783.33, 37164, 32307, 778.91%, 2076, 1994
1706880698, 1, 206, 367, 0, 0, 810.94%, 175, 0, 0, 411.96, 37234, 32361, 778.91%, 2076, 1994
1706880698, 1, 206, 367, 0, 0, 810.94%, 175, 0, 0, 1003.33, 37376, 32520, 778.91%, 2076, 1994
1706880698, 1, 209, 367, 0, 0, 810.94%, 175, 0, 0, 1070.00, 37481, 32736, 778.91%, 2076, 1994
1706880699, 1, 212, 367, 0, 0, 810.94%, 175, 0, 0, 996.92, 37616, 32925, 778.91%, 2076, 1994
1706880699, 1, 219, 368, 0, 0, 810.94%, 176, 0, 0, 1276.67, 37824, 33100, 778.91%, 2076, 1994
1706880699, 1, 225, 368, 0, 0, 810.94%, 176, 0, 0, 986.67, 37956, 33264, 778.91%, 2076, 1994
1706880700, 1, 228, 368, 0, 0, 810.94%, 176, 0, 0, 1373.33, 38158, 33474, 778.91%, 2076, 1994
1706880700, 1, 230, 368, 0, 0, 810.94%, 176, 0, 0, 1376.67, 38245, 33800, 778.91%, 2076, 1994
1706880700, 1, 234, 368, 0, 0, 810.94%, 176, 0, 0, 780.00, 38299, 33980, 778.91%, 2076, 1994
1706880701, 1, 240, 369, 0, 0, 810.94%, 177, 0, 0, 2016.67, 38701, 34183, 778.91%, 2076, 1994
1706880701, 1, 249, 369, 0, 0, 810.94%, 177, 0, 0, 790.00, 38799, 34322, 778.91%, 2076, 1994
1706880701, 1, 249, 369, 0, 0, 810.94%, 178, 0, 0, 586.67, 38801, 34496, 778.91%, 2076, 1994
1706880702, 1, 249, 369, 0, 0, 810.94%, 179, 0, 0, 651.16, 38802, 34691, 778.91%, 2076, 1994
1706880702, 1, 253, 370, 0, 0, 810.94%, 180, 0, 0, 633.33, 38823, 34860, 778.91%, 2076, 1994
1706880702, 1, 253, 370, 0, 0, 810.94%, 181, 0, 0, 724.46, 38828, 35089, 778.91%, 2076, 1994
1706880702, 1, 258, 371, 0, 0, 810.94%, 181, 0, 0, 966.78, 39030, 35178, 778.91%, 2076, 1994
1706880703, 1, 266, 371, 0, 0, 810.94%, 181, 0, 0, 1486.67, 39280, 35374, 778.91%, 2076, 1994
1706880703, 1, 270, 372, 0, 0, 810.94%, 181, 0, 0, 540.00, 39334, 35482, 778.91%, 2076, 1994
1706880703, 1, 274, 372, 0, 0, 810.94%, 181, 0, 0, 436.89, 39387, 35564, 778.91%, 2076, 1994
1706880704, 1, 279, 372, 0, 0, 810.94%, 182, 0, 0, 510.00, 39442, 35662, 778.91%, 2076, 1994
1706880704, 1, 279, 372, 0, 0, 810.94%, 183, 0, 0, 413.33, 39497, 35731, 778.91%, 2076, 1994
1706880704, 1, 279, 372, 0, 0, 810.94%, 183, 0, 0, 506.67, 39561, 35819, 778.91%, 2076, 1994
1706880705, 1, 279, 373, 0, 0, 810.94%, 184, 0, 0, 355.48, 39608, 35879, 778.91%, 2076, 1994
1706880705, 1, 279, 373, 0, 0, 810.94%, 184, 0, 0, 486.67, 39667, 35966, 778.91%, 2076, 1994
1706880705, 1, 279, 373, 0, 0, 810.94%, 184, 0, 0, 413.91, 39729, 36029, 778.91%, 2076, 1994
1706880705, 1, 280, 373, 0, 0, 810.94%, 185, 0, 0, 306.67, 39762, 36088, 778.91%, 2076, 1994
1706880706, 1, 280, 373, 0, 0, 810.94%, 186, 0, 0, 535.95, 39836, 36178, 778.91%, 2076, 1994
1706880706, 1, 280, 374, 0, 0, 810.94%, 186, 0, 0, 411.96, 39884, 36254, 778.91%, 2076, 1994
1706880706, 1, 280, 374, 0, 0, 810.94%, 186, 0, 0, 556.67, 39953, 36352, 778.91%, 2076, 1994
1706880707, 1, 280, 374, 0, 0, 810.94%, 186, 0, 0, 556.67, 40027, 36445, 778.91%, 2076, 1994
1706880707, 1, 283, 374, 0, 0, 810.94%, 186, 0, 0, 553.33, 40101, 36537, 778.91%, 2076, 1994
1706880707, 1, 292, 375, 0, 0, 810.94%, 186, 0, 0, 1416.67, 40360, 36703, 778.91%, 2076, 1994
1706880708, 1, 292, 376, 0, 0, 810.94%, 186, 0, 0, 1386.67, 40619, 36860, 778.91%, 2076, 1994
1706880708, 1, 296, 376, 0, 0, 810.94%, 186, 0, 0, 1065.36, 40792, 37013, 778.91%, 2076, 1994
1706880708, 1, 296, 376, 0, 0, 810.94%, 186, 0, 0, 1032.36, 40953, 37171, 778.91%, 2076, 1994
1706880708, 1, 297, 376, 0, 0, 810.94%, 186, 0, 0, 793.33, 40981, 37381, 778.91%, 2076, 1994
1706880709, 1, 298, 377, 0, 0, 810.94%, 186, 0, 0, 720.00, 40983, 37595, 778.91%, 2076, 1994
1706880709, 1, 298, 377, 0, 0, 810.94%, 186, 0, 0, 560.00, 40989, 37757, 778.91%, 2076, 1994
1706880709, 1, 299, 377, 0, 0, 810.94%, 187, 0, 0, 543.33, 41000, 37909, 778.91%, 2076, 1994
1706880710, 1, 304, 377, 0, 0, 810.94%, 187, 0, 0, 552.98, 41084, 37992, 778.91%, 2076, 1994
1706880710, 1, 311, 377, 0, 0, 810.94%, 188, 0, 0, 670.00, 41164, 38113, 778.91%, 2076, 1994
1706880710, 1, 314, 377, 0, 0, 810.94%, 189, 0, 0, 1953.49, 41524, 38341, 778.91%, 2076, 1994
1706880711, 1, 318, 377, 0, 0, 810.94%, 189, 0, 0, 1906.67, 41929, 38508, 778.91%, 2076, 1994
1706880711, 1, 318, 379, 0, 0, 810.94%, 189, 0, 0, 896.67, 42079, 38627, 778.91%, 2076, 1994
1706880711, 1, 318, 379, 0, 0, 810.94%, 189, 0, 0, 976.67, 42248, 38751, 778.91%, 2076, 1994
1706880711, 1, 326, 379, 0, 0, 810.94%, 189, 0, 0, 936.67, 42376, 38904, 778.91%, 2076, 1994
1706880712, 1, 332, 380, 0, 0, 810.94%, 190, 0, 0, 1103.33, 42590, 39021, 778.91%, 2076, 1994
1706880712, 1, 335, 380, 0, 0, 810.94%, 190, 0, 0, 580.00, 42630, 39155, 778.91%, 2076, 1994
1706880712, 1, 335, 380, 0, 0, 810.94%, 190, 0, 0, 740.86, 42639, 39369, 778.91%, 2076, 1994
1706880713, 1, 339, 380, 0, 0, 810.94%, 190, 0, 0, 633.33, 42670, 39528, 778.91%, 2076, 1994
1706880713, 1, 346, 381, 0, 0, 810.94%, 191, 0, 0, 720.00, 42766, 39648, 778.91%, 2076, 1994
1706880713, 1, 346, 381, 0, 0, 810.94%, 191, 0, 0, 1196.67, 42944, 39829, 778.91%, 2076, 1994
1706880714, 1, 350, 381, 0, 0, 810.94%, 191, 0, 0, 833.33, 43078, 39945, 778.91%, 2076, 1994
1706880714, 1, 354, 381, 0, 0, 810.94%, 191, 0, 0, 1326.67, 43348, 40073, 778.91%, 2076, 1994
1706880714, 1, 357, 383, 0, 0, 810.94%, 191, 0, 0, 1576.67, 43631, 40263, 779.30%, 2076, 1995
1706880714, 1, 357, 383, 0, 0, 810.94%, 192, 0, 0, 1250.00, 43807, 40462, 779.30%, 2076, 1995
1706880715, 1, 359, 383, 0, 0, 810.94%, 192, 0, 0, 680.00, 43902, 40571, 779.30%, 2076, 1995
1706880715, 1, 359, 383, 0, 0, 810.94%, 192, 0, 0, 673.33, 43992, 40683, 779.30%, 2076, 1995
1706880715, 1, 359, 383, 0, 0, 810.94%, 192, 0, 0, 676.67, 44079, 40799, 779.30%, 2076, 1995
1706880716, 1, 360, 384, 0, 0, 810.94%, 193, 0, 0, 690.00, 44181, 40904, 779.30%, 2076, 1995
1706880716, 1, 367, 388, 0, 0, 810.94%, 193, 0, 0, 613.33, 44271, 40998, 779.30%, 2076, 1995
1706880716, 1, 372, 388, 0, 0, 810.94%, 193, 0, 0, 594.68, 44343, 41105, 779.30%, 2076, 1995
1706880717, 1, 377, 388, 0, 0, 810.94%, 194, 0, 0, 463.33, 44401, 41186, 779.30%, 2076, 1995
1706880717, 1, 381, 391, 0, 0, 810.94%, 194, 0, 0, 1326.67, 44686, 41299, 779.30%, 2076, 1995
1706880717, 1, 385, 391, 0, 0, 810.94%, 195, 0, 0, 837.21, 44827, 41410, 779.30%, 2076, 1995
1706880717, 1, 389, 392, 0, 0, 810.94%, 195, 0, 0, 448.50, 44890, 41482, 779.30%, 2076, 1995
1706880718, 1, 393, 395, 0, 0, 810.94%, 195, 0, 0, 418.60, 44942, 41556, 779.30%, 2076, 1995
1706880718, 1, 396, 397, 0, 0, 810.94%, 195, 0, 0, 420.00, 45003, 41621, 779.30%, 2076, 1995
1706880718, 2, 1, 397, 0, 0, 810.94%, 195, 0, 0, 2020.00, 45504, 41726, 779.30%, 2076, 1995
1706880719, 2, 3, 397, 0, 0, 810.94%, 195, 0, 0, 1863.33, 45988, 41801, 779.30%, 2076, 1995
1706880719, 2, 6, 397, 0, 0, 810.94%, 195, 0, 0, 2343.33, 46585, 41907, 779.30%, 2076, 1995
1706880719, 2, 6, 397, 0, 0, 810.94%, 196, 0, 0, 943.33, 46709, 42066, 779.30%, 2076, 1995
1706880720, 2, 6, 397, 0, 0, 810.94%, 196, 0, 0, 996.67, 46856, 42218, 779.30%, 2076, 1995
1706880720, 2, 8, 397, 0, 0, 810.94%, 196, 0, 0, 1476.67, 47203, 42314, 779.30%, 2076, 1995
1706880720, 2, 16, 397, 0, 0, 810.94%, 196, 0, 0, 2353.33, 47796, 42427, 779.30%, 2076, 1995
1706880720, 2, 26, 397, 0, 0, 810.94%, 196, 0, 0, 2126.67, 48299, 42562, 779.30%, 2076, 1995
1706880721, 2, 29, 397, 0, 0, 810.94%, 196, 0, 0, 1390.88, 48536, 42752, 779.30%, 2076, 1995
1706880721, 2, 37, 397, 0, 0, 810.94%, 196, 0, 0, 1583.33, 48766, 42997, 779.30%, 2076, 1995
1706880721, 2, 38, 397, 0, 0, 810.94%, 196, 0, 0, 1350.00, 49041, 43127, 779.30%, 2076, 1995
1706880722, 2, 38, 397, 0, 0, 810.94%, 196, 0, 0, 823.33, 49192, 43223, 779.30%, 2076, 1995
1706880722, 2, 38, 397, 0, 0, 810.94%, 196, 0, 0, 923.33, 49367, 43325, 779.30%, 2076, 1995
1706880722, 2, 45, 397, 0, 0, 810.94%, 196, 0, 0, 1873.33, 49683, 43571, 779.30%, 2076, 1995
1706880723, 2, 46, 397, 0, 0, 810.94%, 196, 0, 0, 1170.00, 49755, 43850, 779.30%, 2076, 1995
1706880723, 2, 49, 397, 0, 0, 810.94%, 196, 0, 0, 1746.67, 50042, 44087, 779.30%, 2076, 1995
1706880723, 2, 52, 397, 0, 0, 810.94%, 196, 0, 0, 990.00, 50219, 44207, 779.30%, 2076, 1995
1706880723, 2, 52, 397, 0, 0, 810.94%, 196, 0, 0, 613.33, 50339, 44271, 779.30%, 2076, 1995
1706880724, 2, 52, 397, 0, 0, 810.94%, 196, 0, 0, 643.33, 50466, 44337, 779.30%, 2076, 1995
1706880724, 2, 53, 397, 0, 0, 810.94%, 196, 0, 0, 786.67, 50616, 44423, 779.30%, 2076, 1995
1706880724, 2, 53, 397, 0, 0, 810.94%, 196, 0, 0, 956.67, 50782, 44544, 779.30%, 2076, 1995
1706880725, 2, 54, 397, 0, 0, 810.94%, 196, 0, 0, 883.33, 50929, 44662, 779.30%, 2076, 1995
1706880725, 2, 54, 397, 0, 0, 810.94%, 196, 0, 0, 1020.00, 50941, 44956, 779.30%, 2076, 1995
1706880725, 2, 59, 397, 0, 0, 810.94%, 198, 0, 0, 2126.25, 51433, 45104, 779.30%, 2076, 1995
1706880726, 2, 60, 397, 0, 0, 810.94%, 199, 0, 0, 943.33, 51496, 45324, 779.30%, 2076, 1995
1706880726, 2, 63, 397, 0, 0, 810.94%, 199, 0, 0, 1770.00, 51809, 45542, 779.30%, 2076, 1995
1706880726, 2, 69, 397, 0, 0, 810.94%, 199, 0, 0, 2180.00, 52282, 45723, 779.30%, 2076, 1995
1706880726, 2, 76, 397, 0, 0, 810.94%, 199, 0, 0, 1956.67, 52682, 45910, 779.30%, 2076, 1995
1706880727, 2, 81, 397, 0, 0, 810.94%, 199, 0, 0, 1370.00, 52883, 46120, 779.30%, 2076, 1995
1706880727, 2, 81, 397, 0, 0, 810.94%, 199, 0, 0, 617.94, 52887, 46302, 779.30%, 2076, 1995
1706880727, 2, 89, 397, 0, 0, 810.94%, 199, 0, 0, 880.00, 52987, 46466, 779.30%, 2076, 1995
1706880728, 2, 96, 397, 0, 0, 810.94%, 199, 0, 0, 2013.33, 53377, 46680, 779.30%, 2076, 1995
1706880728, 2, 103, 397, 0, 0, 810.94%, 199, 0, 0, 1720.00, 53665, 46908, 779.30%, 2076, 1995
1706880728, 2, 107, 397, 0, 0, 810.94%, 199, 0, 0, 1065.96, 53956, 47021, 779.30%, 2076, 1995
1706880729, 2, 114, 397, 0, 0, 810.94%, 199, 0, 0, 1468.44, 54260, 47159, 779.30%, 2076, 1995
1706880729, 2, 119, 398, 0, 0, 810.94%, 199, 0, 0, 1920.00, 54686, 47309, 780.08%, 2076, 1997
1706880729, 2, 120, 398, 0, 0, 810.94%, 199, 0, 0, 1396.67, 54855, 47559, 780.08%, 2076, 1997
1706880730, 2, 124, 398, 0, 0, 810.94%, 200, 0, 0, 1216.67, 54987, 47792, 780.08%, 2076, 1997
1706880730, 2, 125, 398, 0, 0, 810.94%, 200, 0, 0, 607.97, 55063, 47899, 780.08%, 2076, 1997
1706880730, 2, 125, 398, 0, 0, 810.94%, 201, 0, 0, 560.00, 55133, 47997, 780.08%, 2076, 1997
1706880730, 2, 125, 399, 0, 0, 810.94%, 201, 0, 0, 573.33, 55202, 48100, 780.08%, 2076, 1997
1706880731, 2, 125, 399, 0, 0, 810.94%, 201, 0, 0, 566.67, 55265, 48207, 780.08%, 2076, 1997
1706880731, 2, 126, 399, 0, 0, 810.94%, 201, 0, 0, 740.86, 55376, 48319, 780.08%, 2076, 1997
1706880731, 2, 126, 399, 0, 0, 810.94%, 201, 0, 0, 826.67, 55496, 48447, 780.08%, 2076, 1997
1706880732, 2, 126, 399, 0, 0, 810.94%, 201, 0, 0, 860.00, 55631, 48570, 780.08%, 2076, 1997
1706880732, 2, 136, 399, 0, 0, 810.94%, 201, 0, 0, 1378.74, 55804, 48812, 780.08%, 2076, 1997
1706880732, 2, 144, 399, 0, 0, 810.94%, 201, 0, 0, 2210.00, 56281, 48998, 780.08%, 2076, 1997
1706880733, 2, 148, 399, 0, 0, 810.94%, 201, 0, 0, 1086.67, 56419, 49186, 780.08%, 2076, 1997
1706880733, 2, 149, 399, 0, 0, 810.94%, 202, 0, 0, 790.00, 56456, 49386, 780.08%, 2076, 1997
1706880733, 2, 150, 399, 0, 0, 810.94%, 203, 0, 0, 853.33, 56569, 49529, 780.08%, 2076, 1997
1706880733, 2, 150, 399, 0, 0, 810.94%, 203, 0, 0, 950.17, 56709, 49675, 780.08%, 2076, 1997
1706880734, 2, 151, 399, 0, 0, 810.94%, 203, 0, 0, 783.33, 56811, 49808, 780.08%, 2076, 1997
1706880734, 2, 156, 399, 0, 0, 810.94%, 203, 0, 0, 740.00, 56901, 49940, 780.08%, 2076, 1997
1706880734, 2, 157, 400, 0, 0, 810.94%, 203, 0, 0, 793.33, 56935, 50144, 780.08%, 2076, 1997
1706880735, 2, 160, 400, 0, 0, 810.94%, 203, 0, 0, 996.67, 56973, 50405, 780.08%, 2076, 1997
1706880735, 2, 160, 400, 0, 0, 810.94%, 204, 0, 0, 896.67, 57102, 50545, 780.08%, 2076, 1997
1706880735, 2, 160, 400, 0, 0, 810.94%, 205, 0, 0, 846.67, 57228, 50673, 780.08%, 2076, 1997
1706880736, 2, 162, 400, 0, 0, 810.94%, 205, 0, 0, 920.00, 57347, 50830, 780.08%, 2076, 1997
1706880736, 2, 165, 400, 0, 0, 810.94%, 205, 0, 0, 1076.67, 57417, 51083, 780.08%, 2076, 1997
1706880736, 2, 170, 400, 0, 0, 810.94%, 205, 0, 0, 720.00, 57502, 51214, 780.08%, 2076, 1997
1706880736, 2, 175, 400, 0, 0, 810.94%, 205, 0, 0, 880.00, 57517, 51463, 780.08%, 2076, 1997
1706880737, 2, 177, 400, 0, 0, 810.94%, 205, 0, 0, 1730.00, 57894, 51605, 780.08%, 2076, 1997
1706880737, 2, 183, 400, 0, 0, 810.94%, 205, 0, 0, 1540.00, 58159, 51802, 780.08%, 2076, 1997
1706880737, 2, 190, 400, 0, 0, 810.94%, 205, 0, 0, 1446.67, 58457, 51938, 780.08%, 2076, 1997
1706880738, 2, 194, 400, 0, 0, 810.94%, 205, 0, 0, 500.00, 58540, 52005, 780.08%, 2076, 1997
1706880738, 2, 194, 400, 0, 0, 810.94%, 205, 0, 0, 531.15, 58625, 52082, 780.08%, 2076, 1997
1706880738, 2, 194, 400, 0, 0, 810.94%, 205, 0, 0, 631.23, 58719, 52178, 780.08%, 2076, 1997
1706880739, 2, 194, 400, 0, 0, 810.94%, 205, 0, 0, 280.29, 58794, 52258, 780.08%, 2076, 1997
1706880739, 2, 195, 400, 0, 0, 810.94%, 206, 0, 0, 566.67, 58879, 52343, 780.08%, 2076, 1997
1706880739, 2, 198, 400, 0, 0, 810.94%, 206, 0, 0, 561.46, 58977, 52414, 780.08%, 2076, 1997
1706880740, 2, 198, 400, 0, 0, 810.94%, 206, 0, 0, 633.33, 59069, 52512, 780.08%, 2076, 1997
1706880740, 2, 198, 400, 0, 0, 810.94%, 206, 0, 0, 453.33, 59131, 52586, 780.08%, 2076, 1997
1706880740, 2, 198, 400, 0, 0, 810.94%, 206, 0, 0, 674.42, 59227, 52693, 780.08%, 2076, 1997
1706880741, 2, 203, 400, 0, 0, 810.94%, 206, 0, 0, 840.00, 59355, 52817, 780.08%, 2076, 1997
1706880741, 2, 205, 400, 0, 0, 810.94%, 206, 0, 0, 1377.48, 59568, 53020, 780.08%, 2076, 1997
1706880741, 2, 205, 400, 0, 0, 810.94%, 206, 0, 0, 607.97, 59661, 53110, 780.08%, 2076, 1997
1706880742, 2, 205, 400, 0, 0, 810.94%, 206, 0, 0, 594.68, 59764, 53186, 780.08%, 2076, 1997
1706880742, 2, 205, 400, 0, 0, 810.94%, 206, 0, 0, 684.39, 59878, 53278, 780.08%, 2076, 1997
1706880742, 2, 206, 400, 0, 0, 810.94%, 206, 0, 0, 873.33, 60032, 53386, 780.08%, 2076, 1997
1706880742, 2, 206, 400, 0, 0, 810.94%, 206, 0, 0, 1053.33, 60182, 53552, 780.08%, 2076, 1997
1706880743, 2, 209, 400, 0, 0, 810.94%, 206, 0, 0, 956.67, 60338, 53683, 780.08%, 2076, 1997
1706880743, 2, 209, 400, 0, 0, 810.94%, 206, 0, 0, 926.67, 60376, 53923, 780.08%, 2076, 1997
1706880743, 2, 215, 400, 0, 0, 810.94%, 206, 0, 0, 1513.33, 60660, 54093, 780.08%, 2076, 1997
1706880744, 2, 222, 400, 0, 0, 810.94%, 206, 0, 0, 730.00, 60772, 54200, 780.08%, 2076, 1997
1706880744, 2, 225, 400, 0, 0, 810.94%, 206, 0, 0, 1000.00, 60897, 54375, 780.08%, 2076, 1997
1706880744, 2, 230, 400, 0, 0, 810.94%, 206, 0, 0, 1753.33, 61140, 54658, 780.08%, 2076, 1997
1706880745, 2, 230, 401, 0, 0, 810.94%, 206, 0, 0, 910.00, 61150, 54921, 780.08%, 2076, 1997
1706880745, 2, 235, 401, 0, 0, 810.94%, 206, 0, 0, 650.00, 61232, 55034, 780.08%, 2076, 1997
1706880745, 2, 240, 401, 0, 0, 810.94%, 206, 0, 0, 1850.00, 61613, 55208, 780.08%, 2076, 1997
1706880745, 2, 249, 402, 0, 0, 810.94%, 210, 0, 0, 913.62, 61709, 55387, 780.08%, 2076, 1997
1706880746, 2, 249, 402, 0, 0, 810.94%, 211, 0, 0, 753.33, 61710, 55612, 780.08%, 2076, 1997
1706880746, 2, 252, 402, 0, 0, 810.94%, 212, 0, 0, 603.33, 61719, 55784, 780.08%, 2076, 1997
1706880746, 2, 253, 402, 0, 0, 810.94%, 214, 0, 0, 833.33, 61726, 56027, 780.08%, 2076, 1997
1706880747, 2, 254, 402, 0, 0, 810.94%, 214, 0, 0, 420.00, 61731, 56148, 780.08%, 2076, 1997
1706880747, 2, 262, 402, 0, 0, 810.94%, 214, 0, 0, 1653.33, 62044, 56331, 780.08%, 2076, 1997
1706880747, 2, 267, 402, 0, 0, 810.94%, 214, 0, 0, 933.99, 62187, 56471, 780.08%, 2076, 1997
1706880748, 2, 272, 402, 0, 0, 810.94%, 214, 0, 0, 573.33, 62251, 56579, 780.08%, 2076, 1997
1706880748, 2, 278, 402, 0, 0, 810.94%, 214, 0, 0, 616.67, 62326, 56689, 780.08%, 2076, 1997
1706880748, 2, 279, 402, 0, 0, 810.94%, 214, 0, 0, 536.67, 62391, 56785, 780.08%, 2076, 1997
1706880748, 2, 279, 402, 0, 0, 810.94%, 214, 0, 0, 455.45, 62458, 56856, 780.08%, 2076, 1997
1706880749, 2, 279, 402, 0, 0, 810.94%, 214, 0, 0, 486.75, 62528, 56933, 780.08%, 2076, 1997
1706880749, 2, 279, 402, 0, 0, 810.94%, 214, 0, 0, 543.33, 62601, 57023, 780.08%, 2076, 1997
1706880749, 2, 280, 402, 0, 0, 810.94%, 214, 0, 0, 511.63, 62666, 57112, 780.08%, 2076, 1997
1706880750, 2, 280, 403, 0, 0, 810.94%, 214, 0, 0, 526.67, 62737, 57199, 780.47%, 2076, 1998
1706880750, 2, 280, 403, 0, 0, 810.94%, 214, 0, 0, 490.00, 62782, 57301, 780.47%, 2076, 1998
1706880750, 2, 280, 403, 0, 0, 810.94%, 214, 0, 0, 530.00, 62845, 57397, 780.47%, 2076, 1998
1706880751, 2, 280, 403, 0, 0, 810.94%, 214, 0, 0, 420.00, 62897, 57471, 780.47%, 2076, 1998
1706880751, 2, 281, 403, 0, 0, 810.94%, 214, 0, 0, 398.73, 62941, 57553, 780.47%, 2076, 1998
1706880751, 2, 284, 403, 0, 0, 810.94%, 214, 0, 0, 363.93, 62995, 57610, 780.47%, 2076, 1998
1706880751, 2, 288, 403, 0, 0, 810.94%, 214, 0, 0, 803.28, 63146, 57704, 780.47%, 2076, 1998
1706880752, 2, 292, 403, 0, 0, 810.94%, 214, 0, 0, 445.14, 63214, 57778, 780.47%, 2076, 1998
1706880752, 2, 292, 403, 0, 0, 810.94%, 214, 0, 0, 443.40, 63289, 57844, 780.47%, 2076, 1998
1706880752, 2, 292, 403, 0, 0, 810.94%, 214, 0, 0, 720.00, 63410, 57939, 780.47%, 2076, 1998
1706880753, 2, 295, 403, 0, 0, 810.94%, 214, 0, 0, 572.73, 63510, 58028, 780.47%, 2076, 1998
1706880753, 2, 296, 403, 0, 0, 810.94%, 214, 0, 0, 606.45, 63605, 58121, 780.47%, 2076, 1998
1706880753, 2, 296, 403, 0, 0, 810.94%, 214, 0, 0, 572.31, 63706, 58206, 780.47%, 2076, 1998
1706880754, 2, 297, 403, 0, 0, 810.94%, 214, 0, 0, 641.20, 63802, 58303, 780.47%, 2076, 1998
1706880754, 2, 297, 403, 0, 0, 810.94%, 214, 0, 0, 398.67, 63802, 58423, 780.47%, 2076, 1998
1706880754, 2, 297, 403, 0, 0, 810.94%, 214, 0, 0, 252.34, 63803, 58503, 780.47%, 2076, 1998
1706880755, 2, 297, 403, 0, 0, 810.94%, 214, 0, 0, 281.05, 63803, 58589, 780.47%, 2076, 1998
1706880755, 2, 298, 403, 0, 0, 810.94%, 214, 0, 0, 594.68, 63805, 58766, 780.47%, 2076, 1998
1706880755, 2, 298, 403, 0, 0, 810.94%, 214, 0, 0, 556.67, 63806, 58932, 780.47%, 2076, 1998
1706880756, 2, 301, 403, 0, 0, 810.94%, 214, 0, 0, 550.00, 63840, 59063, 780.47%, 2076, 1998
1706880756, 2, 307, 403, 0, 0, 810.94%, 214, 0, 0, 650.00, 63919, 59179, 780.47%, 2076, 1998
1706880756, 2, 312, 403, 0, 0, 810.94%, 214, 0, 0, 1536.67, 64207, 59352, 780.47%, 2076, 1998
1706880756, 2, 316, 403, 0, 0, 810.94%, 214, 0, 0, 1020.00, 64383, 59482, 780.47%, 2076, 1998
1706880757, 2, 317, 403, 0, 0, 810.94%, 214, 0, 0, 1003.33, 64595, 59571, 780.47%, 2076, 1998
1706880757, 2, 318, 403, 0, 0, 810.94%, 214, 0, 0, 894.74, 64786, 59652, 780.47%, 2076, 1998
1706880757, 2, 318, 403, 0, 0, 810.94%, 214, 0, 0, 476.82, 64875, 59707, 780.47%, 2076, 1998
1706880758, 2, 318, 403, 0, 0, 810.94%, 214, 0, 0, 630.00, 64989, 59782, 780.47%, 2076, 1998
1706880758, 2, 318, 403, 0, 0, 810.94%, 214, 0, 0, 724.25, 65118, 59871, 780.47%, 2076, 1998
1706880758, 2, 327, 403, 0, 0, 810.94%, 214, 0, 0, 1076.67, 65289, 60023, 780.47%, 2076, 1998
1706880759, 2, 332, 403, 0, 0, 810.94%, 214, 0, 0, 840.00, 65426, 60138, 780.47%, 2076, 1998
1706880759, 2, 335, 403, 0, 0, 810.94%, 214, 0, 0, 523.33, 65466, 60255, 780.47%, 2076, 1998
1706880759, 2, 335, 403, 0, 0, 810.94%, 214, 0, 0, 723.33, 65472, 60466, 780.47%, 2076, 1998
1706880759, 2, 339, 403, 0, 0, 810.94%, 214, 0, 0, 635.76, 65514, 60616, 780.47%, 2076, 1998
1706880760, 2, 346, 403, 0, 0, 810.94%, 214, 0, 0, 673.33, 65596, 60736, 780.47%, 2076, 1998
1706880760, 2, 346, 403, 0, 0, 810.94%, 214, 0, 0, 1116.67, 65771, 60896, 780.47%, 2076, 1998
1706880760, 2, 349, 404, 0, 0, 810.94%, 214, 0, 0, 858.09, 65884, 61043, 780.47%, 2076, 1998
1706880761, 2, 354, 404, 0, 0, 810.94%, 214, 0, 0, 1416.67, 66155, 61197, 780.47%, 2076, 1998
1706880761, 2, 357, 404, 0, 0, 810.94%, 215, 0, 0, 1546.67, 66436, 61380, 780.47%, 2076, 1998
1706880761, 2, 357, 404, 0, 0, 810.94%, 215, 0, 0, 1166.67, 66600, 61566, 780.47%, 2076, 1998
1706880762, 2, 359, 404, 0, 0, 810.94%, 215, 0, 0, 671.10, 66708, 61660, 780.47%, 2076, 1998
1706880762, 2, 359, 405, 0, 0, 810.94%, 215, 0, 0, 600.00, 66783, 61765, 780.47%, 2076, 1998
1706880762, 2, 359, 407, 0, 0, 810.94%, 215, 0, 0, 692.05, 66890, 61867, 780.47%, 2076, 1998
1706880762, 2, 359, 407, 0, 0, 810.94%, 215, 0, 0, 674.42, 66982, 61978, 780.47%, 2076, 1998
1706880763, 2, 364, 408, 0, 0, 810.94%, 215, 0, 0, 600.00, 67080, 62060, 780.47%, 2076, 1998
1706880763, 2, 372, 409, 0, 0, 810.94%, 216, 0, 0, 716.17, 67180, 62177, 780.47%, 2076, 1998
1706880763, 2, 379, 409, 0, 0, 810.94%, 216, 0, 0, 731.79, 67277, 62301, 780.47%, 2076, 1998
1706880764, 2, 382, 409, 0, 0, 810.94%, 216, 0, 0, 1462.30, 67571, 62453, 780.47%, 2076, 1998
1706880764, 2, 386, 409, 0, 0, 810.94%, 216, 0, 0, 493.33, 67651, 62521, 780.47%, 2076, 1998
1706880764, 2, 389, 412, 0, 0, 810.94%, 216, 0, 0, 421.93, 67706, 62593, 780.47%, 2076, 1998
1706880765, 2, 393, 413, 0, 0, 810.94%, 216, 0, 0, 471.76, 67768, 62673, 780.47%, 2076, 1998
1706880765, 2, 397, 413, 0, 0, 810.94%, 217, 0, 0, 533.33, 67853, 62748, 780.47%, 2076, 1998
1706880765, 2, 402, 414, 0, 0, 811.72%, 217, 0, 0, 1370.00, 68089, 62923, 781.25%, 2078, 2000
1706880765, 2, 402, 415, 0, 0, 811.72%, 217, 0, 0, 616.67, 68158, 63039, 781.25%, 2078, 2000
1706880766, 2, 402, 415, 0, 0, 811.72%, 217, 0, 0, 586.67, 68219, 63154, 781.25%, 2078, 2000
1706880766, 2, 402, 415, 0, 0, 811.72%, 217, 0, 0, 610.00, 68289, 63267, 781.25%, 2078, 2000
1706880766, 2, 403, 415, 0, 0, 811.72%, 217, 0, 0, 616.67, 68368, 63373, 781.25%, 2078, 2000
1706880767, 2, 408, 418, 0, 0, 811.72%, 217, 0, 0, 490.00, 68426, 63462, 781.25%, 2078, 2000
1706880767, 2, 413, 418, 0, 0, 811.72%, 217, 0, 0, 510.00, 68504, 63537, 781.25%, 2078, 2000
1706880767, 2, 415, 418, 0, 0, 811.72%, 217, 0, 0, 1193.33, 68743, 63656, 781.25%, 2078, 2000
1706880768, 3, 0, 418, 0, 0, 811.72%, 217, 0, 0, 1190.00, 68996, 63760, 781.25%, 2078, 2000
1706880768, 3, 2, 418, 0, 0, 811.72%, 217, 0, 0, 1986.67, 69482, 63870, 781.25%, 2078, 2000
1706880768, 3, 5, 418, 0, 0, 811.72%, 217, 0, 0, 2113.33, 70036, 63950, 781.25%, 2078, 2000
1706880768, 3, 6, 418, 0, 0, 811.72%, 218, 0, 0, 1343.33, 70322, 64067, 781.25%, 2078, 2000
1706880769, 3, 6, 418, 0, 0, 811.72%, 218, 0, 0, 936.67, 70449, 64221, 781.25%, 2078, 2000
1706880769, 3, 6, 419, 0, 0, 811.72%, 219, 0, 0, 810.56, 70573, 64358, 781.25%, 2078, 2000
1706880769, 3, 10, 419, 0, 0, 811.72%, 220, 0, 0, 1850.00, 70993, 64493, 781.25%, 2078, 2000
1706880770, 3, 18, 419, 0, 0, 811.72%, 220, 0, 0, 2396.67, 71591, 64614, 781.25%, 2078, 2000
1706880770, 3, 28, 419, 0, 0, 811.72%, 220, 0, 0, 2046.67, 72058, 64761, 781.25%, 2078, 2000
1706880770, 3, 29, 419, 0, 0, 811.72%, 220, 0, 0, 1283.33, 72207, 64997, 781.25%, 2078, 2000
1706880771, 3, 37, 419, 0, 0, 811.72%, 220, 0, 0, 1963.33, 72562, 65231, 781.25%, 2078, 2000
1706880771, 3, 38, 419, 0, 0, 811.72%, 220, 0, 0, 1050.00, 72762, 65346, 781.25%, 2078, 2000
1706880771, 3, 38, 419, 0, 0, 811.72%, 220, 0, 0, 770.00, 72902, 65437, 781.25%, 2078, 2000
1706880771, 3, 43, 419, 0, 0, 811.72%, 220, 0, 0, 1043.33, 73122, 65530, 781.25%, 2078, 2000
1706880772, 3, 45, 419, 0, 0, 811.72%, 221, 0, 0, 1253.33, 73363, 65665, 781.25%, 2078, 2000
1706880772, 3, 46, 419, 0, 0, 811.72%, 221, 0, 0, 1006.67, 73441, 65889, 781.25%, 2078, 2000
1706880772, 3, 46, 419, 0, 0, 811.72%, 221, 0, 0, 720.00, 73476, 66070, 781.25%, 2078, 2000
1706880773, 3, 52, 419, 0, 0, 811.72%, 221, 0, 0, 1843.33, 73828, 66271, 781.25%, 2078, 2000
1706880773, 3, 52, 419, 0, 0, 811.72%, 222, 0, 0, 540.00, 73926, 66335, 781.25%, 2078, 2000
1706880773, 3, 52, 420, 0, 0, 811.72%, 223, 0, 0, 750.83, 74068, 66419, 781.25%, 2078, 2000
1706880774, 3, 52, 420, 0, 0, 811.72%, 224, 0, 0, 606.67, 74165, 66504, 781.25%, 2078, 2000
1706880774, 3, 53, 420, 0, 0, 811.72%, 224, 0, 0, 775.24, 74319, 66588, 781.25%, 2078, 2000
1706880774, 3, 53, 420, 0, 0, 811.72%, 224, 0, 0, 993.33, 74493, 66712, 781.25%, 2078, 2000
1706880774, 3, 54, 420, 0, 0, 811.72%, 224, 0, 0, 913.33, 74614, 66865, 781.25%, 2078, 2000
1706880775, 3, 55, 420, 0, 0, 811.72%, 224, 0, 0, 1190.00, 74693, 67143, 781.25%, 2078, 2000
1706880775, 3, 60, 420, 0, 0, 811.72%, 224, 0, 0, 1923.33, 75136, 67277, 781.25%, 2078, 2000
1706880775, 3, 60, 420, 0, 0, 811.72%, 224, 0, 0, 920.00, 75195, 67494, 781.25%, 2078, 2000
1706880776, 3, 64, 420, 0, 0, 811.72%, 224, 0, 0, 2003.33, 75610, 67680, 781.25%, 2078, 2000
1706880776, 3, 71, 420, 0, 0, 811.72%, 224, 0, 0, 2316.67, 76121, 67864, 781.25%, 2078, 2000
1706880776, 3, 76, 420, 0, 0, 811.72%, 224, 0, 0, 2276.67, 76587, 68081, 781.25%, 2078, 2000
1706880777, 3, 81, 420, 0, 0, 811.72%, 225, 0, 0, 780.00, 76626, 68276, 781.25%, 2078, 2000
1706880777, 3, 81, 420, 0, 0, 811.72%, 225, 0, 0, 530.00, 76629, 68432, 781.25%, 2078, 2000
1706880777, 3, 90, 420, 0, 0, 811.72%, 225, 0, 0, 1003.33, 76767, 68595, 781.25%, 2078, 2000
1706880777, 3, 97, 420, 0, 0, 811.72%, 225, 0, 0, 2041.40, 77147, 68856, 781.25%, 2078, 2000
1706880778, 3, 103, 420, 0, 0, 811.72%, 226, 0, 0, 1373.33, 77375, 69040, 781.25%, 2078, 2000
1706880778, 3, 107, 420, 0, 0, 811.72%, 226, 0, 0, 1630.00, 77711, 69193, 781.25%, 2078, 2000
1706880778, 3, 116, 420, 0, 0, 811.72%, 226, 0, 0, 1503.33, 78025, 69330, 781.25%, 2078, 2000
1706880779, 3, 120, 420, 0, 0, 811.72%, 226, 0, 0, 2253.33, 78534, 69497, 781.25%, 2078, 2000
1706880779, 3, 120, 420, 0, 0, 811.72%, 226, 0, 0, 1183.33, 78538, 69848, 781.25%, 2078, 2000
1706880779, 3, 125, 420, 0, 0, 811.72%, 227, 0, 0, 1132.89, 78713, 70014, 781.25%, 2078, 2000
1706880780, 3, 125, 420, 0, 0, 811.72%, 227, 0, 0, 623.33, 78783, 70131, 781.25%, 2078, 2000
1706880780, 3, 125, 420, 0, 0, 811.72%, 227, 0, 0, 590.00, 78861, 70230, 781.25%, 2078, 2000
1706880780, 3, 125, 420, 0, 0, 811.72%, 227, 0, 0, 633.33, 78925, 70356, 781.25%, 2078, 2000
1706880780, 3, 126, 420, 0, 0, 811.72%, 227, 0, 0, 776.67, 79043, 70471, 781.25%, 2078, 2000
1706880781, 3, 126, 420, 0, 0, 811.72%, 227, 0, 0, 903.33, 79185, 70600, 781.25%, 2078, 2000
1706880781, 3, 126, 420, 0, 0, 811.72%, 227, 0, 0, 983.33, 79336, 70744, 781.25%, 2078, 2000
1706880781, 3, 139, 420, 0, 0, 811.72%, 227, 0, 0, 1466.67, 79533, 70987, 781.25%, 2078, 2000
1706880782, 3, 144, 420, 0, 0, 811.72%, 227, 0, 0, 2293.33, 80031, 71177, 781.25%, 2078, 2000
1706880782, 3, 148, 420, 0, 0, 811.72%, 227, 0, 0, 1053.33, 80110, 71414, 781.25%, 2078, 2000
1706880782, 3, 150, 420, 0, 0, 811.72%, 227, 0, 0, 923.33, 80197, 71604, 781.25%, 2078, 2000
1706880783, 3, 150, 420, 0, 0, 811.72%, 227, 0, 0, 913.33, 80329, 71746, 781.25%, 2078, 2000
1706880783, 3, 150, 420, 0, 0, 811.72%, 228, 0, 0, 936.88, 80455, 71902, 781.25%, 2078, 2000
1706880783, 3, 156, 420, 0, 0, 811.72%, 229, 0, 0, 870.00, 80565, 72053, 781.25%, 2078, 2000
1706880783, 3, 157, 420, 0, 0, 811.72%, 230, 0, 0, 963.33, 80604, 72303, 781.25%, 2078, 2000
1706880784, 3, 160, 420, 0, 0, 811.72%, 230, 0, 0, 1130.00, 80648, 72598, 781.25%, 2078, 2000
1706880784, 3, 160, 420, 0, 0, 811.72%, 230, 0, 0, 776.76, 80783, 72717, 781.25%, 2078, 2000
1706880784, 3, 160, 420, 0, 0, 811.72%, 230, 0, 0, 830.00, 80911, 72838, 781.25%, 2078, 2000
1706880785, 3, 162, 420, 0, 0, 811.72%, 230, 0, 0, 1026.67, 81021, 73036, 781.25%, 2078, 2000
1706880785, 3, 162, 420, 0, 0, 811.72%, 230, 0, 0, 822.39, 81044, 73226, 781.25%, 2078, 2000
