# unix_time, cycles_done, cur_path, paths_total, pending_total, pending_favs, map_size, unique_crashes, unique_hangs, max_depth, execs_per_sec, valid_inputs, invalid_inputs, valid_cov, all_covered_probes, valid_covered_probes
1707216618, 0, 0, 1, 0, 0, 719.14%, 0, 0, 0, 0.13, 1, 0, 719.14%, 1841, 1841
1707216618, 0, 0, 10, 0, 0, 744.14%, 0, 0, 0, 36.30, 11, 1, 732.42%, 1905, 1875
1707216618, 0, 0, 22, 0, 0, 749.22%, 0, 0, 0, 58.06, 23, 7, 732.42%, 1918, 1875
1707216619, 0, 0, 29, 0, 0, 749.22%, 0, 0, 0, 40.75, 36, 7, 732.81%, 1918, 1876
1707216619, 0, 0, 46, 0, 0, 751.17%, 0, 0, 0, 100.65, 62, 12, 734.77%, 1923, 1881
1707216619, 0, 0, 48, 0, 0, 1022.66%, 0, 0, 0, 11.24, 66, 12, 1006.25%, 2618, 2576
1707216620, 0, 0, 59, 0, 0, 1122.27%, 0, 0, 0, 142.45, 106, 22, 1098.05%, 2873, 2811
1707216620, 0, 0, 61, 0, 0, 1122.27%, 0, 0, 0, 103.03, 134, 28, 1098.05%, 2873, 2811
1707216620, 0, 0, 66, 0, 0, 1123.05%, 0, 0, 0, 84.43, 159, 35, 1098.05%, 2875, 2811
1707216621, 0, 0, 67, 0, 0, 1123.05%, 0, 0, 0, 82.84, 185, 37, 1098.05%, 2875, 2811
1707216621, 0, 0, 70, 0, 0, 1123.05%, 0, 0, 0, 101.97, 212, 41, 1098.05%, 2875, 2811
1707216621, 0, 0, 76, 0, 0, 1123.83%, 0, 0, 0, 166.67, 255, 49, 1098.05%, 2877, 2811
1707216622, 0, 0, 84, 0, 0, 1124.61%, 0, 0, 0, 177.91, 300, 62, 1098.05%, 2879, 2811
1707216622, 0, 0, 89, 0, 0, 1124.61%, 0, 0, 0, 144.14, 343, 67, 1098.05%, 2879, 2811
1707216622, 0, 0, 91, 0, 0, 1223.83%, 0, 0, 0, 130.31, 381, 75, 1098.05%, 3133, 2811
1707216623, 0, 0, 93, 0, 0, 1224.22%, 0, 0, 0, 93.22, 410, 79, 1098.05%, 3134, 2811
1707216623, 0, 0, 94, 0, 0, 1224.22%, 0, 0, 0, 88.61, 435, 82, 1098.05%, 3134, 2811
1707216624, 0, 0, 94, 0, 0, 1224.22%, 0, 0, 0, 90.00, 465, 88, 1098.05%, 3134, 2811
1707216624, 0, 1, 97, 0, 0, 1226.56%, 0, 0, 0, 100.00, 491, 92, 1098.05%, 3140, 2811
1707216624, 0, 1, 98, 0, 0, 1226.95%, 0, 0, 0, 123.33, 525, 95, 1098.44%, 3141, 2812
1707216624, 0, 1, 98, 0, 0, 1226.95%, 0, 0, 0, 113.43, 557, 101, 1098.44%, 3141, 2812
1707216625, 0, 1, 100, 0, 0, 1226.95%, 0, 0, 0, 140.63, 592, 111, 1098.44%, 3141, 2812
1707216625, 0, 1, 100, 0, 0, 1226.95%, 0, 0, 0, 216.67, 646, 122, 1098.44%, 3141, 2812
1707216625, 0, 1, 101, 0, 0, 1226.95%, 0, 0, 0, 274.83, 712, 139, 1098.44%, 3141, 2812
1707216625, 0, 1, 101, 0, 0, 1226.95%, 0, 0, 0, 625.00, 717, 139, 1098.44%, 3141, 2812
