# unix_time, cycles_done, cur_path, paths_total, pending_total, pending_favs, map_size, unique_crashes, unique_hangs, max_depth, execs_per_sec, valid_inputs, invalid_inputs, valid_cov, all_covered_probes, valid_covered_probes
1707216617, 0, 0, 1, 0, 0, 461.33%, 0, 0, 0, 0.14, 0, 1, 0.00%, 1181, 0
1707216618, 0, 0, 3, 0, 0, 739.84%, 0, 0, 0, 2.89, 1, 2, 380.08%, 1894, 973
1707216618, 0, 0, 13, 0, 0, 834.38%, 0, 0, 0, 50.31, 6, 13, 428.52%, 2136, 1097
1707216618, 0, 0, 25, 0, 0, 1025.39%, 0, 0, 0, 107.03, 20, 34, 666.80%, 2625, 1707
1707216618, 0, 0, 36, 0, 0, 1118.36%, 0, 0, 0, 159.47, 38, 64, 759.77%, 2863, 1945
1707216619, 0, 0, 39, 0, 0, 1224.22%, 0, 0, 0, 42.81, 43, 73, 759.77%, 3134, 1945
1707216619, 0, 0, 40, 0, 0, 1225.00%, 0, 0, 0, 66.88, 56, 81, 759.77%, 3136, 1945
1707216619, 0, 0, 47, 0, 0, 1225.00%, 0, 0, 0, 157.05, 79, 107, 759.77%, 3136, 1945
1707216620, 0, 0, 50, 0, 0, 1225.00%, 0, 0, 0, 123.78, 103, 121, 759.77%, 3136, 1945
1707216620, 0, 0, 53, 0, 0, 1225.00%, 0, 0, 0, 80.38, 122, 136, 759.77%, 3136, 1945
1707216620, 0, 0, 55, 0, 0, 1225.00%, 0, 0, 0, 98.27, 137, 155, 759.77%, 3136, 1945
1707216621, 0, 0, 58, 0, 0, 1225.00%, 0, 0, 0, 136.67, 160, 173, 759.77%, 3136, 1945
1707216621, 0, 0, 62, 0, 0, 1225.00%, 0, 0, 0, 130.84, 179, 196, 759.77%, 3136, 1945
1707216621, 0, 1, 64, 0, 0, 1225.78%, 0, 0, 0, 73.17, 191, 208, 759.77%, 3138, 1945
1707216622, 0, 2, 70, 0, 0, 1226.95%, 0, 0, 0, 131.31, 220, 231, 760.16%, 3141, 1946
1707216623, 0, 2, 74, 0, 0, 1226.95%, 0, 0, 0, 26.43, 241, 234, 760.16%, 3141, 1946
1707216623, 0, 2, 84, 0, 0, 1226.95%, 0, 0, 0, 193.55, 284, 251, 760.16%, 3141, 1946
1707216624, 0, 2, 86, 0, 0, 1226.95%, 0, 0, 0, 118.04, 330, 258, 760.55%, 3141, 1947
1707216624, 0, 2, 90, 0, 0, 1226.95%, 0, 0, 0, 48.99, 357, 270, 760.55%, 3141, 1947
1707216625, 0, 2, 96, 0, 0, 1228.13%, 0, 0, 0, 139.78, 397, 282, 760.55%, 3144, 1947
1707216625, 0, 2, 96, 0, 0, 1228.13%, 0, 0, 0, 0.00, 397, 282, 760.55%, 3144, 1947
