# unix_time, cycles_done, cur_path, paths_total, pending_total, pending_favs, map_size, unique_crashes, unique_hangs, max_depth, execs_per_sec, valid_inputs, invalid_inputs, valid_cov, all_covered_probes, valid_covered_probes
1706881085, 0, 0, 0, 0, 0, 0.00%, 1, 0, 0, 0.34, 0, 1, 0.00%, 0, 0
1706881086, 0, 0, 1, 0, 0, 248.44%, 1, 0, 0, 7.11, 1, 3, 248.44%, 636, 636
1706881086, 0, 0, 17, 0, 0, 440.23%, 2, 0, 0, 125.83, 29, 13, 440.23%, 1127, 1127
1706881086, 0, 0, 29, 0, 0, 500.78%, 5, 0, 0, 265.86, 95, 35, 500.78%, 1282, 1282
1706881087, 0, 0, 31, 0, 0, 604.30%, 7, 0, 0, 223.33, 140, 57, 604.30%, 1547, 1547
1706881087, 0, 0, 37, 0, 0, 621.09%, 8, 0, 0, 370.00, 222, 86, 621.09%, 1590, 1590
1706881087, 0, 1, 44, 0, 0, 621.48%, 9, 0, 0, 479.50, 328, 132, 621.48%, 1591, 1591
1706881088, 0, 1, 47, 0, 0, 621.88%, 9, 0, 0, 389.78, 417, 165, 621.88%, 1592, 1592
1706881088, 0, 1, 52, 0, 0, 621.88%, 10, 0, 0, 539.74, 549, 196, 621.88%, 1592, 1592
1706881088, 0, 2, 56, 0, 0, 621.88%, 11, 0, 0, 264.71, 615, 211, 621.88%, 1592, 1592
1706881088, 0, 2, 57, 0, 0, 621.88%, 11, 0, 0, 396.97, 728, 229, 621.88%, 1592, 1592
1706881089, 0, 2, 59, 0, 0, 621.88%, 11, 0, 0, 398.26, 842, 252, 621.88%, 1592, 1592
1706881089, 0, 3, 63, 0, 0, 621.88%, 11, 0, 0, 766.36, 1051, 289, 621.88%, 1592, 1592
1706881089, 0, 3, 65, 0, 0, 622.27%, 11, 0, 0, 560.00, 1176, 332, 622.27%, 1593, 1593
1706881090, 0, 4, 68, 0, 0, 622.27%, 13, 0, 0, 281.44, 1242, 360, 622.27%, 1593, 1593
1706881090, 0, 4, 69, 0, 0, 622.27%, 13, 0, 0, 159.59, 1300, 396, 622.27%, 1593, 1593
1706881091, 0, 4, 70, 0, 0, 622.27%, 13, 0, 0, 170.00, 1327, 420, 622.27%, 1593, 1593
1706881091, 0, 4, 70, 0, 0, 622.27%, 14, 0, 0, 186.67, 1358, 445, 622.27%, 1593, 1593
1706881091, 0, 6, 72, 0, 0, 622.27%, 14, 0, 0, 451.41, 1464, 483, 622.27%, 1593, 1593
1706881092, 0, 6, 74, 0, 0, 622.27%, 15, 0, 0, 261.01, 1526, 504, 622.27%, 1593, 1593
1706881092, 0, 6, 77, 0, 0, 622.27%, 15, 0, 0, 280.00, 1592, 522, 622.27%, 1593, 1593
1706881092, 0, 6, 80, 0, 0, 622.27%, 16, 0, 0, 318.94, 1671, 539, 622.27%, 1593, 1593
1706881092, 0, 6, 82, 0, 0, 622.27%, 18, 0, 0, 130.43, 1704, 548, 622.27%, 1593, 1593
1706881093, 0, 7, 83, 0, 0, 622.27%, 18, 0, 0, 257.21, 1793, 575, 622.27%, 1593, 1593
1706881093, 0, 7, 84, 0, 0, 622.27%, 19, 0, 0, 265.37, 1853, 597, 622.27%, 1593, 1593
1706881094, 0, 7, 84, 0, 0, 622.27%, 20, 0, 0, 123.46, 1883, 607, 622.27%, 1593, 1593
1706881094, 0, 8, 88, 0, 0, 622.27%, 20, 0, 0, 646.50, 2043, 650, 622.27%, 1593, 1593
1706881094, 0, 8, 89, 0, 0, 622.27%, 20, 0, 0, 563.33, 2175, 687, 622.27%, 1593, 1593
1706881094, 0, 9, 89, 0, 0, 622.27%, 21, 0, 0, 626.67, 2319, 731, 622.27%, 1593, 1593
1706881095, 0, 9, 92, 0, 0, 622.27%, 21, 0, 0, 463.26, 2455, 740, 622.27%, 1593, 1593
1706881095, 0, 9, 94, 0, 0, 622.27%, 22, 0, 0, 315.65, 2564, 750, 622.27%, 1593, 1593
1706881095, 0, 9, 94, 0, 0, 622.27%, 22, 0, 0, 453.33, 2688, 762, 622.27%, 1593, 1593
1706881096, 0, 11, 95, 0, 0, 622.27%, 22, 0, 0, 574.75, 2847, 776, 622.27%, 1593, 1593
1706881096, 0, 11, 96, 0, 0, 622.27%, 23, 0, 0, 506.67, 2991, 784, 622.27%, 1593, 1593
1706881096, 0, 13, 98, 0, 0, 622.27%, 23, 0, 0, 646.67, 3166, 803, 622.27%, 1593, 1593
1706881097, 0, 13, 99, 0, 0, 622.27%, 23, 0, 0, 573.33, 3332, 809, 622.27%, 1593, 1593
1706881097, 0, 15, 100, 0, 0, 622.27%, 25, 0, 0, 653.33, 3509, 828, 622.27%, 1593, 1593
1706881097, 0, 16, 100, 0, 0, 622.27%, 25, 0, 0, 811.07, 3730, 856, 622.27%, 1593, 1593
1706881098, 0, 16, 100, 0, 0, 622.27%, 26, 0, 0, 750.00, 3924, 887, 622.27%, 1593, 1593
1706881098, 0, 19, 101, 0, 0, 622.27%, 26, 0, 0, 743.33, 4099, 935, 622.27%, 1593, 1593
1706881098, 0, 20, 105, 0, 0, 622.27%, 26, 0, 0, 774.09, 4284, 983, 622.27%, 1593, 1593
1706881098, 0, 20, 107, 0, 0, 622.27%, 26, 0, 0, 455.13, 4407, 1002, 622.27%, 1593, 1593
1706881099, 0, 20, 109, 0, 0, 622.27%, 26, 0, 0, 536.67, 4551, 1019, 622.27%, 1593, 1593
1706881099, 0, 20, 109, 0, 0, 622.27%, 28, 0, 0, 446.60, 4670, 1038, 622.27%, 1593, 1593
1706881100, 0, 22, 109, 0, 0, 622.27%, 28, 0, 0, 188.62, 4763, 1071, 622.27%, 1593, 1593
1706881100, 0, 22, 110, 0, 0, 623.44%, 29, 0, 0, 176.56, 4857, 1099, 623.44%, 1596, 1596
1706881101, 0, 23, 113, 0, 0, 625.00%, 29, 0, 0, 910.00, 5087, 1142, 625.00%, 1600, 1600
1706881101, 0, 24, 113, 0, 0, 625.00%, 29, 0, 0, 831.72, 5326, 1160, 625.00%, 1600, 1600
1706881101, 0, 24, 115, 0, 0, 625.00%, 30, 0, 0, 838.82, 5538, 1203, 625.00%, 1600, 1600
1706881102, 0, 25, 115, 0, 0, 625.00%, 31, 0, 0, 880.00, 5755, 1250, 625.00%, 1600, 1600
1706881102, 0, 27, 116, 0, 0, 625.00%, 31, 0, 0, 653.73, 5933, 1291, 625.00%, 1600, 1600
1706881102, 0, 29, 117, 0, 0, 625.00%, 31, 0, 0, 1330.00, 6314, 1309, 625.00%, 1600, 1600
1706881103, 0, 30, 119, 0, 0, 625.00%, 31, 0, 0, 77.95, 6343, 1321, 625.00%, 1600, 1600
1706881103, 0, 30, 121, 0, 0, 625.00%, 33, 0, 0, 375.42, 6410, 1367, 625.00%, 1600, 1600
1706881103, 0, 30, 124, 0, 0, 625.00%, 34, 0, 0, 420.00, 6488, 1415, 625.00%, 1600, 1600
1706881104, 0, 30, 125, 0, 0, 625.00%, 34, 0, 0, 266.27, 6551, 1442, 625.00%, 1600, 1600
1706881104, 0, 30, 128, 0, 0, 625.00%, 34, 0, 0, 306.25, 6617, 1474, 625.00%, 1600, 1600
1706881104, 0, 30, 128, 0, 0, 625.00%, 34, 0, 0, 250.00, 6663, 1503, 625.00%, 1600, 1600
1706881105, 0, 30, 129, 0, 0, 625.00%, 35, 0, 0, 254.72, 6716, 1531, 625.00%, 1600, 1600
1706881105, 0, 30, 131, 0, 0, 625.00%, 35, 0, 0, 126.62, 6739, 1547, 625.00%, 1600, 1600
1706881105, 0, 30, 134, 0, 0, 625.00%, 36, 0, 0, 254.72, 6791, 1576, 625.00%, 1600, 1600
1706881106, 0, 30, 135, 0, 0, 625.00%, 36, 0, 0, 245.85, 6831, 1610, 625.00%, 1600, 1600
1706881106, 0, 32, 135, 0, 0, 625.00%, 36, 0, 0, 663.33, 6996, 1644, 625.00%, 1600, 1600
1706881106, 0, 32, 135, 0, 0, 625.00%, 36, 0, 0, 338.32, 7100, 1653, 625.00%, 1600, 1600
1706881107, 0, 33, 138, 0, 0, 625.00%, 36, 0, 0, 793.33, 7270, 1721, 625.00%, 1600, 1600
1706881107, 0, 33, 140, 0, 0, 625.00%, 36, 0, 0, 473.19, 7343, 1798, 625.00%, 1600, 1600
1706881107, 0, 33, 142, 0, 0, 625.00%, 36, 0, 0, 326.35, 7393, 1857, 625.00%, 1600, 1600
1706881108, 0, 33, 142, 0, 0, 625.00%, 36, 0, 0, 303.33, 7435, 1906, 625.00%, 1600, 1600
1706881108, 0, 33, 143, 0, 0, 625.00%, 36, 0, 0, 376.67, 7486, 1968, 625.00%, 1600, 1600
1706881108, 0, 33, 146, 0, 0, 625.00%, 37, 0, 0, 514.95, 7564, 2045, 625.00%, 1600, 1600
1706881108, 0, 35, 147, 0, 0, 625.00%, 37, 0, 0, 445.18, 7643, 2100, 625.00%, 1600, 1600
1706881109, 0, 35, 147, 0, 0, 625.00%, 39, 0, 0, 476.67, 7744, 2142, 625.00%, 1600, 1600
1706881109, 0, 35, 148, 0, 0, 625.00%, 39, 0, 0, 274.45, 7799, 2174, 625.00%, 1600, 1600
1706881109, 0, 35, 148, 0, 0, 625.00%, 41, 0, 0, 355.48, 7872, 2208, 625.00%, 1600, 1600
1706881110, 0, 35, 150, 0, 0, 625.00%, 43, 0, 0, 376.67, 7940, 2253, 625.00%, 1600, 1600
1706881110, 0, 35, 150, 0, 0, 625.00%, 45, 0, 0, 468.47, 8039, 2310, 625.00%, 1600, 1600
1706881110, 0, 35, 151, 0, 0, 625.00%, 46, 0, 0, 373.33, 8113, 2348, 625.00%, 1600, 1600
1706881111, 0, 36, 152, 0, 0, 625.00%, 48, 0, 0, 425.25, 8196, 2393, 625.00%, 1600, 1600
1706881111, 0, 36, 154, 0, 0, 626.56%, 48, 0, 0, 143.60, 8236, 2408, 626.56%, 1604, 1604
1706881111, 0, 36, 155, 0, 0, 626.56%, 48, 0, 0, 660.00, 8392, 2450, 626.56%, 1604, 1604
1706881112, 0, 36, 156, 0, 0, 626.56%, 48, 0, 0, 506.67, 8500, 2494, 626.56%, 1604, 1604
1706881112, 0, 36, 156, 0, 0, 626.56%, 48, 0, 0, 403.28, 8590, 2527, 626.56%, 1604, 1604
1706881112, 0, 36, 156, 0, 0, 626.56%, 48, 0, 0, 640.00, 8741, 2568, 626.56%, 1604, 1604
1706881112, 0, 36, 156, 0, 0, 626.56%, 48, 0, 0, 410.00, 8835, 2597, 626.56%, 1604, 1604
1706881113, 0, 41, 160, 0, 0, 626.56%, 50, 0, 0, 893.33, 9041, 2659, 626.56%, 1604, 1604
1706881113, 0, 41, 162, 0, 0, 626.56%, 50, 0, 0, 481.73, 9130, 2715, 626.56%, 1604, 1604
1706881113, 0, 41, 162, 0, 0, 626.56%, 50, 0, 0, 570.00, 9236, 2780, 626.56%, 1604, 1604
1706881114, 0, 41, 163, 0, 0, 626.56%, 50, 0, 0, 359.87, 9306, 2823, 626.56%, 1604, 1604
1706881114, 0, 41, 163, 0, 0, 626.56%, 50, 0, 0, 586.67, 9418, 2887, 626.56%, 1604, 1604
1706881114, 0, 46, 164, 0, 0, 626.56%, 51, 0, 0, 910.00, 9597, 2981, 626.56%, 1604, 1604
1706881115, 0, 46, 166, 0, 0, 628.13%, 53, 0, 0, 570.97, 9699, 3056, 628.13%, 1608, 1608
1706881115, 0, 46, 166, 0, 0, 628.13%, 53, 0, 0, 364.24, 9761, 3104, 628.13%, 1608, 1608
1706881115, 0, 46, 168, 0, 0, 628.13%, 54, 0, 0, 551.50, 9848, 3183, 628.13%, 1608, 1608
1706881115, 0, 46, 168, 0, 0, 628.13%, 54, 0, 0, 626.67, 9956, 3263, 628.13%, 1608, 1608
1706881116, 0, 49, 168, 0, 0, 628.13%, 55, 0, 0, 686.67, 10068, 3357, 628.13%, 1608, 1608
1706881116, 0, 58, 169, 0, 0, 628.13%, 55, 0, 0, 734.43, 10225, 3424, 628.13%, 1608, 1608
1706881116, 0, 60, 169, 0, 0, 628.13%, 55, 0, 0, 369.28, 10298, 3464, 628.13%, 1608, 1608
1706881117, 0, 64, 169, 0, 0, 628.13%, 57, 0, 0, 590.32, 10429, 3516, 628.13%, 1608, 1608
1706881117, 0, 64, 169, 0, 0, 628.13%, 57, 0, 0, 611.30, 10541, 3588, 628.13%, 1608, 1608
1706881117, 0, 64, 169, 0, 0, 628.13%, 58, 0, 0, 747.51, 10681, 3673, 628.13%, 1608, 1608
1706881118, 0, 64, 169, 0, 0, 628.13%, 60, 0, 0, 631.23, 10794, 3750, 628.13%, 1608, 1608
1706881118, 0, 64, 169, 0, 0, 628.13%, 60, 0, 0, 690.00, 10907, 3844, 628.13%, 1608, 1608
1706881118, 0, 69, 170, 0, 0, 628.13%, 60, 0, 0, 637.87, 11021, 3922, 628.13%, 1608, 1608
1706881119, 0, 74, 170, 0, 0, 628.13%, 61, 0, 0, 546.67, 11135, 3972, 628.13%, 1608, 1608
1706881119, 0, 83, 171, 0, 0, 628.13%, 62, 0, 0, 900.00, 11319, 4058, 628.13%, 1608, 1608
1706881119, 0, 88, 172, 0, 0, 628.13%, 64, 0, 0, 790.00, 11461, 4153, 628.13%, 1608, 1608
1706881119, 0, 96, 174, 0, 0, 628.13%, 64, 0, 0, 923.33, 11645, 4246, 628.13%, 1608, 1608
1706881120, 0, 102, 176, 0, 0, 628.13%, 65, 0, 0, 880.00, 11806, 4349, 628.13%, 1608, 1608
1706881120, 0, 108, 177, 0, 0, 628.13%, 68, 0, 0, 886.67, 11961, 4460, 628.13%, 1608, 1608
1706881120, 0, 112, 178, 0, 0, 628.13%, 73, 0, 0, 1663.33, 12334, 4586, 628.13%, 1608, 1608
1706881121, 0, 115, 180, 0, 0, 628.13%, 73, 0, 0, 1496.67, 12637, 4732, 628.13%, 1608, 1608
1706881121, 0, 120, 182, 0, 0, 628.13%, 75, 0, 0, 837.21, 12789, 4832, 628.13%, 1608, 1608
1706881121, 0, 126, 184, 0, 0, 628.13%, 75, 0, 0, 780.00, 12949, 4906, 628.13%, 1608, 1608
1706881122, 0, 131, 184, 0, 0, 628.13%, 75, 0, 0, 833.33, 13115, 4990, 628.13%, 1608, 1608
1706881122, 0, 138, 184, 0, 0, 628.13%, 76, 0, 0, 966.67, 13282, 5113, 628.13%, 1608, 1608
1706881122, 0, 146, 186, 0, 0, 628.13%, 77, 0, 0, 1030.00, 13440, 5264, 628.13%, 1608, 1608
1706881122, 0, 150, 188, 0, 0, 628.13%, 79, 0, 0, 726.67, 13560, 5362, 628.13%, 1608, 1608
1706881123, 0, 153, 193, 0, 0, 628.52%, 80, 0, 0, 581.40, 13676, 5421, 628.52%, 1609, 1609
1706881123, 0, 153, 196, 0, 0, 628.52%, 80, 0, 0, 551.50, 13776, 5487, 628.52%, 1609, 1609
1706881123, 0, 153, 200, 0, 0, 630.86%, 80, 0, 0, 553.33, 13878, 5551, 630.86%, 1615, 1615
1706881124, 0, 153, 203, 0, 0, 630.86%, 80, 0, 0, 544.85, 13988, 5605, 630.86%, 1615, 1615
1706881124, 0, 153, 204, 0, 0, 630.86%, 80, 0, 0, 523.33, 14084, 5666, 630.86%, 1615, 1615
1706881124, 0, 153, 204, 0, 0, 630.86%, 80, 0, 0, 546.67, 14193, 5721, 630.86%, 1615, 1615
1706881125, 0, 158, 206, 0, 0, 631.25%, 80, 0, 0, 793.33, 14342, 5810, 631.25%, 1616, 1616
1706881125, 0, 164, 207, 0, 0, 631.25%, 81, 0, 0, 993.33, 14519, 5931, 631.25%, 1616, 1616
1706881125, 0, 164, 207, 0, 0, 631.25%, 81, 0, 0, 700.00, 14619, 6041, 631.25%, 1616, 1616
1706881125, 0, 164, 207, 0, 0, 631.25%, 81, 0, 0, 696.67, 14724, 6145, 631.25%, 1616, 1616
1706881126, 0, 164, 207, 0, 0, 631.25%, 81, 0, 0, 660.00, 14829, 6238, 631.25%, 1616, 1616
1706881126, 0, 164, 207, 0, 0, 631.25%, 81, 0, 0, 670.00, 14937, 6331, 631.25%, 1616, 1616
1706881126, 0, 168, 207, 0, 0, 631.25%, 82, 0, 0, 776.67, 15057, 6444, 631.25%, 1616, 1616
1706881127, 0, 173, 207, 0, 0, 631.25%, 83, 0, 0, 644.52, 15156, 6539, 631.25%, 1616, 1616
1706881127, 0, 176, 207, 0, 0, 631.25%, 84, 0, 0, 601.33, 15249, 6627, 631.25%, 1616, 1616
1706881127, 0, 182, 207, 0, 0, 631.25%, 85, 0, 0, 800.66, 15380, 6737, 631.25%, 1616, 1616
1706881128, 0, 188, 208, 0, 0, 631.25%, 85, 0, 0, 836.67, 15538, 6830, 631.25%, 1616, 1616
1706881128, 0, 189, 209, 0, 0, 631.25%, 85, 0, 0, 586.67, 15662, 6882, 631.25%, 1616, 1616
1706881128, 0, 189, 209, 0, 0, 631.25%, 85, 0, 0, 553.33, 15770, 6940, 631.25%, 1616, 1616
1706881128, 0, 189, 211, 0, 0, 631.25%, 85, 0, 0, 518.15, 15867, 7000, 631.25%, 1616, 1616
1706881129, 0, 189, 212, 0, 0, 631.25%, 85, 0, 0, 583.33, 15977, 7065, 631.25%, 1616, 1616
1706881129, 0, 189, 213, 0, 0, 631.25%, 85, 0, 0, 596.67, 16089, 7132, 631.25%, 1616, 1616
1706881129, 0, 191, 214, 0, 0, 631.25%, 85, 0, 0, 586.67, 16207, 7190, 631.25%, 1616, 1616
1706881130, 0, 195, 215, 0, 0, 631.25%, 85, 0, 0, 558.14, 16324, 7241, 631.25%, 1616, 1616
1706881130, 0, 196, 216, 0, 0, 631.25%, 86, 0, 0, 591.36, 16442, 7301, 631.25%, 1616, 1616
1706881130, 0, 196, 217, 0, 0, 631.25%, 86, 0, 0, 574.75, 16544, 7372, 631.25%, 1616, 1616
1706881131, 0, 196, 218, 0, 0, 631.25%, 86, 0, 0, 539.74, 16635, 7444, 631.25%, 1616, 1616
1706881131, 0, 196, 218, 0, 0, 631.25%, 86, 0, 0, 603.33, 16738, 7522, 631.25%, 1616, 1616
1706881131, 0, 196, 219, 0, 0, 631.25%, 86, 0, 0, 523.33, 16842, 7575, 631.25%, 1616, 1616
1706881131, 0, 197, 220, 0, 0, 631.25%, 86, 0, 0, 540.00, 16936, 7643, 631.25%, 1616, 1616
1706881132, 0, 197, 221, 0, 0, 631.25%, 86, 0, 0, 578.07, 17056, 7697, 631.25%, 1616, 1616
1706881132, 0, 197, 222, 0, 0, 631.25%, 86, 0, 0, 611.30, 17178, 7759, 631.25%, 1616, 1616
1706881132, 0, 197, 222, 0, 0, 631.25%, 86, 0, 0, 583.60, 17298, 7824, 631.25%, 1616, 1616
1706881133, 0, 197, 222, 0, 0, 631.25%, 87, 0, 0, 611.30, 17412, 7894, 631.25%, 1616, 1616
1706881133, 0, 197, 222, 0, 0, 631.25%, 87, 0, 0, 536.67, 17519, 7948, 631.25%, 1616, 1616
1706881133, 0, 200, 222, 0, 0, 631.25%, 87, 0, 0, 471.76, 17614, 7995, 631.25%, 1616, 1616
1706881134, 0, 203, 224, 0, 0, 631.25%, 87, 0, 0, 518.27, 17695, 8070, 631.25%, 1616, 1616
1706881134, 0, 204, 224, 0, 0, 631.25%, 88, 0, 0, 470.00, 17771, 8135, 631.25%, 1616, 1616
1706881134, 0, 204, 225, 0, 0, 631.25%, 88, 0, 0, 523.33, 17879, 8184, 631.25%, 1616, 1616
1706881134, 0, 204, 225, 0, 0, 631.25%, 88, 0, 0, 550.00, 17988, 8240, 631.25%, 1616, 1616
1706881135, 0, 204, 225, 0, 0, 631.25%, 88, 0, 0, 536.67, 18093, 8296, 631.25%, 1616, 1616
1706881135, 0, 204, 225, 0, 0, 631.25%, 88, 0, 0, 508.31, 18191, 8351, 631.25%, 1616, 1616
1706881135, 0, 205, 225, 0, 0, 631.25%, 88, 0, 0, 523.22, 18300, 8411, 631.25%, 1616, 1616
1706881136, 0, 209, 225, 0, 0, 631.25%, 88, 0, 0, 631.23, 18404, 8497, 631.25%, 1616, 1616
1706881136, 0, 212, 226, 0, 0, 631.25%, 88, 0, 0, 520.00, 18506, 8551, 631.25%, 1616, 1616
1706881136, 0, 215, 229, 0, 0, 631.25%, 88, 0, 0, 541.53, 18599, 8621, 631.25%, 1616, 1616
1706881137, 0, 219, 232, 0, 0, 631.25%, 88, 0, 0, 566.23, 18708, 8683, 631.25%, 1616, 1616
1706881137, 0, 222, 233, 0, 0, 631.25%, 88, 0, 0, 460.00, 18791, 8738, 631.25%, 1616, 1616
1706881137, 0, 225, 236, 0, 0, 631.25%, 88, 0, 0, 530.00, 18880, 8808, 631.25%, 1616, 1616
1706881137, 0, 229, 237, 0, 0, 631.25%, 88, 0, 0, 483.33, 18964, 8869, 631.25%, 1616, 1616
1706881138, 0, 231, 237, 0, 0, 631.25%, 88, 0, 0, 443.33, 19044, 8922, 631.25%, 1616, 1616
1706881138, 0, 234, 238, 0, 0, 631.25%, 88, 0, 0, 426.67, 19129, 8965, 631.25%, 1616, 1616
1706881138, 0, 237, 241, 0, 0, 631.25%, 88, 0, 0, 420.53, 19221, 9000, 631.25%, 1616, 1616
1706881139, 0, 239, 246, 0, 0, 631.25%, 88, 0, 0, 407.28, 19306, 9038, 631.25%, 1616, 1616
1706881139, 0, 242, 248, 0, 0, 631.25%, 88, 0, 0, 418.60, 19386, 9084, 631.25%, 1616, 1616
1706881139, 0, 244, 250, 0, 0, 631.25%, 88, 0, 0, 326.67, 19452, 9116, 631.25%, 1616, 1616
1706881140, 0, 247, 253, 0, 0, 631.25%, 88, 0, 0, 393.33, 19518, 9168, 631.25%, 1616, 1616
1706881140, 0, 249, 253, 0, 0, 631.25%, 88, 0, 0, 443.33, 19590, 9229, 631.25%, 1616, 1616
1706881140, 0, 252, 253, 0, 0, 631.25%, 88, 0, 0, 401.99, 19666, 9274, 631.25%, 1616, 1616
1706881140, 1, 1, 254, 0, 0, 631.25%, 88, 0, 0, 1830.00, 20079, 9410, 631.25%, 1616, 1616
1706881141, 1, 3, 254, 0, 0, 631.25%, 88, 0, 0, 2136.67, 20576, 9554, 631.25%, 1616, 1616
1706881141, 1, 4, 254, 0, 0, 631.25%, 88, 0, 0, 1843.33, 20990, 9693, 631.25%, 1616, 1616
1706881141, 1, 6, 254, 0, 0, 631.25%, 88, 0, 0, 1683.33, 21378, 9810, 631.25%, 1616, 1616
1706881142, 1, 8, 254, 0, 0, 631.25%, 88, 0, 0, 1973.33, 21821, 9959, 631.25%, 1616, 1616
1706881142, 1, 10, 254, 0, 0, 631.25%, 88, 0, 0, 2130.00, 22351, 10068, 631.25%, 1616, 1616
1706881142, 1, 13, 254, 0, 0, 631.25%, 88, 0, 0, 2310.00, 23006, 10106, 631.25%, 1616, 1616
1706881143, 1, 18, 254, 0, 0, 631.25%, 89, 0, 0, 2223.33, 23609, 10170, 631.25%, 1616, 1616
1706881143, 1, 20, 254, 0, 0, 631.25%, 89, 0, 0, 2166.67, 24147, 10282, 631.25%, 1616, 1616
1706881143, 1, 22, 254, 0, 0, 631.25%, 91, 0, 0, 1850.00, 24597, 10387, 631.25%, 1616, 1616
1706881143, 1, 24, 254, 0, 0, 631.25%, 91, 0, 0, 2290.00, 25201, 10470, 631.25%, 1616, 1616
1706881144, 1, 29, 254, 0, 0, 631.25%, 91, 0, 0, 2343.33, 25802, 10572, 631.25%, 1616, 1616
1706881144, 1, 30, 254, 0, 0, 631.25%, 91, 0, 0, 1163.33, 26080, 10643, 631.25%, 1616, 1616
1706881144, 1, 30, 254, 0, 0, 631.25%, 92, 0, 0, 669.78, 26222, 10716, 631.25%, 1616, 1616
1706881145, 1, 30, 254, 0, 0, 631.25%, 92, 0, 0, 916.67, 26409, 10804, 631.25%, 1616, 1616
1706881145, 1, 32, 254, 0, 0, 631.25%, 92, 0, 0, 1641.20, 26815, 10892, 631.25%, 1616, 1616
1706881145, 1, 33, 254, 0, 0, 631.25%, 92, 0, 0, 1250.00, 27009, 11073, 631.25%, 1616, 1616
1706881146, 1, 33, 254, 0, 0, 631.25%, 92, 0, 0, 1283.33, 27202, 11265, 631.25%, 1616, 1616
1706881146, 1, 35, 254, 0, 0, 631.25%, 92, 0, 0, 1066.67, 27398, 11389, 631.25%, 1616, 1616
1706881146, 1, 35, 254, 0, 0, 631.25%, 93, 0, 0, 920.00, 27599, 11464, 631.25%, 1616, 1616
1706881147, 1, 35, 254, 0, 0, 631.25%, 93, 0, 0, 790.00, 27754, 11546, 631.25%, 1616, 1616
1706881147, 1, 36, 254, 0, 0, 631.25%, 93, 0, 0, 776.67, 27919, 11614, 631.25%, 1616, 1616
1706881147, 1, 36, 254, 0, 0, 631.25%, 94, 0, 0, 501.12, 28087, 11669, 631.25%, 1616, 1616
1706881148, 1, 36, 254, 0, 0, 631.25%, 94, 0, 0, 650.00, 28235, 11716, 631.25%, 1616, 1616
1706881148, 1, 36, 254, 0, 0, 631.25%, 94, 0, 0, 703.33, 28394, 11768, 631.25%, 1616, 1616
1706881148, 1, 41, 254, 0, 0, 631.25%, 94, 0, 0, 793.33, 28595, 11805, 631.25%, 1616, 1616
1706881148, 1, 41, 254, 0, 0, 631.25%, 94, 0, 0, 820.00, 28758, 11888, 631.25%, 1616, 1616
1706881149, 1, 41, 254, 0, 0, 631.25%, 94, 0, 0, 916.67, 28934, 11987, 631.25%, 1616, 1616
1706881149, 1, 41, 254, 0, 0, 631.25%, 94, 0, 0, 925.32, 29114, 12092, 631.25%, 1616, 1616
1706881149, 1, 46, 254, 0, 0, 631.25%, 94, 0, 0, 720.00, 29255, 12167, 631.25%, 1616, 1616
1706881150, 1, 46, 254, 0, 0, 631.25%, 94, 0, 0, 773.33, 29377, 12277, 631.25%, 1616, 1616
1706881150, 1, 46, 254, 0, 0, 631.25%, 94, 0, 0, 800.00, 29496, 12398, 631.25%, 1616, 1616
1706881150, 1, 47, 254, 0, 0, 631.25%, 95, 0, 0, 803.33, 29638, 12497, 631.25%, 1616, 1616
1706881151, 1, 60, 255, 0, 0, 631.25%, 96, 0, 0, 1316.67, 29897, 12633, 631.25%, 1616, 1616
1706881151, 1, 64, 255, 0, 0, 631.25%, 96, 0, 0, 1006.67, 30090, 12742, 631.25%, 1616, 1616
1706881151, 1, 64, 255, 0, 0, 631.25%, 96, 0, 0, 1013.33, 30264, 12872, 631.25%, 1616, 1616
1706881151, 1, 64, 255, 0, 0, 631.25%, 96, 0, 0, 953.33, 30424, 12998, 631.25%, 1616, 1616
1706881152, 1, 69, 255, 0, 0, 631.25%, 96, 0, 0, 1000.00, 30603, 13119, 631.25%, 1616, 1616
1706881152, 1, 82, 255, 0, 0, 631.25%, 96, 0, 0, 1293.33, 30870, 13240, 631.25%, 1616, 1616
1706881152, 1, 89, 255, 0, 0, 631.25%, 97, 0, 0, 1013.33, 31069, 13345, 631.25%, 1616, 1616
1706881153, 1, 97, 255, 0, 0, 631.25%, 98, 0, 0, 966.67, 31253, 13451, 631.25%, 1616, 1616
1706881153, 1, 104, 256, 0, 0, 631.25%, 99, 0, 0, 963.33, 31434, 13559, 631.25%, 1616, 1616
1706881153, 1, 109, 256, 0, 0, 631.25%, 99, 0, 0, 1036.67, 31644, 13660, 631.25%, 1616, 1616
1706881154, 1, 112, 256, 0, 0, 631.25%, 99, 0, 0, 1666.67, 31984, 13820, 631.25%, 1616, 1616
1706881154, 1, 117, 256, 0, 0, 631.25%, 99, 0, 0, 1390.00, 32259, 13962, 631.25%, 1616, 1616
1706881154, 1, 123, 256, 0, 0, 631.25%, 100, 0, 0, 880.00, 32425, 14060, 631.25%, 1616, 1616
1706881154, 1, 128, 256, 0, 0, 631.25%, 100, 0, 0, 820.00, 32601, 14130, 631.25%, 1616, 1616
1706881155, 1, 133, 256, 0, 0, 631.25%, 100, 0, 0, 800.00, 32750, 14221, 631.25%, 1616, 1616
1706881155, 1, 141, 258, 0, 0, 631.25%, 101, 0, 0, 1126.67, 32933, 14376, 631.25%, 1616, 1616
1706881155, 1, 149, 258, 0, 0, 631.25%, 101, 0, 0, 1016.61, 33092, 14523, 631.25%, 1616, 1616
1706881156, 1, 153, 258, 0, 0, 631.25%, 102, 0, 0, 723.33, 33219, 14613, 631.25%, 1616, 1616
1706881156, 1, 153, 258, 0, 0, 631.25%, 102, 0, 0, 630.00, 33329, 14692, 631.25%, 1616, 1616
1706881156, 1, 153, 258, 0, 0, 631.25%, 102, 0, 0, 606.67, 33442, 14761, 631.25%, 1616, 1616
1706881157, 1, 153, 258, 0, 0, 631.25%, 102, 0, 0, 601.33, 33564, 14820, 631.25%, 1616, 1616
1706881157, 1, 153, 258, 0, 0, 631.25%, 102, 0, 0, 548.17, 33664, 14885, 631.25%, 1616, 1616
1706881157, 1, 154, 258, 0, 0, 631.25%, 102, 0, 0, 550.00, 33755, 14959, 631.25%, 1616, 1616
1706881157, 1, 159, 258, 0, 0, 631.25%, 102, 0, 0, 836.67, 33904, 15061, 631.25%, 1616, 1616
1706881158, 1, 164, 258, 0, 0, 631.25%, 102, 0, 0, 890.37, 34071, 15162, 631.25%, 1616, 1616
1706881158, 1, 164, 258, 0, 0, 631.25%, 102, 0, 0, 576.67, 34166, 15240, 631.25%, 1616, 1616
1706881158, 1, 164, 258, 0, 0, 631.25%, 102, 0, 0, 596.67, 34250, 15335, 631.25%, 1616, 1616
1706881159, 1, 164, 258, 0, 0, 631.25%, 102, 0, 0, 640.00, 34350, 15427, 631.25%, 1616, 1616
1706881159, 1, 164, 258, 0, 0, 631.25%, 102, 0, 0, 670.00, 34447, 15531, 631.25%, 1616, 1616
1706881159, 1, 167, 258, 0, 0, 631.25%, 102, 0, 0, 743.33, 34554, 15647, 631.25%, 1616, 1616
1706881160, 1, 172, 258, 0, 0, 631.25%, 102, 0, 0, 816.67, 34686, 15760, 631.25%, 1616, 1616
1706881160, 1, 177, 258, 0, 0, 631.25%, 104, 0, 0, 744.19, 34816, 15854, 631.25%, 1616, 1616
1706881160, 1, 184, 259, 0, 0, 631.25%, 105, 0, 0, 833.33, 34970, 15950, 631.25%, 1616, 1616
1706881160, 1, 189, 259, 0, 0, 631.25%, 106, 0, 0, 764.12, 35083, 16067, 631.25%, 1616, 1616
1706881161, 1, 189, 259, 0, 0, 631.25%, 106, 0, 0, 550.00, 35199, 16116, 631.25%, 1616, 1616
1706881161, 1, 189, 259, 0, 0, 631.25%, 106, 0, 0, 626.67, 35311, 16192, 631.25%, 1616, 1616
1706881161, 1, 189, 259, 0, 0, 631.25%, 106, 0, 0, 513.16, 35414, 16245, 631.25%, 1616, 1616
1706881162, 1, 189, 259, 0, 0, 631.25%, 106, 0, 0, 596.67, 35540, 16298, 631.25%, 1616, 1616
1706881162, 1, 189, 259, 0, 0, 631.25%, 106, 0, 0, 621.26, 35658, 16367, 631.25%, 1616, 1616
1706881162, 1, 192, 259, 0, 0, 631.25%, 106, 0, 0, 558.14, 35756, 16437, 631.25%, 1616, 1616
1706881163, 1, 196, 259, 0, 0, 631.25%, 106, 0, 0, 607.97, 35873, 16503, 631.25%, 1616, 1616
1706881163, 1, 196, 259, 0, 0, 631.25%, 107, 0, 0, 574.75, 35971, 16578, 631.25%, 1616, 1616
1706881163, 1, 196, 259, 0, 0, 631.25%, 107, 0, 0, 548.17, 36067, 16647, 631.25%, 1616, 1616
1706881163, 1, 196, 259, 0, 0, 631.25%, 107, 0, 0, 564.78, 36169, 16715, 631.25%, 1616, 1616
1706881164, 1, 196, 259, 0, 0, 631.25%, 107, 0, 0, 581.40, 36278, 16781, 631.25%, 1616, 1616
1706881164, 1, 196, 259, 0, 0, 631.25%, 107, 0, 0, 518.03, 36372, 16845, 631.25%, 1616, 1616
1706881164, 1, 197, 259, 0, 0, 631.25%, 107, 0, 0, 556.67, 36471, 16913, 631.25%, 1616, 1616
1706881165, 1, 197, 259, 0, 0, 631.25%, 107, 0, 0, 543.33, 36580, 16967, 631.25%, 1616, 1616
1706881165, 1, 197, 259, 0, 0, 631.25%, 107, 0, 0, 560.00, 36688, 17027, 631.25%, 1616, 1616
1706881165, 1, 197, 259, 0, 0, 631.25%, 107, 0, 0, 513.33, 36783, 17086, 631.25%, 1616, 1616
1706881166, 1, 197, 259, 0, 0, 631.25%, 107, 0, 0, 400.00, 36862, 17127, 631.25%, 1616, 1616
1706881166, 1, 197, 259, 0, 0, 631.25%, 107, 0, 0, 516.67, 36974, 17170, 631.25%, 1616, 1616
1706881166, 1, 199, 259, 0, 0, 631.25%, 107, 0, 0, 551.50, 37084, 17226, 631.25%, 1616, 1616
1706881166, 1, 202, 259, 0, 0, 631.25%, 107, 0, 0, 520.00, 37176, 17290, 631.25%, 1616, 1616
1706881167, 1, 204, 259, 0, 0, 631.25%, 107, 0, 0, 540.00, 37291, 17337, 631.25%, 1616, 1616
1706881167, 1, 204, 259, 0, 0, 631.25%, 107, 0, 0, 574.75, 37401, 17400, 631.25%, 1616, 1616
1706881167, 1, 204, 259, 0, 0, 631.25%, 107, 0, 0, 534.88, 37517, 17445, 631.25%, 1616, 1616
1706881168, 1, 204, 259, 0, 0, 631.25%, 107, 0, 0, 576.67, 37630, 17505, 631.25%, 1616, 1616
1706881168, 1, 204, 259, 0, 0, 631.25%, 107, 0, 0, 504.92, 37729, 17560, 631.25%, 1616, 1616
1706881168, 1, 204, 259, 0, 0, 631.25%, 107, 0, 0, 478.41, 37823, 17610, 631.25%, 1616, 1616
1706881169, 1, 207, 259, 0, 0, 631.25%, 107, 0, 0, 533.33, 37907, 17686, 631.25%, 1616, 1616
1706881169, 1, 211, 259, 0, 0, 631.25%, 107, 0, 0, 500.00, 38007, 17736, 631.25%, 1616, 1616
1706881169, 1, 214, 259, 0, 0, 631.25%, 107, 0, 0, 506.62, 38097, 17799, 631.25%, 1616, 1616
1706881170, 1, 217, 259, 0, 0, 631.25%, 107, 0, 0, 543.33, 38198, 17861, 631.25%, 1616, 1616
1706881170, 1, 220, 259, 0, 0, 631.25%, 107, 0, 0, 476.67, 38293, 17909, 631.25%, 1616, 1616
1706881170, 1, 224, 259, 0, 0, 631.25%, 107, 0, 0, 526.67, 38393, 17967, 631.25%, 1616, 1616
1706881170, 1, 227, 259, 0, 0, 631.25%, 107, 0, 0, 508.31, 38489, 18024, 631.25%, 1616, 1616
1706881171, 1, 230, 260, 0, 0, 631.25%, 107, 0, 0, 480.00, 38569, 18088, 631.25%, 1616, 1616
1706881171, 1, 233, 260, 0, 0, 631.25%, 107, 0, 0, 490.00, 38654, 18150, 631.25%, 1616, 1616
1706881171, 1, 236, 260, 0, 0, 631.25%, 107, 0, 0, 501.66, 38738, 18217, 631.25%, 1616, 1616
1706881172, 1, 239, 261, 0, 0, 631.25%, 107, 0, 0, 461.79, 38818, 18276, 631.25%, 1616, 1616
1706881172, 1, 242, 262, 0, 0, 631.25%, 107, 0, 0, 460.26, 38907, 18326, 631.25%, 1616, 1616
1706881172, 1, 245, 263, 0, 0, 631.25%, 107, 0, 0, 453.33, 38985, 18384, 631.25%, 1616, 1616
1706881173, 1, 248, 265, 0, 0, 631.25%, 107, 0, 0, 440.00, 39070, 18431, 631.25%, 1616, 1616
1706881173, 1, 251, 265, 0, 0, 631.25%, 108, 0, 0, 450.33, 39156, 18481, 631.25%, 1616, 1616
1706881173, 1, 255, 265, 0, 0, 631.25%, 109, 0, 0, 490.00, 39251, 18533, 631.25%, 1616, 1616
1706881173, 1, 259, 266, 0, 0, 631.25%, 109, 0, 0, 708.61, 39371, 18627, 631.25%, 1616, 1616
1706881174, 1, 263, 266, 0, 0, 631.25%, 109, 0, 0, 503.33, 39460, 18689, 631.25%, 1616, 1616
1706881174, 1, 265, 267, 0, 0, 631.25%, 109, 0, 0, 435.22, 39541, 18739, 631.25%, 1616, 1616
1706881174, 1, 267, 268, 0, 0, 631.25%, 109, 0, 0, 344.37, 39602, 18782, 631.25%, 1616, 1616
1706881175, 2, 1, 268, 0, 0, 631.25%, 109, 0, 0, 2350.00, 40138, 18951, 631.25%, 1616, 1616
1706881175, 2, 3, 268, 0, 0, 631.25%, 109, 0, 0, 2570.00, 40758, 19102, 631.25%, 1616, 1616
1706881175, 2, 6, 268, 0, 0, 631.25%, 109, 0, 0, 2286.67, 41261, 19285, 631.25%, 1616, 1616
1706881176, 2, 8, 268, 0, 0, 631.25%, 109, 0, 0, 2353.33, 41805, 19447, 631.25%, 1616, 1616
1706881176, 2, 11, 268, 0, 0, 631.25%, 110, 0, 0, 2390.00, 42432, 19537, 631.25%, 1616, 1616
1706881176, 2, 15, 268, 0, 0, 631.25%, 110, 0, 0, 2476.67, 43099, 19613, 631.25%, 1616, 1616
1706881176, 2, 19, 268, 0, 0, 631.25%, 110, 0, 0, 2543.33, 43756, 19719, 631.25%, 1616, 1616
1706881177, 2, 21, 268, 0, 0, 631.25%, 110, 0, 0, 2010.00, 44286, 19792, 631.25%, 1616, 1616
1706881177, 2, 24, 268, 0, 0, 631.25%, 110, 0, 0, 2433.33, 44900, 19908, 631.25%, 1616, 1616
1706881177, 2, 25, 268, 0, 0, 631.25%, 110, 0, 0, 2226.67, 45428, 20048, 631.25%, 1616, 1616
1706881178, 2, 30, 268, 0, 0, 631.25%, 110, 0, 0, 1813.33, 45904, 20116, 631.25%, 1616, 1616
1706881178, 2, 30, 268, 0, 0, 631.25%, 110, 0, 0, 877.89, 46090, 20196, 631.25%, 1616, 1616
1706881178, 2, 30, 268, 0, 0, 631.25%, 111, 0, 0, 896.67, 46261, 20294, 631.25%, 1616, 1616
1706881179, 2, 32, 268, 0, 0, 631.25%, 111, 0, 0, 1213.33, 46532, 20387, 631.25%, 1616, 1616
1706881179, 2, 33, 268, 0, 0, 631.25%, 111, 0, 0, 1603.33, 46850, 20550, 631.25%, 1616, 1616
1706881179, 2, 33, 269, 0, 0, 631.25%, 111, 0, 0, 1343.33, 47033, 20770, 631.25%, 1616, 1616
1706881179, 2, 35, 269, 0, 0, 631.25%, 112, 0, 0, 1116.28, 47226, 20913, 631.25%, 1616, 1616
1706881180, 2, 35, 269, 0, 0, 631.25%, 112, 0, 0, 940.00, 47407, 21014, 631.25%, 1616, 1616
1706881180, 2, 35, 269, 0, 0, 631.25%, 113, 0, 0, 993.33, 47592, 21127, 631.25%, 1616, 1616
1706881180, 2, 36, 269, 0, 0, 631.25%, 113, 0, 0, 646.67, 47731, 21182, 631.25%, 1616, 1616
1706881181, 2, 36, 269, 0, 0, 631.25%, 114, 0, 0, 876.67, 47931, 21245, 631.25%, 1616, 1616
1706881181, 2, 36, 269, 0, 0, 631.25%, 114, 0, 0, 638.63, 48092, 21289, 631.25%, 1616, 1616
1706881181, 2, 36, 269, 0, 0, 631.25%, 114, 0, 0, 871.29, 48291, 21354, 631.25%, 1616, 1616
1706881182, 2, 41, 269, 0, 0, 631.25%, 114, 0, 0, 980.39, 48506, 21439, 631.25%, 1616, 1616
1706881182, 2, 41, 269, 0, 0, 631.25%, 114, 0, 0, 923.59, 48671, 21552, 631.25%, 1616, 1616
1706881182, 2, 41, 269, 0, 0, 631.25%, 114, 0, 0, 976.67, 48844, 21672, 631.25%, 1616, 1616
1706881182, 2, 46, 269, 0, 0, 631.25%, 114, 0, 0, 1016.67, 49041, 21780, 631.25%, 1616, 1616
1706881183, 2, 46, 269, 0, 0, 631.25%, 114, 0, 0, 716.13, 49161, 21882, 631.25%, 1616, 1616
1706881183, 2, 46, 269, 0, 0, 631.25%, 115, 0, 0, 788.08, 49289, 21992, 631.25%, 1616, 1616
1706881183, 2, 46, 269, 0, 0, 631.25%, 115, 0, 0, 557.00, 49394, 22058, 631.25%, 1616, 1616
1706881184, 2, 51, 269, 0, 0, 631.25%, 115, 0, 0, 840.00, 49541, 22163, 631.25%, 1616, 1616
1706881184, 2, 63, 269, 0, 0, 631.25%, 115, 0, 0, 1106.67, 49778, 22258, 631.25%, 1616, 1616
1706881184, 2, 64, 269, 0, 0, 631.25%, 115, 0, 0, 900.00, 49944, 22362, 631.25%, 1616, 1616
1706881185, 2, 64, 269, 0, 0, 631.25%, 116, 0, 0, 986.67, 50129, 22473, 631.25%, 1616, 1616
1706881185, 2, 64, 269, 0, 0, 631.25%, 117, 0, 0, 1009.97, 50305, 22601, 631.25%, 1616, 1616
1706881185, 2, 72, 269, 0, 0, 631.25%, 117, 0, 0, 1136.21, 50529, 22719, 631.25%, 1616, 1616
1706881185, 2, 84, 269, 0, 0, 631.25%, 117, 0, 0, 1199.34, 50784, 22825, 631.25%, 1616, 1616
1706881186, 2, 92, 269, 0, 0, 631.25%, 117, 0, 0, 1076.67, 50989, 22943, 631.25%, 1616, 1616
1706881186, 2, 100, 269, 0, 0, 631.25%, 118, 0, 0, 1013.33, 51172, 23064, 631.25%, 1616, 1616
1706881186, 2, 107, 269, 0, 0, 631.25%, 118, 0, 0, 1056.67, 51369, 23184, 631.25%, 1616, 1616
1706881187, 2, 111, 269, 0, 0, 631.25%, 118, 0, 0, 1730.90, 51737, 23337, 631.25%, 1616, 1616
1706881187, 2, 115, 269, 0, 0, 631.25%, 118, 0, 0, 1633.33, 52059, 23505, 631.25%, 1616, 1616
1706881187, 2, 121, 269, 0, 0, 631.25%, 119, 0, 0, 926.91, 52234, 23609, 631.25%, 1616, 1616
1706881188, 2, 126, 269, 0, 0, 631.25%, 120, 0, 0, 777.41, 52403, 23674, 631.25%, 1616, 1616
1706881188, 2, 131, 269, 0, 0, 631.25%, 120, 0, 0, 740.86, 52533, 23767, 631.25%, 1616, 1616
1706881188, 2, 138, 269, 0, 0, 631.25%, 120, 0, 0, 933.33, 52691, 23889, 631.25%, 1616, 1616
1706881188, 2, 147, 269, 0, 0, 631.25%, 121, 0, 0, 1166.11, 52872, 24059, 631.25%, 1616, 1616
1706881189, 2, 151, 269, 0, 0, 631.25%, 123, 0, 0, 703.33, 52988, 24154, 631.25%, 1616, 1616
1706881189, 2, 153, 269, 0, 0, 631.25%, 123, 0, 0, 640.00, 53105, 24229, 631.25%, 1616, 1616
1706881189, 2, 153, 269, 0, 0, 631.25%, 123, 0, 0, 603.33, 53212, 24303, 631.25%, 1616, 1616
1706881190, 2, 153, 269, 0, 0, 631.25%, 123, 0, 0, 621.26, 53324, 24378, 631.25%, 1616, 1616
1706881190, 2, 153, 269, 0, 0, 631.25%, 123, 0, 0, 606.67, 53438, 24446, 631.25%, 1616, 1616
1706881190, 2, 153, 269, 0, 0, 631.25%, 123, 0, 0, 626.67, 53549, 24523, 631.25%, 1616, 1616
1706881191, 2, 158, 269, 0, 0, 631.25%, 123, 0, 0, 840.00, 53687, 24637, 631.25%, 1616, 1616
1706881191, 2, 164, 269, 0, 0, 631.25%, 123, 0, 0, 990.03, 53862, 24760, 631.25%, 1616, 1616
1706881191, 2, 164, 269, 0, 0, 631.25%, 123, 0, 0, 697.67, 53970, 24862, 631.25%, 1616, 1616
1706881191, 2, 164, 269, 0, 0, 631.25%, 123, 0, 0, 624.58, 54075, 24945, 631.25%, 1616, 1616
1706881192, 2, 164, 269, 0, 0, 631.25%, 123, 0, 0, 661.13, 54171, 25048, 631.25%, 1616, 1616
1706881192, 2, 164, 269, 0, 0, 631.25%, 123, 0, 0, 657.81, 54278, 25139, 631.25%, 1616, 1616
1706881192, 2, 167, 269, 0, 0, 631.25%, 123, 0, 0, 700.00, 54392, 25235, 631.25%, 1616, 1616
1706881193, 2, 173, 269, 0, 0, 631.25%, 123, 0, 0, 846.67, 54530, 25351, 631.25%, 1616, 1616
1706881193, 2, 177, 269, 0, 0, 631.25%, 123, 0, 0, 607.97, 54628, 25436, 631.25%, 1616, 1616
1706881193, 2, 182, 269, 0, 0, 631.25%, 124, 0, 0, 743.33, 54745, 25542, 631.25%, 1616, 1616
1706881194, 2, 188, 269, 0, 0, 631.25%, 126, 0, 0, 810.00, 54888, 25642, 631.25%, 1616, 1616
1706881194, 2, 189, 269, 0, 0, 631.25%, 126, 0, 0, 610.00, 55003, 25710, 631.25%, 1616, 1616
1706881194, 2, 189, 269, 0, 0, 631.25%, 126, 0, 0, 603.33, 55119, 25775, 631.25%, 1616, 1616
1706881194, 2, 189, 269, 0, 0, 631.25%, 126, 0, 0, 561.46, 55233, 25830, 631.25%, 1616, 1616
1706881195, 2, 189, 269, 0, 0, 631.25%, 126, 0, 0, 590.00, 55348, 25892, 631.25%, 1616, 1616
1706881195, 2, 189, 269, 0, 0, 631.25%, 126, 0, 0, 590.00, 55459, 25958, 631.25%, 1616, 1616
1706881195, 2, 191, 269, 0, 0, 631.25%, 126, 0, 0, 588.04, 55560, 26034, 631.25%, 1616, 1616
1706881196, 2, 195, 269, 0, 0, 631.25%, 126, 0, 0, 606.67, 55660, 26116, 631.25%, 1616, 1616
1706881196, 2, 196, 269, 0, 0, 631.25%, 126, 0, 0, 556.67, 55768, 26175, 631.25%, 1616, 1616
1706881196, 2, 196, 269, 0, 0, 631.25%, 126, 0, 0, 584.72, 55866, 26253, 631.25%, 1616, 1616
1706881197, 2, 196, 269, 0, 0, 631.25%, 126, 0, 0, 576.67, 55964, 26328, 631.25%, 1616, 1616
1706881197, 2, 196, 269, 0, 0, 631.25%, 126, 0, 0, 546.67, 56049, 26407, 631.25%, 1616, 1616
1706881197, 2, 196, 269, 0, 0, 631.25%, 126, 0, 0, 574.75, 56162, 26467, 631.25%, 1616, 1616
1706881197, 2, 197, 269, 0, 0, 631.25%, 126, 0, 0, 594.68, 56285, 26523, 631.25%, 1616, 1616
1706881198, 2, 197, 269, 0, 0, 631.25%, 126, 0, 0, 574.75, 56390, 26591, 631.25%, 1616, 1616
1706881198, 2, 197, 269, 0, 0, 631.25%, 126, 0, 0, 501.66, 56493, 26639, 631.25%, 1616, 1616
1706881198, 2, 197, 269, 0, 0, 631.25%, 126, 0, 0, 501.66, 56583, 26700, 631.25%, 1616, 1616
1706881199, 2, 197, 269, 0, 0, 631.25%, 126, 0, 0, 560.00, 56690, 26761, 631.25%, 1616, 1616
1706881199, 2, 197, 269, 0, 0, 631.25%, 126, 0, 0, 570.00, 56800, 26822, 631.25%, 1616, 1616
1706881199, 2, 200, 269, 0, 0, 631.25%, 126, 0, 0, 570.00, 56922, 26871, 631.25%, 1616, 1616
1706881200, 2, 204, 269, 0, 0, 631.25%, 126, 0, 0, 574.75, 57024, 26942, 631.25%, 1616, 1616
1706881200, 2, 204, 269, 0, 0, 631.25%, 126, 0, 0, 594.68, 57144, 27001, 631.25%, 1616, 1616
1706881200, 2, 204, 269, 0, 0, 631.25%, 126, 0, 0, 570.00, 57252, 27064, 631.25%, 1616, 1616
1706881200, 2, 204, 269, 0, 0, 631.25%, 126, 0, 0, 581.40, 57368, 27123, 631.25%, 1616, 1616
1706881201, 2, 204, 269, 0, 0, 631.25%, 126, 0, 0, 570.00, 57474, 27188, 631.25%, 1616, 1616
1706881201, 2, 204, 269, 0, 0, 631.25%, 126, 0, 0, 546.67, 57570, 27256, 631.25%, 1616, 1616
1706881201, 2, 207, 269, 0, 0, 631.25%, 126, 0, 0, 640.00, 57687, 27331, 631.25%, 1616, 1616
1706881202, 2, 211, 269, 0, 0, 631.25%, 126, 0, 0, 521.59, 57791, 27384, 631.25%, 1616, 1616
1706881202, 2, 214, 270, 0, 0, 631.25%, 126, 0, 0, 498.34, 57876, 27449, 631.25%, 1616, 1616
1706881202, 2, 217, 270, 0, 0, 631.25%, 126, 0, 0, 559.60, 57990, 27504, 631.25%, 1616, 1616
1706881203, 2, 221, 271, 0, 0, 631.25%, 126, 0, 0, 574.75, 58100, 27567, 631.25%, 1616, 1616
1706881203, 2, 224, 271, 0, 0, 631.25%, 126, 0, 0, 516.56, 58206, 27617, 631.25%, 1616, 1616
1706881203, 2, 228, 271, 0, 0, 631.25%, 126, 0, 0, 501.66, 58295, 27679, 631.25%, 1616, 1616
1706881204, 2, 231, 272, 0, 0, 631.25%, 126, 0, 0, 475.08, 58386, 27731, 631.25%, 1616, 1616
1706881204, 2, 234, 272, 0, 0, 631.25%, 126, 0, 0, 503.33, 58483, 27785, 631.25%, 1616, 1616
1706881204, 2, 237, 272, 0, 0, 631.25%, 126, 0, 0, 501.66, 58570, 27849, 631.25%, 1616, 1616
1706881204, 2, 240, 272, 0, 0, 631.25%, 127, 0, 0, 468.44, 58651, 27909, 631.25%, 1616, 1616
1706881205, 2, 243, 272, 0, 0, 631.25%, 127, 0, 0, 423.84, 58734, 27954, 631.25%, 1616, 1616
1706881205, 2, 245, 272, 0, 0, 631.25%, 127, 0, 0, 428.57, 58825, 27992, 631.25%, 1616, 1616
1706881205, 2, 248, 272, 0, 0, 631.25%, 128, 0, 0, 410.00, 58905, 28035, 631.25%, 1616, 1616
1706881206, 2, 251, 273, 0, 0, 631.25%, 128, 0, 0, 416.39, 58991, 28076, 631.25%, 1616, 1616
1706881206, 2, 256, 275, 0, 0, 631.25%, 128, 0, 0, 650.00, 59105, 28157, 631.25%, 1616, 1616
1706881206, 2, 260, 276, 0, 0, 631.25%, 128, 0, 0, 720.00, 59236, 28242, 631.25%, 1616, 1616
1706881207, 2, 264, 276, 0, 0, 631.25%, 128, 0, 0, 500.00, 59326, 28302, 631.25%, 1616, 1616
1706881207, 2, 266, 276, 0, 0, 631.25%, 128, 0, 0, 473.33, 59408, 28362, 631.25%, 1616, 1616
1706881207, 2, 271, 276, 0, 0, 631.25%, 128, 0, 0, 603.33, 59506, 28445, 631.25%, 1616, 1616
1706881207, 2, 274, 277, 0, 0, 631.25%, 128, 0, 0, 466.67, 59589, 28502, 631.25%, 1616, 1616
1706881208, 2, 276, 279, 0, 0, 631.25%, 129, 0, 0, 431.89, 59667, 28554, 631.25%, 1616, 1616
1706881208, 2, 279, 282, 0, 0, 631.25%, 129, 0, 0, 417.22, 59741, 28606, 631.25%, 1616, 1616
1706881208, 2, 281, 283, 0, 0, 631.25%, 129, 0, 0, 353.33, 59809, 28644, 631.25%, 1616, 1616
1706881209, 2, 284, 286, 0, 0, 631.25%, 129, 0, 0, 420.00, 59885, 28694, 631.25%, 1616, 1616
1706881209, 3, 0, 287, 0, 0, 631.25%, 129, 0, 0, 790.00, 60053, 28763, 631.25%, 1616, 1616
1706881209, 3, 2, 287, 0, 0, 631.25%, 129, 0, 0, 2780.00, 60709, 28941, 631.25%, 1616, 1616
1706881210, 3, 4, 287, 0, 0, 631.25%, 129, 0, 0, 2646.67, 61313, 29131, 631.25%, 1616, 1616
1706881210, 3, 7, 287, 0, 0, 631.25%, 129, 0, 0, 2460.00, 61899, 29283, 631.25%, 1616, 1616
1706881210, 3, 9, 287, 0, 0, 631.25%, 129, 0, 0, 2600.00, 62516, 29446, 631.25%, 1616, 1616
1706881210, 3, 13, 287, 0, 0, 631.25%, 129, 0, 0, 2596.67, 63227, 29514, 631.25%, 1616, 1616
1706881211, 3, 18, 287, 0, 0, 631.25%, 129, 0, 0, 2563.33, 63919, 29591, 631.25%, 1616, 1616
1706881211, 3, 20, 287, 0, 0, 631.25%, 129, 0, 0, 2426.67, 64530, 29708, 631.25%, 1616, 1616
1706881211, 3, 23, 287, 0, 0, 631.25%, 129, 0, 0, 2456.67, 65145, 29830, 631.25%, 1616, 1616
1706881212, 3, 25, 287, 0, 0, 631.25%, 129, 0, 0, 2436.67, 65729, 29977, 631.25%, 1616, 1616
1706881212, 3, 30, 287, 0, 0, 631.25%, 129, 0, 0, 2016.67, 66247, 30064, 631.25%, 1616, 1616
1706881212, 3, 30, 287, 0, 0, 631.25%, 129, 0, 0, 1000.00, 66446, 30165, 631.25%, 1616, 1616
1706881213, 3, 30, 287, 0, 0, 631.25%, 129, 0, 0, 880.00, 66612, 30263, 631.25%, 1616, 1616
1706881213, 3, 32, 287, 0, 0, 631.25%, 129, 0, 0, 1576.67, 66983, 30365, 631.25%, 1616, 1616
1706881213, 3, 33, 287, 0, 0, 631.25%, 129, 0, 0, 1400.00, 67215, 30553, 631.25%, 1616, 1616
1706881213, 3, 33, 287, 0, 0, 631.25%, 130, 0, 0, 1042.30, 67385, 30728, 631.25%, 1616, 1616
1706881214, 3, 35, 287, 0, 0, 631.25%, 130, 0, 0, 1116.67, 67590, 30858, 631.25%, 1616, 1616
1706881214, 3, 35, 287, 0, 0, 631.25%, 130, 0, 0, 873.33, 67758, 30952, 631.25%, 1616, 1616
1706881214, 3, 35, 287, 0, 0, 631.25%, 130, 0, 0, 893.33, 67942, 31036, 631.25%, 1616, 1616
1706881215, 3, 36, 287, 0, 0, 631.25%, 130, 0, 0, 940.20, 68138, 31123, 631.25%, 1616, 1616
1706881215, 3, 36, 287, 0, 0, 631.25%, 130, 0, 0, 883.72, 68349, 31178, 631.25%, 1616, 1616
1706881215, 3, 36, 287, 0, 0, 631.25%, 130, 0, 0, 800.00, 68536, 31231, 631.25%, 1616, 1616
1706881216, 3, 36, 287, 0, 0, 631.25%, 130, 0, 0, 683.33, 68684, 31288, 631.25%, 1616, 1616
1706881216, 3, 41, 287, 0, 0, 631.25%, 131, 0, 0, 1070.00, 68918, 31375, 631.25%, 1616, 1616
1706881216, 3, 41, 287, 0, 0, 631.25%, 131, 0, 0, 759.74, 69072, 31455, 631.25%, 1616, 1616
1706881216, 3, 41, 287, 0, 0, 631.25%, 133, 0, 0, 956.67, 69248, 31566, 631.25%, 1616, 1616
1706881217, 3, 46, 287, 0, 0, 631.25%, 133, 0, 0, 907.05, 69446, 31651, 631.25%, 1616, 1616
1706881217, 3, 46, 287, 0, 0, 631.25%, 133, 0, 0, 673.27, 69553, 31748, 631.25%, 1616, 1616
1706881217, 3, 46, 287, 0, 0, 631.25%, 133, 0, 0, 617.65, 69643, 31847, 631.25%, 1616, 1616
1706881218, 3, 46, 287, 0, 0, 631.25%, 133, 0, 0, 595.47, 69752, 31922, 631.25%, 1616, 1616
1706881218, 3, 48, 287, 0, 0, 631.25%, 133, 0, 0, 776.67, 69887, 32020, 631.25%, 1616, 1616
1706881218, 3, 59, 287, 0, 0, 631.25%, 133, 0, 0, 1150.00, 70127, 32125, 631.25%, 1616, 1616
1706881219, 3, 64, 287, 0, 0, 631.25%, 133, 0, 0, 986.67, 70307, 32241, 631.25%, 1616, 1616
1706881219, 3, 64, 287, 0, 0, 631.25%, 133, 0, 0, 903.33, 70461, 32358, 631.25%, 1616, 1616
1706881219, 3, 64, 287, 0, 0, 631.25%, 133, 0, 0, 926.67, 70633, 32464, 631.25%, 1616, 1616
1706881219, 3, 68, 287, 0, 0, 631.25%, 133, 0, 0, 1073.09, 70824, 32596, 631.25%, 1616, 1616
1706881220, 3, 81, 287, 0, 0, 631.25%, 133, 0, 0, 1213.33, 71084, 32700, 631.25%, 1616, 1616
1706881220, 3, 88, 287, 0, 0, 631.25%, 133, 0, 0, 1003.33, 71261, 32824, 631.25%, 1616, 1616
1706881220, 3, 95, 287, 0, 0, 631.25%, 133, 0, 0, 890.00, 71437, 32915, 631.25%, 1616, 1616
1706881221, 3, 101, 287, 0, 0, 631.25%, 133, 0, 0, 846.67, 71605, 33001, 631.25%, 1616, 1616
1706881221, 3, 108, 287, 0, 0, 631.25%, 134, 0, 0, 963.33, 71793, 33102, 631.25%, 1616, 1616
1706881221, 3, 112, 287, 0, 0, 631.25%, 134, 0, 0, 1703.33, 72162, 33244, 631.25%, 1616, 1616
1706881222, 3, 116, 287, 0, 0, 631.25%, 134, 0, 0, 1680.00, 72495, 33415, 631.25%, 1616, 1616
1706881222, 3, 122, 287, 0, 0, 631.25%, 134, 0, 0, 916.94, 72670, 33516, 631.25%, 1616, 1616
1706881222, 3, 128, 287, 0, 0, 631.25%, 134, 0, 0, 843.33, 72835, 33604, 631.25%, 1616, 1616
1706881222, 3, 133, 287, 0, 0, 631.25%, 134, 0, 0, 756.67, 72977, 33689, 631.25%, 1616, 1616
1706881223, 3, 140, 287, 0, 0, 631.25%, 134, 0, 0, 1030.00, 73145, 33830, 631.25%, 1616, 1616
1706881223, 3, 148, 287, 0, 0, 631.25%, 134, 0, 0, 996.67, 73294, 33980, 631.25%, 1616, 1616
1706881223, 3, 151, 287, 0, 0, 631.25%, 134, 0, 0, 594.68, 73395, 34058, 631.25%, 1616, 1616
1706881224, 3, 153, 287, 0, 0, 631.25%, 134, 0, 0, 501.65, 73504, 34101, 631.25%, 1616, 1616
1706881224, 3, 153, 287, 0, 0, 631.25%, 134, 0, 0, 516.67, 73611, 34149, 631.25%, 1616, 1616
1706881224, 3, 153, 287, 0, 0, 631.25%, 134, 0, 0, 223.27, 73658, 34173, 631.25%, 1616, 1616
1706881225, 3, 153, 287, 0, 0, 631.25%, 134, 0, 0, 523.33, 73745, 34243, 631.25%, 1616, 1616
1706881225, 3, 153, 287, 0, 0, 631.25%, 134, 0, 0, 475.08, 73836, 34295, 631.25%, 1616, 1616
1706881225, 3, 153, 287, 0, 0, 631.25%, 134, 0, 0, 504.98, 73935, 34348, 631.25%, 1616, 1616
1706881226, 3, 153, 287, 0, 0, 631.25%, 134, 0, 0, 456.67, 74023, 34397, 631.25%, 1616, 1616
1706881226, 3, 158, 287, 0, 0, 631.25%, 134, 0, 0, 714.29, 74144, 34491, 631.25%, 1616, 1616
1706881226, 3, 164, 287, 0, 0, 631.25%, 134, 0, 0, 873.75, 74315, 34583, 631.25%, 1616, 1616
1706881226, 3, 164, 287, 0, 0, 631.25%, 134, 0, 0, 591.36, 74408, 34668, 631.25%, 1616, 1616
1706881227, 3, 164, 287, 0, 0, 631.25%, 134, 0, 0, 640.00, 74501, 34767, 631.25%, 1616, 1616
1706881227, 3, 164, 287, 0, 0, 631.25%, 134, 0, 0, 660.00, 74606, 34860, 631.25%, 1616, 1616
1706881227, 3, 164, 287, 0, 0, 631.25%, 134, 0, 0, 654.49, 74705, 34958, 631.25%, 1616, 1616
1706881228, 3, 165, 287, 0, 0, 631.25%, 134, 0, 0, 650.00, 74809, 35049, 631.25%, 1616, 1616
1706881228, 3, 171, 287, 0, 0, 631.25%, 134, 0, 0, 776.67, 74945, 35146, 631.25%, 1616, 1616
1706881228, 3, 176, 287, 0, 0, 631.25%, 134, 0, 0, 800.00, 75084, 35247, 631.25%, 1616, 1616
1706881229, 3, 181, 287, 0, 0, 631.25%, 136, 0, 0, 727.57, 75209, 35341, 631.25%, 1616, 1616
1706881229, 3, 184, 287, 0, 0, 631.25%, 136, 0, 0, 354.74, 75272, 35394, 631.25%, 1616, 1616
1706881229, 3, 188, 287, 0, 0, 631.25%, 137, 0, 0, 641.20, 75374, 35485, 631.25%, 1616, 1616
1706881229, 3, 189, 287, 0, 0, 631.25%, 137, 0, 0, 588.04, 75494, 35542, 631.25%, 1616, 1616
1706881230, 3, 189, 287, 0, 0, 631.25%, 137, 0, 0, 581.40, 75624, 35587, 631.25%, 1616, 1616
1706881230, 3, 189, 287, 0, 0, 631.25%, 137, 0, 0, 574.75, 75733, 35651, 631.25%, 1616, 1616
1706881230, 3, 189, 287, 0, 0, 631.25%, 137, 0, 0, 578.07, 75858, 35700, 631.25%, 1616, 1616
1706881231, 3, 189, 287, 0, 0, 631.25%, 137, 0, 0, 581.40, 75976, 35757, 631.25%, 1616, 1616
1706881231, 3, 191, 287, 0, 0, 631.25%, 137, 0, 0, 538.21, 76077, 35818, 631.25%, 1616, 1616
1706881231, 3, 195, 287, 0, 0, 631.25%, 137, 0, 0, 571.43, 76177, 35890, 631.25%, 1616, 1616
1706881232, 3, 196, 287, 0, 0, 631.25%, 137, 0, 0, 604.65, 76276, 35973, 631.25%, 1616, 1616
1706881232, 3, 196, 287, 0, 0, 631.25%, 137, 0, 0, 603.33, 76379, 36051, 631.25%, 1616, 1616
1706881232, 3, 196, 287, 0, 0, 631.25%, 137, 0, 0, 586.67, 76481, 36125, 631.25%, 1616, 1616
1706881232, 3, 196, 287, 0, 0, 631.25%, 137, 0, 0, 574.75, 76588, 36191, 631.25%, 1616, 1616
1706881233, 3, 196, 287, 0, 0, 631.25%, 137, 0, 0, 574.75, 76695, 36257, 631.25%, 1616, 1616
1706881233, 3, 197, 287, 0, 0, 631.25%, 137, 0, 0, 530.00, 76794, 36317, 631.25%, 1616, 1616
1706881233, 3, 197, 287, 0, 0, 631.25%, 137, 0, 0, 607.97, 76899, 36395, 631.25%, 1616, 1616
1706881234, 3, 197, 287, 0, 0, 631.25%, 137, 0, 0, 547.85, 77009, 36451, 631.25%, 1616, 1616
1706881234, 3, 197, 287, 0, 0, 631.25%, 137, 0, 0, 603.33, 77134, 36507, 631.25%, 1616, 1616
1706881234, 3, 197, 287, 0, 0, 631.25%, 137, 0, 0, 581.40, 77240, 36576, 631.25%, 1616, 1616
1706881235, 3, 198, 287, 0, 0, 631.25%, 137, 0, 0, 591.36, 77345, 36649, 631.25%, 1616, 1616
1706881235, 3, 202, 287, 0, 0, 631.25%, 137, 0, 0, 558.14, 77451, 36711, 631.25%, 1616, 1616
1706881235, 3, 204, 287, 0, 0, 631.25%, 137, 0, 0, 607.97, 77571, 36774, 631.25%, 1616, 1616
1706881235, 3, 204, 287, 0, 0, 631.25%, 137, 0, 0, 570.00, 77687, 36829, 631.25%, 1616, 1616
1706881236, 3, 204, 287, 0, 0, 631.25%, 137, 0, 0, 594.68, 77802, 36893, 631.25%, 1616, 1616
1706881236, 3, 204, 287, 0, 0, 631.25%, 137, 0, 0, 601.33, 77923, 36953, 631.25%, 1616, 1616
1706881236, 3, 204, 287, 0, 0, 631.25%, 137, 0, 0, 589.40, 78046, 37008, 631.25%, 1616, 1616
1706881237, 3, 205, 287, 0, 0, 631.25%, 137, 0, 0, 560.00, 78148, 37074, 631.25%, 1616, 1616
1706881237, 3, 209, 287, 0, 0, 631.25%, 137, 0, 0, 626.67, 78256, 37154, 631.25%, 1616, 1616
1706881237, 3, 213, 287, 0, 0, 631.25%, 137, 0, 0, 564.78, 78366, 37214, 631.25%, 1616, 1616
1706881238, 3, 216, 287, 0, 0, 631.25%, 138, 0, 0, 533.33, 78474, 37266, 631.25%, 1616, 1616
1706881238, 3, 220, 287, 0, 0, 631.25%, 138, 0, 0, 558.14, 78571, 37337, 631.25%, 1616, 1616
1706881238, 3, 223, 287, 0, 0, 631.25%, 138, 0, 0, 551.50, 78675, 37399, 631.25%, 1616, 1616
1706881238, 3, 227, 287, 0, 0, 631.25%, 138, 0, 0, 519.74, 78771, 37461, 631.25%, 1616, 1616
1706881239, 3, 230, 287, 0, 0, 631.25%, 138, 0, 0, 495.02, 78855, 37526, 631.25%, 1616, 1616
1706881239, 3, 233, 287, 0, 0, 631.25%, 138, 0, 0, 519.87, 78941, 37597, 631.25%, 1616, 1616
1706881239, 3, 236, 287, 0, 0, 631.25%, 138, 0, 0, 531.56, 79037, 37661, 631.25%, 1616, 1616
1706881240, 3, 240, 288, 0, 0, 631.25%, 138, 0, 0, 498.34, 79123, 37725, 631.25%, 1616, 1616
1706881240, 3, 243, 288, 0, 0, 631.25%, 138, 0, 0, 480.00, 79207, 37785, 631.25%, 1616, 1616
1706881240, 3, 246, 288, 0, 0, 631.25%, 138, 0, 0, 483.44, 79289, 37849, 631.25%, 1616, 1616
1706881241, 3, 249, 288, 0, 0, 631.25%, 138, 0, 0, 437.09, 79364, 37906, 631.25%, 1616, 1616
1706881241, 3, 252, 288, 0, 0, 631.25%, 138, 0, 0, 473.33, 79449, 37963, 631.25%, 1616, 1616
1706881241, 3, 258, 288, 0, 0, 631.25%, 138, 0, 0, 860.00, 79604, 38066, 631.25%, 1616, 1616
1706881241, 3, 261, 288, 0, 0, 631.25%, 138, 0, 0, 496.69, 79691, 38129, 631.25%, 1616, 1616
1706881242, 3, 264, 288, 0, 0, 631.25%, 138, 0, 0, 426.67, 79775, 38173, 631.25%, 1616, 1616
1706881242, 3, 267, 290, 0, 0, 631.25%, 138, 0, 0, 428.57, 79848, 38229, 631.25%, 1616, 1616
1706881242, 3, 270, 290, 0, 0, 631.25%, 138, 0, 0, 581.40, 79958, 38294, 631.25%, 1616, 1616
1706881243, 3, 274, 291, 0, 0, 631.25%, 138, 0, 0, 473.33, 80040, 38354, 631.25%, 1616, 1616
1706881243, 3, 277, 291, 0, 0, 631.25%, 138, 0, 0, 498.34, 80120, 38424, 631.25%, 1616, 1616
1706881243, 3, 279, 291, 0, 0, 631.25%, 138, 0, 0, 401.99, 80192, 38473, 631.25%, 1616, 1616
1706881244, 3, 282, 292, 0, 0, 631.25%, 138, 0, 0, 428.57, 80266, 38528, 631.25%, 1616, 1616
1706881244, 3, 285, 292, 0, 0, 631.25%, 138, 0, 0, 422.02, 80349, 38583, 631.25%, 1616, 1616
1706881244, 3, 288, 292, 0, 0, 631.25%, 138, 0, 0, 476.67, 80437, 38638, 631.25%, 1616, 1616
1706881245, 3, 291, 293, 0, 0, 631.25%, 138, 0, 0, 398.67, 80499, 38696, 631.25%, 1616, 1616
1706881245, 3, 293, 294, 0, 0, 631.25%, 138, 0, 0, 423.84, 80570, 38753, 631.25%, 1616, 1616
1706881245, 4, 1, 294, 0, 0, 631.25%, 138, 0, 0, 2473.33, 81135, 38930, 631.25%, 1616, 1616
1706881245, 4, 3, 294, 0, 0, 631.25%, 138, 0, 0, 2580.00, 81759, 39080, 631.25%, 1616, 1616
1706881246, 4, 6, 294, 0, 0, 631.25%, 138, 0, 0, 2326.67, 82269, 39268, 631.25%, 1616, 1616
1706881246, 4, 9, 294, 0, 0, 631.25%, 138, 0, 0, 2680.00, 82887, 39454, 631.25%, 1616, 1616
1706881246, 4, 11, 294, 0, 0, 631.25%, 138, 0, 0, 2573.33, 83595, 39518, 631.25%, 1616, 1616
1706881247, 4, 16, 294, 0, 0, 631.25%, 138, 0, 0, 2670.00, 84335, 39579, 631.25%, 1616, 1616
1706881247, 4, 20, 294, 0, 0, 631.25%, 138, 0, 0, 2506.67, 84952, 39714, 631.25%, 1616, 1616
1706881247, 4, 23, 294, 0, 0, 631.25%, 138, 0, 0, 2660.00, 85610, 39854, 631.25%, 1616, 1616
1706881248, 4, 25, 294, 0, 0, 631.25%, 138, 0, 0, 2626.67, 86277, 39975, 631.25%, 1616, 1616
1706881248, 4, 30, 294, 0, 0, 631.25%, 138, 0, 0, 2313.33, 86893, 40053, 631.25%, 1616, 1616
1706881248, 4, 30, 294, 0, 0, 631.25%, 138, 0, 0, 930.00, 87084, 40141, 631.25%, 1616, 1616
1706881248, 4, 30, 294, 0, 0, 631.25%, 140, 0, 0, 980.71, 87292, 40238, 631.25%, 1616, 1616
1706881249, 4, 32, 294, 0, 0, 631.25%, 140, 0, 0, 1760.00, 87717, 40341, 631.25%, 1616, 1616
1706881249, 4, 33, 294, 0, 0, 631.25%, 140, 0, 0, 1183.33, 87901, 40512, 631.25%, 1616, 1616
1706881249, 4, 33, 294, 0, 0, 631.25%, 140, 0, 0, 1140.00, 88066, 40689, 631.25%, 1616, 1616
1706881250, 4, 35, 294, 0, 0, 631.25%, 140, 0, 0, 1046.67, 88255, 40814, 631.25%, 1616, 1616
1706881250, 4, 35, 294, 0, 0, 631.25%, 140, 0, 0, 846.67, 88418, 40905, 631.25%, 1616, 1616
1706881250, 4, 35, 294, 0, 0, 631.25%, 141, 0, 0, 641.45, 88543, 40975, 631.25%, 1616, 1616
1706881251, 4, 35, 294, 0, 0, 631.25%, 141, 0, 0, 740.00, 88692, 41048, 631.25%, 1616, 1616
1706881251, 4, 36, 294, 0, 0, 631.25%, 141, 0, 0, 870.00, 88895, 41106, 631.25%, 1616, 1616
1706881251, 4, 36, 294, 0, 0, 631.25%, 141, 0, 0, 767.37, 89085, 41170, 631.25%, 1616, 1616
1706881251, 4, 36, 294, 0, 0, 631.25%, 141, 0, 0, 713.33, 89247, 41222, 631.25%, 1616, 1616
1706881252, 4, 39, 294, 0, 0, 631.25%, 141, 0, 0, 863.33, 89464, 41264, 631.25%, 1616, 1616
1706881252, 4, 41, 294, 0, 0, 631.25%, 142, 0, 0, 1113.33, 89671, 41391, 631.25%, 1616, 1616
1706881252, 4, 41, 294, 0, 0, 631.25%, 142, 0, 0, 1066.67, 89873, 41509, 631.25%, 1616, 1616
1706881253, 4, 46, 294, 0, 0, 631.25%, 142, 0, 0, 1130.00, 90109, 41612, 631.25%, 1616, 1616
1706881253, 4, 46, 294, 0, 0, 631.25%, 142, 0, 0, 867.11, 90256, 41726, 631.25%, 1616, 1616
1706881253, 4, 46, 294, 0, 0, 631.25%, 142, 0, 0, 876.67, 90399, 41846, 631.25%, 1616, 1616
1706881254, 4, 47, 294, 0, 0, 631.25%, 142, 0, 0, 850.00, 90552, 41948, 631.25%, 1616, 1616
1706881254, 4, 59, 295, 0, 0, 631.25%, 142, 0, 0, 1290.00, 90817, 42070, 631.25%, 1616, 1616
1706881254, 4, 64, 295, 0, 0, 631.25%, 142, 0, 0, 1040.00, 91015, 42184, 631.25%, 1616, 1616
1706881254, 4, 64, 295, 0, 0, 631.25%, 142, 0, 0, 950.17, 91176, 42309, 631.25%, 1616, 1616
1706881255, 4, 64, 295, 0, 0, 631.25%, 142, 0, 0, 980.00, 91334, 42445, 631.25%, 1616, 1616
1706881255, 4, 69, 295, 0, 0, 631.25%, 142, 0, 0, 1083.33, 91519, 42585, 631.25%, 1616, 1616
1706881255, 4, 82, 295, 0, 0, 631.25%, 145, 0, 0, 1226.67, 91789, 42683, 631.25%, 1616, 1616
1706881256, 4, 88, 295, 0, 0, 631.25%, 145, 0, 0, 930.00, 91963, 42788, 631.25%, 1616, 1616
1706881256, 4, 96, 296, 0, 0, 631.25%, 145, 0, 0, 943.33, 92140, 42894, 631.25%, 1616, 1616
1706881256, 4, 103, 296, 0, 0, 631.25%, 147, 0, 0, 996.67, 92328, 43005, 631.25%, 1616, 1616
1706881257, 4, 109, 296, 0, 0, 631.25%, 148, 0, 0, 946.67, 92510, 43107, 631.25%, 1616, 1616
1706881257, 4, 112, 297, 0, 0, 631.64%, 148, 0, 0, 1913.33, 92907, 43284, 631.64%, 1617, 1617
1706881257, 4, 117, 297, 0, 0, 631.64%, 148, 0, 0, 1275.75, 93143, 43432, 631.64%, 1617, 1617
1706881257, 4, 123, 297, 0, 0, 631.64%, 148, 0, 0, 916.67, 93304, 43546, 631.64%, 1617, 1617
1706881258, 4, 129, 297, 0, 0, 631.64%, 148, 0, 0, 876.67, 93473, 43640, 631.64%, 1617, 1617
1706881258, 4, 134, 298, 0, 0, 631.64%, 148, 0, 0, 873.33, 93637, 43738, 631.64%, 1617, 1617
1706881258, 4, 142, 298, 0, 0, 631.64%, 148, 0, 0, 1096.67, 93816, 43888, 631.64%, 1617, 1617
1706881259, 4, 149, 298, 0, 0, 631.64%, 148, 0, 0, 856.67, 93955, 44006, 631.64%, 1617, 1617
1706881259, 4, 153, 298, 0, 0, 631.64%, 148, 0, 0, 726.67, 94093, 44086, 631.64%, 1617, 1617
1706881259, 4, 153, 298, 0, 0, 631.64%, 148, 0, 0, 496.67, 94200, 44128, 631.64%, 1617, 1617
1706881260, 4, 153, 298, 0, 0, 631.64%, 148, 0, 0, 586.67, 94306, 44198, 631.64%, 1617, 1617
1706881260, 4, 153, 298, 0, 0, 631.64%, 148, 0, 0, 606.67, 94420, 44266, 631.64%, 1617, 1617
1706881260, 4, 153, 298, 0, 0, 631.64%, 148, 0, 0, 603.33, 94546, 44321, 631.64%, 1617, 1617
1706881260, 4, 153, 298, 0, 0, 631.64%, 148, 0, 0, 604.65, 94668, 44381, 631.64%, 1617, 1617
1706881261, 4, 158, 298, 0, 0, 631.64%, 149, 0, 0, 750.00, 94801, 44473, 631.64%, 1617, 1617
1706881261, 4, 164, 298, 0, 0, 631.64%, 149, 0, 0, 843.85, 94966, 44562, 631.64%, 1617, 1617
1706881261, 4, 164, 298, 0, 0, 631.64%, 149, 0, 0, 683.33, 95079, 44654, 631.64%, 1617, 1617
1706881262, 4, 164, 298, 0, 0, 631.64%, 149, 0, 0, 694.35, 95192, 44750, 631.64%, 1617, 1617
1706881262, 4, 164, 298, 0, 0, 631.64%, 149, 0, 0, 676.67, 95295, 44850, 631.64%, 1617, 1617
1706881262, 4, 164, 298, 0, 0, 631.64%, 149, 0, 0, 696.67, 95410, 44944, 631.64%, 1617, 1617
1706881262, 4, 164, 298, 0, 0, 631.64%, 149, 0, 0, 578.95, 95419, 44946, 631.64%, 1617, 1617
