# unix_time, cycles_done, cur_path, paths_total, pending_total, pending_favs, map_size, unique_crashes, unique_hangs, max_depth, execs_per_sec, valid_inputs, invalid_inputs, valid_cov, all_covered_probes, valid_covered_probes
1706881350, 0, 0, 1, 0, 0, 335.16%, 0, 0, 0, 0.24, 1, 0, 335.16%, 858, 858
1706881350, 0, 0, 6, 0, 0, 477.73%, 0, 0, 0, 16.50, 5, 1, 463.28%, 1223, 1186
1706881351, 0, 0, 14, 0, 0, 610.55%, 0, 0, 0, 46.11, 21, 1, 596.09%, 1563, 1526
1706881351, 0, 0, 33, 0, 0, 708.59%, 1, 0, 0, 190.16, 70, 10, 616.80%, 1814, 1579
1706881351, 0, 0, 48, 0, 0, 718.36%, 2, 0, 0, 178.12, 132, 18, 630.47%, 1839, 1614
1706881352, 0, 0, 51, 0, 0, 720.70%, 3, 0, 0, 106.06, 160, 25, 631.25%, 1845, 1616
1706881352, 0, 0, 59, 0, 0, 727.34%, 3, 0, 0, 101.42, 193, 35, 631.25%, 1862, 1616
1706881352, 0, 0, 69, 0, 0, 730.47%, 8, 0, 0, 311.26, 264, 58, 632.03%, 1870, 1618
1706881353, 0, 0, 82, 0, 0, 782.03%, 8, 0, 0, 323.03, 358, 79, 730.86%, 2002, 1871
1706881353, 0, 1, 88, 0, 0, 784.38%, 9, 0, 0, 221.12, 416, 88, 734.38%, 2008, 1880
1706881353, 0, 1, 90, 0, 0, 784.38%, 9, 0, 0, 194.81, 463, 101, 734.38%, 2008, 1880
1706881354, 0, 1, 95, 0, 0, 785.16%, 9, 0, 0, 385.38, 570, 110, 735.16%, 2010, 1882
1706881354, 0, 2, 99, 0, 0, 786.72%, 9, 0, 0, 210.00, 625, 118, 735.94%, 2014, 1884
1706881354, 0, 2, 100, 0, 0, 788.28%, 9, 0, 0, 77.16, 649, 119, 744.53%, 2018, 1906
1706881354, 0, 2, 113, 0, 0, 790.63%, 10, 0, 0, 528.13, 797, 140, 745.70%, 2024, 1909
1706881355, 0, 3, 117, 0, 0, 791.02%, 11, 0, 0, 375.78, 904, 154, 746.09%, 2025, 1910
1706881355, 0, 3, 120, 0, 0, 791.41%, 13, 0, 0, 286.67, 975, 169, 746.09%, 2026, 1910
1706881355, 0, 3, 125, 0, 0, 791.80%, 13, 0, 0, 373.33, 1065, 191, 746.88%, 2027, 1912
1706881356, 0, 4, 125, 0, 0, 791.80%, 13, 0, 0, 312.68, 1157, 210, 746.88%, 2027, 1912
1706881356, 0, 5, 127, 0, 0, 791.80%, 15, 0, 0, 447.28, 1241, 266, 746.88%, 2027, 1912
1706881356, 0, 5, 129, 0, 0, 791.80%, 15, 0, 0, 284.31, 1321, 273, 746.88%, 2027, 1912
1706881357, 0, 6, 132, 0, 0, 792.58%, 16, 0, 0, 582.78, 1464, 306, 747.27%, 2029, 1913
1706881357, 0, 6, 137, 0, 0, 792.58%, 18, 0, 0, 292.84, 1577, 328, 747.27%, 2029, 1913
1706881357, 0, 7, 142, 0, 0, 792.58%, 18, 0, 0, 406.67, 1684, 343, 747.27%, 2029, 1913
1706881358, 0, 8, 144, 0, 0, 792.58%, 18, 0, 0, 358.09, 1781, 381, 747.27%, 2029, 1913
1706881358, 0, 9, 147, 0, 0, 792.97%, 19, 0, 0, 533.92, 1907, 436, 747.66%, 2030, 1914
1706881359, 0, 9, 150, 0, 0, 793.75%, 19, 0, 0, 541.03, 2042, 479, 748.44%, 2032, 1916
1706881359, 0, 9, 150, 0, 0, 793.75%, 19, 0, 0, 217.13, 2093, 499, 748.44%, 2032, 1916
1706881359, 0, 10, 151, 0, 0, 793.75%, 21, 0, 0, 416.67, 2200, 517, 748.44%, 2032, 1916
1706881359, 0, 11, 152, 0, 0, 793.75%, 23, 0, 0, 530.43, 2363, 537, 748.83%, 2032, 1917
1706881360, 0, 11, 153, 0, 0, 794.92%, 23, 0, 0, 304.08, 2449, 548, 748.83%, 2035, 1917
1706881360, 0, 11, 157, 0, 0, 796.09%, 23, 0, 0, 353.33, 2542, 561, 750.00%, 2038, 1920
1706881360, 0, 13, 159, 0, 0, 796.09%, 26, 0, 0, 613.33, 2675, 612, 750.00%, 2038, 1920
1706881361, 0, 13, 163, 0, 0, 796.09%, 28, 0, 0, 558.28, 2809, 660, 750.00%, 2038, 1920
1706881361, 0, 14, 165, 0, 0, 796.09%, 29, 0, 0, 341.88, 2907, 682, 750.00%, 2038, 1920
1706881361, 0, 14, 165, 0, 0, 796.09%, 29, 0, 0, 356.67, 2995, 701, 750.00%, 2038, 1920
1706881362, 0, 14, 165, 0, 0, 796.09%, 30, 0, 0, 240.00, 3057, 711, 750.00%, 2038, 1920
1706881362, 0, 15, 166, 0, 0, 796.09%, 30, 0, 0, 602.48, 3192, 770, 750.00%, 2038, 1920
1706881362, 0, 19, 168, 0, 0, 796.09%, 30, 0, 0, 530.00, 3303, 818, 750.00%, 2038, 1920
1706881363, 0, 19, 170, 0, 0, 796.09%, 30, 0, 0, 476.67, 3422, 842, 750.00%, 2038, 1920
1706881363, 0, 20, 170, 0, 0, 796.09%, 30, 0, 0, 416.29, 3579, 869, 750.00%, 2038, 1920
1706881363, 0, 21, 171, 0, 0, 797.66%, 31, 0, 0, 700.00, 3743, 915, 750.00%, 2042, 1920
1706881364, 0, 22, 177, 0, 0, 798.05%, 31, 0, 0, 675.50, 3874, 988, 750.39%, 2043, 1921
1706881364, 0, 23, 179, 0, 0, 798.05%, 31, 0, 0, 634.55, 4034, 1019, 750.39%, 2043, 1921
1706881364, 0, 23, 180, 0, 0, 798.05%, 31, 0, 0, 414.33, 4146, 1040, 750.39%, 2043, 1921
1706881365, 0, 24, 185, 0, 0, 798.05%, 32, 0, 0, 531.56, 4244, 1102, 750.39%, 2043, 1921
1706881365, 0, 24, 191, 0, 0, 798.05%, 33, 0, 0, 333.33, 4260, 1186, 750.39%, 2043, 1921
1706881365, 0, 24, 194, 0, 0, 798.05%, 33, 0, 0, 313.19, 4289, 1271, 750.39%, 2043, 1921
1706881366, 0, 27, 197, 0, 0, 798.05%, 34, 0, 0, 396.67, 4324, 1355, 750.78%, 2043, 1922
1706881366, 0, 28, 198, 0, 0, 798.05%, 34, 0, 0, 936.67, 4548, 1412, 750.78%, 2043, 1922
1706881366, 0, 28, 198, 0, 0, 798.05%, 34, 0, 0, 333.33, 4627, 1433, 750.78%, 2043, 1922
1706881366, 0, 31, 198, 0, 0, 798.05%, 35, 0, 0, 1013.16, 4891, 1477, 750.78%, 2043, 1922
1706881367, 0, 32, 199, 0, 0, 798.05%, 35, 0, 0, 1194.53, 5222, 1539, 750.78%, 2043, 1922
1706881367, 0, 33, 200, 0, 0, 798.44%, 35, 0, 0, 886.67, 5429, 1598, 751.17%, 2044, 1923
1706881367, 0, 33, 200, 0, 0, 798.44%, 36, 0, 0, 510.75, 5575, 1642, 751.17%, 2044, 1923
1706881368, 0, 35, 201, 0, 0, 798.83%, 36, 0, 0, 796.67, 5780, 1676, 751.17%, 2045, 1923
1706881368, 0, 36, 202, 0, 0, 798.83%, 36, 0, 0, 846.65, 5991, 1730, 751.17%, 2045, 1923
1706881368, 0, 37, 206, 0, 0, 802.34%, 36, 0, 0, 673.33, 6144, 1779, 764.45%, 2054, 1957
1706881369, 0, 38, 206, 0, 0, 802.34%, 37, 0, 0, 1006.67, 6394, 1831, 764.45%, 2054, 1957
1706881369, 0, 40, 206, 0, 0, 802.34%, 37, 0, 0, 657.89, 6548, 1877, 764.45%, 2054, 1957
1706881369, 0, 42, 208, 0, 0, 803.52%, 37, 0, 0, 1110.00, 6744, 2014, 764.45%, 2057, 1957
1706881370, 0, 42, 209, 0, 0, 803.91%, 37, 0, 0, 353.33, 6815, 2049, 766.02%, 2058, 1961
1706881370, 0, 45, 209, 0, 0, 803.91%, 38, 0, 0, 1129.87, 7102, 2110, 766.02%, 2058, 1961
1706881370, 0, 50, 209, 0, 0, 803.91%, 39, 0, 0, 1206.67, 7414, 2160, 766.02%, 2058, 1961
1706881370, 0, 51, 213, 0, 0, 803.91%, 40, 0, 0, 686.67, 7517, 2263, 766.02%, 2058, 1961
1706881371, 0, 51, 219, 0, 0, 803.91%, 42, 0, 0, 373.33, 7557, 2335, 766.02%, 2058, 1961
1706881371, 0, 53, 221, 0, 0, 803.91%, 45, 0, 0, 516.67, 7618, 2429, 766.02%, 2058, 1961
1706881371, 0, 55, 222, 0, 0, 803.91%, 45, 0, 0, 1210.00, 7797, 2613, 766.02%, 2058, 1961
1706881372, 0, 58, 222, 0, 0, 803.91%, 45, 0, 0, 509.09, 7895, 2683, 766.02%, 2058, 1961
1706881372, 0, 61, 222, 0, 0, 803.91%, 45, 0, 0, 1546.67, 8236, 2806, 766.02%, 2058, 1961
1706881372, 0, 63, 227, 0, 0, 803.91%, 46, 0, 0, 1050.00, 8396, 2961, 766.41%, 2058, 1962
1706881373, 0, 63, 231, 0, 0, 803.91%, 47, 0, 0, 449.85, 8471, 3034, 766.41%, 2058, 1962
1706881373, 0, 64, 232, 0, 0, 803.91%, 47, 0, 0, 867.09, 8655, 3124, 766.41%, 2058, 1962
1706881373, 0, 68, 232, 0, 0, 803.91%, 48, 0, 0, 1100.00, 8849, 3260, 766.41%, 2058, 1962
1706881374, 0, 74, 236, 0, 0, 805.86%, 48, 0, 0, 1297.94, 9115, 3434, 766.41%, 2063, 1962
1706881374, 0, 75, 240, 0, 0, 806.25%, 48, 0, 0, 925.15, 9343, 3515, 766.80%, 2064, 1963
1706881374, 0, 75, 240, 0, 0, 806.25%, 48, 0, 0, 400.00, 9420, 3558, 766.80%, 2064, 1963
1706881375, 0, 75, 241, 0, 0, 806.25%, 48, 0, 0, 400.00, 9498, 3614, 766.80%, 2064, 1963
1706881375, 0, 75, 242, 0, 0, 806.25%, 48, 0, 0, 463.33, 9569, 3682, 766.80%, 2064, 1963
1706881375, 0, 75, 243, 0, 0, 806.25%, 49, 0, 0, 501.59, 9665, 3744, 766.80%, 2064, 1963
1706881375, 0, 76, 243, 0, 0, 806.25%, 49, 0, 0, 886.67, 9825, 3850, 766.80%, 2064, 1963
1706881376, 0, 80, 243, 0, 0, 806.25%, 50, 0, 0, 1360.00, 10087, 3996, 766.80%, 2064, 1963
1706881376, 0, 83, 245, 0, 0, 806.25%, 50, 0, 0, 1066.67, 10299, 4104, 766.80%, 2064, 1963
1706881376, 0, 85, 246, 0, 0, 806.25%, 52, 0, 0, 1453.33, 10646, 4193, 766.80%, 2064, 1963
1706881377, 0, 93, 247, 0, 0, 806.25%, 52, 0, 0, 1103.33, 10867, 4303, 766.80%, 2064, 1963
1706881377, 0, 93, 248, 0, 0, 806.25%, 53, 0, 0, 656.86, 10973, 4398, 766.80%, 2064, 1963
1706881377, 0, 93, 249, 0, 0, 807.81%, 54, 0, 0, 309.15, 11024, 4445, 768.36%, 2068, 1967
1706881378, 0, 93, 250, 0, 0, 807.81%, 55, 0, 0, 630.00, 11125, 4533, 768.36%, 2068, 1967
1706881378, 0, 94, 251, 0, 0, 808.59%, 56, 0, 0, 244.30, 11206, 4602, 768.36%, 2070, 1967
1706881379, 0, 95, 251, 0, 0, 808.59%, 56, 0, 0, 975.54, 11474, 4653, 768.36%, 2070, 1967
1706881379, 0, 98, 251, 0, 0, 808.59%, 56, 0, 0, 1463.33, 11710, 4856, 768.36%, 2070, 1967
1706881379, 0, 99, 252, 0, 0, 808.98%, 57, 0, 0, 903.65, 11888, 4950, 769.92%, 2071, 1971
1706881379, 0, 99, 259, 0, 0, 808.98%, 58, 0, 0, 382.06, 11954, 4999, 769.92%, 2071, 1971
1706881380, 0, 99, 262, 0, 0, 808.98%, 58, 0, 0, 546.67, 12063, 5054, 769.92%, 2071, 1971
1706881380, 0, 99, 264, 0, 0, 808.98%, 58, 0, 0, 431.89, 12142, 5105, 769.92%, 2071, 1971
1706881380, 0, 99, 265, 0, 0, 808.98%, 58, 0, 0, 514.95, 12229, 5173, 769.92%, 2071, 1971
1706881381, 0, 100, 265, 0, 0, 808.98%, 61, 0, 0, 534.88, 12321, 5242, 769.92%, 2071, 1971
1706881381, 0, 100, 268, 0, 0, 808.98%, 61, 0, 0, 272.28, 12389, 5284, 769.92%, 2071, 1971
1706881381, 0, 100, 271, 0, 0, 808.98%, 63, 0, 0, 434.08, 12458, 5350, 769.92%, 2071, 1971
1706881382, 0, 100, 271, 0, 0, 808.98%, 64, 0, 0, 766.67, 12582, 5456, 769.92%, 2071, 1971
1706881382, 0, 101, 274, 0, 0, 808.98%, 64, 0, 0, 726.11, 12648, 5618, 769.92%, 2071, 1971
1706881382, 0, 103, 276, 0, 0, 808.98%, 64, 0, 0, 1396.67, 12874, 5811, 769.92%, 2071, 1971
1706881383, 0, 112, 277, 0, 0, 808.98%, 64, 0, 0, 1059.80, 13089, 5915, 769.92%, 2071, 1971
1706881383, 0, 112, 281, 0, 0, 808.98%, 68, 0, 0, 643.33, 13108, 6089, 769.92%, 2071, 1971
1706881383, 0, 113, 283, 0, 0, 808.98%, 68, 0, 0, 1003.33, 13243, 6255, 769.92%, 2071, 1971
1706881383, 0, 115, 285, 0, 0, 808.98%, 68, 0, 0, 1483.33, 13484, 6459, 769.92%, 2071, 1971
1706881384, 0, 119, 286, 0, 0, 808.98%, 69, 0, 0, 1343.33, 13644, 6702, 769.92%, 2071, 1971
1706881384, 0, 121, 286, 0, 0, 808.98%, 69, 0, 0, 1303.33, 13926, 6811, 769.92%, 2071, 1971
1706881384, 0, 124, 286, 0, 0, 808.98%, 70, 0, 0, 1153.33, 14171, 6912, 769.92%, 2071, 1971
1706881385, 0, 130, 287, 0, 0, 808.98%, 70, 0, 0, 1736.67, 14507, 7097, 769.92%, 2071, 1971
1706881385, 0, 135, 289, 0, 0, 808.98%, 71, 0, 0, 1270.00, 14783, 7202, 769.92%, 2071, 1971
1706881385, 0, 144, 291, 0, 0, 808.98%, 74, 0, 0, 970.00, 14951, 7325, 769.92%, 2071, 1971
1706881386, 0, 147, 291, 0, 0, 808.98%, 74, 0, 0, 2256.67, 15380, 7573, 769.92%, 2071, 1971
1706881386, 0, 151, 292, 0, 0, 808.98%, 74, 0, 0, 1913.33, 15825, 7702, 769.92%, 2071, 1971
1706881386, 0, 152, 293, 0, 0, 808.98%, 74, 0, 0, 1448.50, 16040, 7923, 769.92%, 2071, 1971
1706881386, 0, 155, 293, 0, 0, 808.98%, 76, 0, 0, 1310.00, 16286, 8070, 769.92%, 2071, 1971
1706881387, 0, 170, 294, 0, 0, 808.98%, 78, 0, 0, 1260.00, 16465, 8269, 769.92%, 2071, 1971
1706881387, 0, 173, 294, 0, 0, 808.98%, 78, 0, 0, 993.33, 16626, 8406, 769.92%, 2071, 1971
1706881387, 0, 173, 295, 0, 0, 808.98%, 79, 0, 0, 837.21, 16748, 8536, 769.92%, 2071, 1971
1706881388, 0, 173, 298, 0, 0, 808.98%, 79, 0, 0, 893.33, 16876, 8676, 769.92%, 2071, 1971
1706881388, 0, 183, 299, 0, 0, 808.98%, 79, 0, 0, 1229.24, 17075, 8847, 770.70%, 2071, 1973
1706881388, 0, 192, 299, 0, 0, 808.98%, 81, 0, 0, 843.33, 17179, 8996, 770.70%, 2071, 1973
1706881389, 0, 194, 299, 0, 0, 808.98%, 83, 0, 0, 670.00, 17273, 9103, 770.70%, 2071, 1973
1706881389, 0, 194, 299, 0, 0, 808.98%, 84, 0, 0, 613.33, 17364, 9196, 770.70%, 2071, 1973
1706881389, 0, 194, 299, 0, 0, 808.98%, 84, 0, 0, 890.00, 17479, 9348, 770.70%, 2071, 1973
1706881389, 0, 198, 299, 0, 0, 808.98%, 86, 0, 0, 773.33, 17601, 9458, 770.70%, 2071, 1973
1706881390, 0, 202, 303, 0, 0, 809.38%, 86, 0, 0, 1703.33, 17941, 9629, 771.09%, 2072, 1974
1706881390, 0, 207, 305, 0, 0, 809.38%, 87, 0, 0, 1400.00, 18208, 9789, 771.09%, 2072, 1974
1706881390, 0, 210, 305, 0, 0, 809.38%, 87, 0, 0, 734.43, 18379, 9842, 771.09%, 2072, 1974
1706881391, 0, 225, 307, 0, 0, 809.38%, 92, 0, 0, 1116.67, 18542, 10014, 771.88%, 2072, 1976
1706881391, 0, 225, 308, 0, 0, 809.38%, 93, 0, 0, 1190.00, 18727, 10186, 771.88%, 2072, 1976
1706881391, 0, 229, 311, 0, 0, 809.38%, 95, 0, 0, 1160.00, 18899, 10362, 772.27%, 2072, 1977
1706881392, 0, 240, 311, 0, 0, 809.38%, 95, 0, 0, 1816.67, 19226, 10580, 772.27%, 2072, 1977
1706881392, 0, 248, 313, 0, 0, 809.77%, 98, 0, 0, 923.59, 19363, 10721, 772.66%, 2073, 1978
1706881392, 0, 248, 313, 0, 0, 809.77%, 99, 0, 0, 548.17, 19456, 10793, 772.66%, 2073, 1978
1706881392, 0, 248, 314, 0, 0, 810.16%, 99, 0, 0, 661.13, 19573, 10875, 773.05%, 2074, 1979
1706881393, 0, 248, 316, 0, 0, 810.16%, 99, 0, 0, 657.81, 19682, 10964, 773.05%, 2074, 1979
1706881393, 0, 250, 317, 0, 0, 810.16%, 100, 0, 0, 950.17, 19770, 11162, 773.05%, 2074, 1979
1706881393, 0, 251, 319, 0, 0, 811.33%, 101, 0, 0, 720.93, 19859, 11290, 774.22%, 2077, 1982
1706881394, 0, 251, 321, 0, 0, 811.72%, 101, 0, 0, 610.00, 19957, 11375, 774.61%, 2078, 1983
1706881394, 0, 251, 322, 0, 0, 811.72%, 101, 0, 0, 530.00, 20050, 11441, 774.61%, 2078, 1983
1706881394, 0, 251, 322, 0, 0, 811.72%, 101, 0, 0, 500.00, 20134, 11507, 774.61%, 2078, 1983
1706881395, 0, 254, 323, 0, 0, 811.72%, 101, 0, 0, 643.33, 20232, 11602, 774.61%, 2078, 1983
1706881395, 0, 260, 323, 0, 0, 811.72%, 102, 0, 0, 566.34, 20325, 11684, 774.61%, 2078, 1983
1706881395, 0, 265, 324, 0, 0, 811.72%, 104, 0, 0, 493.33, 20394, 11763, 774.61%, 2078, 1983
1706881395, 0, 271, 325, 0, 0, 811.72%, 104, 0, 0, 686.67, 20514, 11849, 774.61%, 2078, 1983
1706881396, 0, 275, 329, 0, 0, 811.72%, 105, 0, 0, 511.11, 20589, 11935, 774.61%, 2078, 1983
1706881396, 0, 282, 330, 0, 0, 811.72%, 107, 0, 0, 463.33, 20620, 12043, 774.61%, 2078, 1983
1706881396, 0, 288, 331, 0, 0, 811.72%, 109, 0, 0, 554.82, 20697, 12133, 774.61%, 2078, 1983
1706881397, 0, 298, 332, 0, 0, 811.72%, 110, 0, 0, 1030.00, 20837, 12302, 774.61%, 2078, 1983
1706881397, 0, 302, 335, 0, 0, 811.72%, 110, 0, 0, 1588.04, 21234, 12383, 774.61%, 2078, 1983
1706881397, 0, 306, 335, 0, 0, 811.72%, 110, 0, 0, 1016.67, 21398, 12524, 774.61%, 2078, 1983
1706881398, 0, 306, 336, 0, 0, 811.72%, 110, 0, 0, 1223.33, 21580, 12709, 774.61%, 2078, 1983
1706881398, 0, 309, 336, 0, 0, 811.72%, 110, 0, 0, 1150.00, 21765, 12869, 774.61%, 2078, 1983
1706881398, 0, 309, 336, 0, 0, 811.72%, 110, 0, 0, 1050.00, 21953, 12996, 774.61%, 2078, 1983
1706881398, 0, 312, 338, 0, 0, 811.72%, 110, 0, 0, 746.67, 22071, 13102, 774.61%, 2078, 1983
1706881399, 0, 312, 338, 0, 0, 811.72%, 111, 0, 0, 594.68, 22166, 13186, 774.61%, 2078, 1983
1706881399, 0, 312, 339, 0, 0, 811.72%, 114, 0, 0, 623.33, 22254, 13285, 774.61%, 2078, 1983
1706881399, 0, 312, 339, 0, 0, 811.72%, 117, 0, 0, 626.67, 22350, 13377, 774.61%, 2078, 1983
1706881400, 0, 313, 339, 0, 0, 811.72%, 117, 0, 0, 596.67, 22433, 13473, 774.61%, 2078, 1983
1706881400, 0, 313, 339, 0, 0, 811.72%, 118, 0, 0, 631.23, 22523, 13573, 774.61%, 2078, 1983
1706881400, 0, 313, 339, 0, 0, 811.72%, 119, 0, 0, 656.67, 22645, 13648, 774.61%, 2078, 1983
1706881401, 0, 313, 339, 0, 0, 811.72%, 119, 0, 0, 624.58, 22751, 13730, 774.61%, 2078, 1983
1706881401, 0, 315, 341, 0, 0, 811.72%, 120, 0, 0, 681.06, 22862, 13824, 774.61%, 2078, 1983
1706881401, 0, 317, 342, 0, 0, 811.72%, 120, 0, 0, 706.67, 22977, 13921, 774.61%, 2078, 1983
1706881401, 0, 317, 342, 0, 0, 811.72%, 120, 0, 0, 641.20, 23080, 14011, 774.61%, 2078, 1983
1706881402, 0, 317, 342, 0, 0, 811.72%, 120, 0, 0, 495.02, 23169, 14071, 774.61%, 2078, 1983
1706881402, 0, 317, 342, 0, 0, 811.72%, 120, 0, 0, 697.67, 23280, 14170, 774.61%, 2078, 1983
1706881402, 0, 319, 342, 0, 0, 811.72%, 121, 0, 0, 691.03, 23379, 14279, 774.61%, 2078, 1983
1706881403, 0, 319, 342, 0, 0, 811.72%, 121, 0, 0, 448.50, 23447, 14346, 774.61%, 2078, 1983
1706881403, 0, 319, 342, 0, 0, 811.72%, 121, 0, 0, 520.00, 23530, 14419, 774.61%, 2078, 1983
1706881403, 0, 319, 344, 0, 0, 812.11%, 122, 0, 0, 598.01, 23627, 14502, 774.61%, 2079, 1983
1706881404, 0, 322, 345, 0, 0, 812.11%, 122, 0, 0, 673.33, 23726, 14605, 774.61%, 2079, 1983
1706881404, 0, 328, 351, 0, 0, 812.11%, 122, 0, 0, 528.24, 23801, 14689, 774.61%, 2079, 1983
1706881404, 0, 334, 352, 0, 0, 812.11%, 123, 0, 0, 593.33, 23882, 14786, 774.61%, 2079, 1983
1706881405, 0, 340, 354, 0, 0, 812.11%, 123, 0, 0, 640.00, 23973, 14887, 774.61%, 2079, 1983
1706881405, 0, 343, 358, 0, 0, 812.11%, 125, 0, 0, 693.33, 24016, 15052, 774.61%, 2079, 1983
1706881405, 0, 344, 358, 0, 0, 812.11%, 125, 0, 0, 823.92, 24066, 15250, 774.61%, 2079, 1983
1706881405, 0, 349, 359, 0, 0, 812.11%, 125, 0, 0, 586.67, 24136, 15356, 774.61%, 2079, 1983
1706881406, 0, 353, 360, 0, 0, 812.11%, 127, 0, 0, 438.54, 24192, 15432, 774.61%, 2079, 1983
1706881406, 0, 358, 362, 0, 0, 812.11%, 131, 0, 0, 378.74, 24210, 15528, 774.61%, 2079, 1983
1706881406, 1, 1, 363, 0, 0, 812.11%, 131, 0, 0, 1626.67, 24577, 15649, 774.61%, 2079, 1983
1706881407, 1, 3, 363, 0, 0, 812.11%, 131, 0, 0, 2220.00, 25149, 15743, 774.61%, 2079, 1983
1706881407, 1, 6, 363, 0, 0, 812.11%, 131, 0, 0, 2453.33, 25732, 15896, 774.61%, 2079, 1983
1706881407, 1, 9, 363, 0, 0, 812.11%, 131, 0, 0, 1883.72, 26161, 16034, 774.61%, 2079, 1983
1706881408, 1, 13, 363, 0, 0, 812.11%, 133, 0, 0, 2256.67, 26736, 16136, 774.61%, 2079, 1983
1706881408, 1, 15, 363, 0, 0, 812.11%, 133, 0, 0, 2390.00, 27267, 16322, 774.61%, 2079, 1983
1706881408, 1, 21, 363, 0, 0, 812.11%, 133, 0, 0, 2623.33, 27878, 16498, 774.61%, 2079, 1983
1706881408, 1, 24, 363, 0, 0, 812.11%, 134, 0, 0, 1897.35, 28301, 16648, 774.61%, 2079, 1983
1706881409, 1, 28, 363, 0, 0, 812.11%, 134, 0, 0, 1460.00, 28471, 16916, 774.61%, 2079, 1983
1706881409, 1, 31, 363, 0, 0, 812.11%, 134, 0, 0, 2186.67, 29005, 17038, 774.61%, 2079, 1983
1706881409, 1, 33, 363, 0, 0, 812.11%, 134, 0, 0, 1943.33, 29447, 17179, 774.61%, 2079, 1983
1706881410, 1, 36, 363, 0, 0, 812.11%, 134, 0, 0, 2266.67, 30002, 17304, 774.61%, 2079, 1983
1706881410, 1, 40, 363, 0, 0, 812.11%, 135, 0, 0, 2133.33, 30497, 17449, 774.61%, 2079, 1983
1706881410, 1, 44, 363, 0, 0, 812.11%, 135, 0, 0, 2176.67, 30923, 17676, 774.61%, 2079, 1983
1706881411, 1, 50, 363, 0, 0, 812.11%, 135, 0, 0, 1963.33, 31389, 17799, 774.61%, 2079, 1983
1706881411, 1, 53, 363, 0, 0, 812.11%, 136, 0, 0, 1323.33, 31557, 18028, 774.61%, 2079, 1983
1706881411, 1, 59, 363, 0, 0, 812.11%, 136, 0, 0, 2090.00, 31911, 18301, 774.61%, 2079, 1983
1706881411, 1, 63, 363, 0, 0, 812.11%, 137, 0, 0, 2106.67, 32304, 18540, 774.61%, 2079, 1983
1706881412, 1, 65, 363, 0, 0, 812.11%, 137, 0, 0, 1703.33, 32610, 18745, 774.61%, 2079, 1983
1706881412, 1, 70, 363, 0, 0, 812.11%, 137, 0, 0, 1906.67, 32943, 18984, 774.61%, 2079, 1983
1706881412, 1, 75, 363, 0, 0, 812.11%, 137, 0, 0, 1622.52, 33278, 19139, 774.61%, 2079, 1983
1706881413, 1, 75, 363, 0, 0, 812.11%, 137, 0, 0, 1226.67, 33473, 19312, 774.61%, 2079, 1983
1706881413, 1, 77, 363, 0, 0, 812.11%, 137, 0, 0, 1703.33, 33756, 19540, 774.61%, 2079, 1983
1706881413, 1, 83, 363, 0, 0, 812.11%, 138, 0, 0, 2290.00, 34227, 19756, 774.61%, 2079, 1983
1706881414, 1, 93, 364, 0, 0, 812.11%, 138, 0, 0, 2243.33, 34720, 19936, 774.61%, 2079, 1983
1706881414, 1, 93, 364, 0, 0, 812.11%, 138, 0, 0, 1136.67, 34909, 20088, 774.61%, 2079, 1983
1706881414, 1, 94, 364, 0, 0, 812.11%, 138, 0, 0, 1216.67, 35130, 20232, 774.61%, 2079, 1983
1706881414, 1, 98, 364, 0, 0, 812.11%, 139, 0, 0, 2103.33, 35525, 20468, 774.61%, 2079, 1983
1706881415, 1, 99, 364, 0, 0, 812.11%, 139, 0, 0, 1142.86, 35738, 20599, 774.61%, 2079, 1983
1706881415, 1, 99, 364, 0, 0, 812.11%, 139, 0, 0, 687.71, 35856, 20688, 774.61%, 2079, 1983
1706881415, 1, 99, 364, 0, 0, 812.11%, 139, 0, 0, 726.67, 35972, 20790, 774.61%, 2079, 1983
1706881416, 1, 100, 365, 0, 0, 812.89%, 139, 0, 0, 716.67, 36100, 20877, 774.61%, 2081, 1983
1706881416, 1, 100, 365, 0, 0, 812.89%, 140, 0, 0, 833.33, 36250, 20977, 774.61%, 2081, 1983
1706881416, 1, 100, 365, 0, 0, 812.89%, 140, 0, 0, 890.00, 36407, 21087, 774.61%, 2081, 1983
1706881417, 1, 101, 366, 0, 0, 812.89%, 140, 0, 0, 956.67, 36470, 21311, 774.61%, 2081, 1983
1706881417, 1, 110, 366, 0, 0, 812.89%, 140, 0, 0, 2050.00, 36865, 21531, 774.61%, 2081, 1983
1706881417, 1, 112, 366, 0, 0, 812.89%, 140, 0, 0, 953.49, 36909, 21774, 774.61%, 2081, 1983
1706881417, 1, 113, 366, 0, 0, 812.89%, 140, 0, 0, 1706.67, 37255, 21940, 774.61%, 2081, 1983
1706881418, 1, 115, 366, 0, 0, 812.89%, 140, 0, 0, 1090.00, 37318, 22204, 774.61%, 2081, 1983
1706881418, 1, 121, 366, 0, 0, 812.89%, 140, 0, 0, 1823.33, 37648, 22421, 774.61%, 2081, 1983
1706881418, 1, 124, 366, 0, 0, 812.89%, 140, 0, 0, 1856.67, 38064, 22562, 774.61%, 2081, 1983
1706881419, 1, 132, 366, 0, 0, 812.89%, 141, 0, 0, 2203.33, 38539, 22748, 774.61%, 2081, 1983
1706881419, 1, 140, 366, 0, 0, 812.89%, 143, 0, 0, 933.33, 38710, 22857, 774.61%, 2081, 1983
1706881419, 1, 145, 366, 0, 0, 812.89%, 143, 0, 0, 1706.67, 38989, 23090, 774.61%, 2081, 1983
1706881420, 1, 151, 366, 0, 0, 812.89%, 143, 0, 0, 2256.67, 39516, 23240, 774.61%, 2081, 1983
1706881420, 1, 152, 366, 0, 0, 812.89%, 143, 0, 0, 1750.00, 39839, 23442, 774.61%, 2081, 1983
1706881420, 1, 155, 367, 0, 0, 812.89%, 143, 0, 0, 1536.67, 40098, 23644, 775.39%, 2081, 1985
1706881420, 1, 172, 368, 0, 0, 812.89%, 143, 0, 0, 1586.67, 40322, 23896, 775.78%, 2081, 1986
1706881421, 1, 173, 368, 0, 0, 812.89%, 144, 0, 0, 943.33, 40464, 24037, 775.78%, 2081, 1986
1706881421, 1, 173, 368, 0, 0, 812.89%, 144, 0, 0, 916.67, 40592, 24184, 775.78%, 2081, 1986
1706881421, 1, 174, 368, 0, 0, 812.89%, 144, 0, 0, 768.49, 40692, 24323, 775.78%, 2081, 1986
1706881422, 1, 185, 368, 0, 0, 812.89%, 144, 0, 0, 1183.33, 40870, 24500, 775.78%, 2081, 1986
1706881422, 1, 192, 368, 0, 0, 812.89%, 144, 0, 0, 590.00, 40951, 24596, 775.78%, 2081, 1986
1706881422, 1, 194, 368, 0, 0, 812.89%, 145, 0, 0, 650.00, 41043, 24699, 775.78%, 2081, 1986
1706881423, 1, 194, 368, 0, 0, 812.89%, 146, 0, 0, 866.67, 41150, 24852, 775.78%, 2081, 1986
1706881423, 1, 194, 368, 0, 0, 812.89%, 148, 0, 0, 920.27, 41275, 25004, 775.78%, 2081, 1986
1706881423, 1, 200, 368, 0, 0, 812.89%, 149, 0, 0, 1610.00, 41617, 25145, 775.78%, 2081, 1986
1706881423, 1, 205, 369, 0, 0, 812.89%, 149, 0, 0, 1376.67, 41878, 25297, 775.78%, 2081, 1986
1706881424, 1, 214, 369, 0, 0, 812.89%, 151, 0, 0, 1663.33, 42200, 25474, 775.78%, 2081, 1986
1706881424, 1, 225, 370, 0, 0, 812.89%, 152, 0, 0, 1073.33, 42354, 25642, 775.78%, 2081, 1986
1706881424, 1, 225, 371, 0, 0, 812.89%, 152, 0, 0, 1220.00, 42549, 25813, 775.78%, 2081, 1986
1706881425, 1, 231, 371, 0, 0, 812.89%, 153, 0, 0, 1016.56, 42702, 25967, 775.78%, 2081, 1986
1706881425, 1, 241, 371, 0, 0, 812.89%, 153, 0, 0, 1700.00, 42998, 26181, 775.78%, 2081, 1986
1706881425, 1, 247, 372, 0, 0, 812.89%, 153, 0, 0, 406.67, 43045, 26256, 775.78%, 2081, 1986
1706881426, 1, 248, 372, 0, 0, 812.89%, 153, 0, 0, 663.33, 43144, 26356, 775.78%, 2081, 1986
1706881426, 1, 248, 372, 0, 0, 812.89%, 153, 0, 0, 646.67, 43250, 26444, 775.78%, 2081, 1986
1706881426, 1, 248, 372, 0, 0, 812.89%, 153, 0, 0, 674.42, 43358, 26539, 775.78%, 2081, 1986
1706881426, 1, 250, 372, 0, 0, 812.89%, 153, 0, 0, 750.83, 43465, 26658, 775.78%, 2081, 1986
1706881427, 1, 251, 372, 0, 0, 812.89%, 153, 0, 0, 1053.16, 43575, 26865, 775.78%, 2081, 1986
1706881427, 1, 251, 372, 0, 0, 812.89%, 153, 0, 0, 640.00, 43670, 26962, 775.78%, 2081, 1986
1706881427, 1, 251, 372, 0, 0, 812.89%, 153, 0, 0, 654.49, 43779, 27050, 775.78%, 2081, 1986
1706881428, 1, 251, 372, 0, 0, 812.89%, 154, 0, 0, 578.07, 43871, 27132, 775.78%, 2081, 1986
1706881428, 1, 255, 372, 0, 0, 812.89%, 155, 0, 0, 727.57, 43971, 27251, 775.78%, 2081, 1986
1706881428, 1, 262, 372, 0, 0, 812.89%, 155, 0, 0, 714.29, 44088, 27349, 775.78%, 2081, 1986
1706881429, 1, 269, 372, 0, 0, 812.89%, 155, 0, 0, 756.67, 44193, 27471, 775.78%, 2081, 1986
1706881429, 1, 274, 373, 0, 0, 812.89%, 156, 0, 0, 637.87, 44300, 27556, 775.78%, 2081, 1986
1706881429, 1, 284, 374, 0, 0, 812.89%, 158, 0, 0, 710.96, 44367, 27703, 775.78%, 2081, 1986
1706881429, 1, 292, 374, 0, 0, 812.89%, 159, 0, 0, 736.67, 44457, 27834, 775.78%, 2081, 1986
1706881430, 1, 300, 375, 0, 0, 812.89%, 159, 0, 0, 1566.67, 44803, 27958, 776.17%, 2081, 1987
1706881430, 1, 306, 376, 0, 0, 812.89%, 159, 0, 0, 1133.33, 45033, 28068, 776.17%, 2081, 1987
1706881430, 1, 306, 376, 0, 0, 812.89%, 159, 0, 0, 1346.67, 45268, 28237, 776.17%, 2081, 1987
1706881431, 1, 309, 376, 0, 0, 812.89%, 159, 0, 0, 1134.43, 45451, 28400, 776.17%, 2081, 1987
1706881431, 1, 309, 376, 0, 0, 812.89%, 159, 0, 0, 1143.33, 45659, 28535, 776.17%, 2081, 1987
1706881431, 1, 311, 377, 0, 0, 812.89%, 159, 0, 0, 1056.48, 45820, 28692, 776.17%, 2081, 1987
1706881432, 1, 312, 377, 0, 0, 812.89%, 159, 0, 0, 694.35, 45927, 28794, 776.17%, 2081, 1987
1706881432, 1, 312, 377, 0, 0, 812.89%, 159, 0, 0, 676.67, 46025, 28899, 776.17%, 2081, 1987
1706881432, 1, 312, 377, 0, 0, 812.89%, 159, 0, 0, 646.67, 46124, 28994, 776.17%, 2081, 1987
1706881432, 1, 313, 378, 0, 0, 812.89%, 159, 0, 0, 674.42, 46230, 29091, 776.17%, 2081, 1987
1706881433, 1, 313, 378, 0, 0, 812.89%, 159, 0, 0, 683.33, 46342, 29184, 776.17%, 2081, 1987
1706881433, 1, 313, 378, 0, 0, 812.89%, 159, 0, 0, 671.10, 46436, 29292, 776.17%, 2081, 1987
1706881433, 1, 313, 378, 0, 0, 812.89%, 159, 0, 0, 671.10, 46541, 29389, 776.17%, 2081, 1987
1706881434, 1, 317, 378, 0, 0, 812.89%, 159, 0, 0, 737.54, 46659, 29493, 776.17%, 2081, 1987
1706881434, 1, 317, 378, 0, 0, 812.89%, 159, 0, 0, 623.33, 46763, 29576, 776.17%, 2081, 1987
1706881434, 1, 317, 378, 0, 0, 812.89%, 159, 0, 0, 576.67, 46854, 29658, 776.17%, 2081, 1987
1706881435, 1, 317, 378, 0, 0, 812.89%, 159, 0, 0, 660.00, 46976, 29734, 776.17%, 2081, 1987
1706881435, 1, 319, 378, 0, 0, 812.89%, 159, 0, 0, 710.00, 47076, 29847, 776.17%, 2081, 1987
1706881435, 1, 319, 378, 0, 0, 812.89%, 159, 0, 0, 621.26, 47173, 29937, 776.17%, 2081, 1987
1706881435, 1, 319, 379, 0, 0, 812.89%, 159, 0, 0, 661.13, 47275, 30034, 776.17%, 2081, 1987
1706881436, 1, 319, 379, 0, 0, 812.89%, 159, 0, 0, 626.67, 47377, 30120, 776.17%, 2081, 1987
1706881436, 1, 321, 379, 0, 0, 812.89%, 159, 0, 0, 543.33, 47461, 30199, 776.17%, 2081, 1987
1706881436, 1, 327, 379, 0, 0, 812.89%, 159, 0, 0, 564.67, 47532, 30307, 776.17%, 2081, 1987
1706881437, 1, 334, 381, 0, 0, 812.89%, 159, 0, 0, 610.00, 47609, 30413, 776.17%, 2081, 1987
1706881437, 1, 340, 381, 0, 0, 812.89%, 159, 0, 0, 643.33, 47699, 30516, 776.17%, 2081, 1987
1706881437, 1, 343, 381, 0, 0, 812.89%, 159, 0, 0, 800.66, 47755, 30701, 776.17%, 2081, 1987
1706881438, 1, 345, 381, 0, 0, 812.89%, 159, 0, 0, 823.33, 47810, 30893, 776.17%, 2081, 1987
1706881438, 1, 349, 383, 0, 0, 812.89%, 161, 0, 0, 533.11, 47879, 30985, 776.17%, 2081, 1987
1706881438, 1, 357, 383, 0, 0, 812.89%, 161, 0, 0, 643.33, 47929, 31128, 776.17%, 2081, 1987
1706881438, 1, 364, 383, 0, 0, 812.89%, 161, 0, 0, 836.67, 47996, 31312, 776.17%, 2081, 1987
1706881439, 1, 365, 383, 0, 0, 812.89%, 161, 0, 0, 770.00, 48058, 31481, 776.17%, 2081, 1987
1706881439, 1, 366, 383, 0, 0, 812.89%, 161, 0, 0, 970.00, 48185, 31645, 776.17%, 2081, 1987
1706881439, 1, 366, 383, 0, 0, 812.89%, 162, 0, 0, 966.78, 48326, 31795, 776.17%, 2081, 1987
1706881440, 1, 367, 383, 0, 0, 812.89%, 162, 0, 0, 956.67, 48472, 31936, 776.17%, 2081, 1987
1706881440, 1, 367, 383, 0, 0, 812.89%, 162, 0, 0, 940.00, 48594, 32096, 776.17%, 2081, 1987
1706881440, 1, 367, 383, 0, 0, 812.89%, 162, 0, 0, 877.08, 48736, 32218, 776.17%, 2081, 1987
1706881441, 1, 374, 384, 0, 0, 812.89%, 162, 0, 0, 1260.00, 48984, 32348, 776.17%, 2081, 1987
1706881441, 1, 382, 387, 0, 0, 812.89%, 162, 0, 0, 783.33, 49081, 32486, 776.17%, 2081, 1987
1706881441, 1, 386, 389, 0, 0, 812.89%, 162, 0, 0, 570.00, 49166, 32572, 776.17%, 2081, 1987
1706881441, 2, 1, 389, 0, 0, 812.89%, 162, 0, 0, 1633.33, 49555, 32673, 776.17%, 2081, 1987
1706881442, 2, 3, 389, 0, 0, 812.89%, 163, 0, 0, 2470.00, 50186, 32783, 776.17%, 2081, 1987
1706881442, 2, 8, 389, 0, 0, 812.89%, 164, 0, 0, 2683.33, 50838, 32936, 776.17%, 2081, 1987
1706881442, 2, 10, 389, 0, 0, 812.89%, 164, 0, 0, 2510.00, 51455, 33072, 776.17%, 2081, 1987
1706881443, 2, 13, 389, 0, 0, 812.89%, 164, 0, 0, 2243.33, 52012, 33188, 776.17%, 2081, 1987
1706881443, 2, 20, 389, 0, 0, 812.89%, 164, 0, 0, 2543.33, 52625, 33338, 776.17%, 2081, 1987
1706881443, 2, 23, 389, 0, 0, 812.89%, 164, 0, 0, 2593.33, 53223, 33518, 776.17%, 2081, 1987
1706881444, 2, 24, 389, 0, 0, 812.89%, 164, 0, 0, 1180.00, 53380, 33715, 776.17%, 2081, 1987
1706881444, 2, 29, 389, 0, 0, 812.89%, 164, 0, 0, 1920.00, 53756, 33915, 776.17%, 2081, 1987
1706881444, 2, 32, 389, 0, 0, 812.89%, 164, 0, 0, 2183.33, 54309, 34017, 776.17%, 2081, 1987
1706881444, 2, 35, 389, 0, 0, 812.89%, 164, 0, 0, 2243.33, 54835, 34164, 776.17%, 2081, 1987
1706881445, 2, 38, 389, 0, 0, 812.89%, 164, 0, 0, 2173.33, 55341, 34310, 776.17%, 2081, 1987
1706881445, 2, 42, 389, 0, 0, 812.89%, 164, 0, 0, 2640.00, 55885, 34558, 776.17%, 2081, 1987
1706881445, 2, 51, 389, 0, 0, 812.89%, 164, 0, 0, 2661.18, 56550, 34702, 776.17%, 2081, 1987
1706881446, 2, 54, 389, 0, 0, 812.89%, 165, 0, 0, 1400.00, 56713, 34959, 776.17%, 2081, 1987
1706881446, 2, 59, 389, 0, 0, 812.89%, 165, 0, 0, 2020.00, 57078, 35200, 776.17%, 2081, 1987
1706881446, 2, 63, 389, 0, 0, 812.89%, 165, 0, 0, 2093.33, 57463, 35443, 776.17%, 2081, 1987
1706881447, 2, 68, 389, 0, 0, 812.89%, 165, 0, 0, 2107.14, 57836, 35719, 776.17%, 2081, 1987
1706881447, 2, 75, 389, 0, 0, 812.89%, 165, 0, 0, 2416.67, 58310, 35970, 776.17%, 2081, 1987
1706881447, 2, 75, 389, 0, 0, 812.89%, 165, 0, 0, 1236.67, 58506, 36145, 776.17%, 2081, 1987
1706881447, 2, 76, 389, 0, 0, 812.89%, 165, 0, 0, 1221.85, 58703, 36317, 776.17%, 2081, 1987
1706881448, 2, 80, 389, 0, 0, 812.89%, 165, 0, 0, 2026.67, 59065, 36563, 776.17%, 2081, 1987
1706881448, 2, 85, 389, 0, 0, 812.89%, 166, 0, 0, 2016.67, 59528, 36705, 776.17%, 2081, 1987
1706881448, 2, 93, 389, 0, 0, 812.89%, 166, 0, 0, 1686.67, 59848, 36891, 776.17%, 2081, 1987
1706881449, 2, 93, 389, 0, 0, 812.89%, 166, 0, 0, 1126.67, 60032, 37045, 776.17%, 2081, 1987
1706881449, 2, 94, 389, 0, 0, 812.89%, 166, 0, 0, 1430.00, 60348, 37158, 776.17%, 2081, 1987
1706881449, 2, 98, 389, 0, 0, 812.89%, 166, 0, 0, 1863.33, 60699, 37366, 776.17%, 2081, 1987
1706881450, 2, 99, 389, 0, 0, 812.89%, 166, 0, 0, 867.11, 60863, 37463, 776.17%, 2081, 1987
1706881450, 2, 99, 390, 0, 0, 812.89%, 166, 0, 0, 650.00, 60973, 37548, 776.17%, 2081, 1987
1706881450, 2, 99, 390, 0, 0, 812.89%, 166, 0, 0, 671.10, 61090, 37633, 776.17%, 2081, 1987
1706881450, 2, 100, 390, 0, 0, 812.89%, 166, 0, 0, 690.00, 61207, 37723, 776.17%, 2081, 1987
1706881451, 2, 100, 390, 0, 0, 812.89%, 167, 0, 0, 826.67, 61357, 37821, 776.17%, 2081, 1987
1706881451, 2, 100, 391, 0, 0, 812.89%, 167, 0, 0, 793.33, 61494, 37922, 776.17%, 2081, 1987
1706881451, 2, 101, 391, 0, 0, 812.89%, 168, 0, 0, 970.00, 61588, 38119, 776.17%, 2081, 1987
1706881452, 2, 107, 392, 0, 0, 812.89%, 168, 0, 0, 1670.00, 61847, 38361, 778.52%, 2081, 1993
1706881452, 2, 112, 392, 0, 0, 812.89%, 170, 0, 0, 1230.00, 62002, 38575, 778.52%, 2081, 1993
1706881452, 2, 113, 392, 0, 0, 812.89%, 170, 0, 0, 1180.00, 62141, 38790, 778.52%, 2081, 1993
1706881453, 2, 115, 392, 0, 0, 812.89%, 170, 0, 0, 1320.00, 62391, 38936, 778.52%, 2081, 1993
1706881453, 2, 119, 393, 0, 0, 812.89%, 171, 0, 0, 1486.67, 62532, 39241, 778.52%, 2081, 1993
1706881453, 2, 122, 393, 0, 0, 812.89%, 172, 0, 0, 2150.00, 62999, 39419, 778.52%, 2081, 1993
1706881453, 2, 130, 393, 0, 0, 812.89%, 172, 0, 0, 2000.00, 63383, 39635, 778.52%, 2081, 1993
1706881454, 2, 137, 393, 0, 0, 812.89%, 173, 0, 0, 1503.33, 63690, 39779, 778.52%, 2081, 1993
1706881454, 2, 145, 393, 0, 0, 812.89%, 173, 0, 0, 1230.00, 63878, 39960, 778.52%, 2081, 1993
1706881454, 2, 149, 393, 0, 0, 812.89%, 173, 0, 0, 2206.67, 64334, 40166, 778.52%, 2081, 1993
1706881455, 2, 152, 393, 0, 0, 812.89%, 173, 0, 0, 2096.67, 64834, 40295, 778.52%, 2081, 1993
1706881455, 2, 153, 394, 0, 0, 812.89%, 173, 0, 0, 1162.79, 64946, 40533, 778.91%, 2081, 1994
1706881455, 2, 166, 394, 0, 0, 812.89%, 173, 0, 0, 1573.33, 65225, 40726, 778.91%, 2081, 1994
1706881456, 2, 173, 394, 0, 0, 812.89%, 173, 0, 0, 1306.67, 65401, 40942, 778.91%, 2081, 1994
1706881456, 2, 173, 394, 0, 0, 812.89%, 173, 0, 0, 940.20, 65527, 41099, 778.91%, 2081, 1994
1706881456, 2, 173, 394, 0, 0, 812.89%, 173, 0, 0, 936.67, 65662, 41245, 778.91%, 2081, 1994
1706881456, 2, 182, 394, 0, 0, 812.89%, 173, 0, 0, 1293.33, 65866, 41429, 778.91%, 2081, 1994
1706881457, 2, 192, 394, 0, 0, 812.89%, 173, 0, 0, 863.33, 65985, 41569, 778.91%, 2081, 1994
1706881457, 2, 194, 394, 0, 0, 812.89%, 175, 0, 0, 910.00, 66109, 41718, 778.91%, 2081, 1994
1706881457, 2, 194, 394, 0, 0, 812.89%, 175, 0, 0, 790.00, 66211, 41853, 778.91%, 2081, 1994
1706881458, 2, 195, 394, 0, 0, 812.89%, 175, 0, 0, 936.67, 66327, 42018, 778.91%, 2081, 1994
1706881458, 2, 201, 394, 0, 0, 812.89%, 175, 0, 0, 1903.33, 66701, 42215, 778.91%, 2081, 1994
1706881458, 2, 208, 396, 0, 0, 813.67%, 175, 0, 0, 1600.00, 67000, 42396, 778.91%, 2083, 1994
1706881459, 2, 218, 396, 0, 0, 813.67%, 176, 0, 0, 1380.00, 67241, 42569, 778.91%, 2083, 1994
1706881459, 2, 225, 396, 0, 0, 813.67%, 176, 0, 0, 1139.07, 67412, 42742, 778.91%, 2083, 1994
1706881459, 2, 225, 396, 0, 0, 813.67%, 176, 0, 0, 1210.00, 67607, 42910, 778.91%, 2083, 1994
1706881459, 2, 236, 396, 0, 0, 813.67%, 177, 0, 0, 1460.00, 67846, 43109, 778.91%, 2083, 1994
1706881460, 2, 248, 396, 0, 0, 813.67%, 177, 0, 0, 1293.33, 68089, 43254, 778.91%, 2083, 1994
1706881460, 2, 248, 396, 0, 0, 813.67%, 177, 0, 0, 673.33, 68194, 43351, 778.91%, 2083, 1994
1706881460, 2, 248, 396, 0, 0, 813.67%, 177, 0, 0, 651.16, 68306, 43435, 778.91%, 2083, 1994
1706881461, 2, 248, 396, 0, 0, 813.67%, 177, 0, 0, 657.81, 68417, 43522, 778.91%, 2083, 1994
1706881461, 2, 250, 396, 0, 0, 813.67%, 177, 0, 0, 876.67, 68517, 43685, 778.91%, 2083, 1994
1706881461, 2, 251, 396, 0, 0, 813.67%, 177, 0, 0, 930.00, 68621, 43860, 778.91%, 2083, 1994
1706881462, 2, 251, 396, 0, 0, 813.67%, 177, 0, 0, 630.00, 68733, 43937, 778.91%, 2083, 1994
1706881462, 2, 251, 396, 0, 0, 813.67%, 177, 0, 0, 620.00, 68834, 44022, 778.91%, 2083, 1994
1706881462, 2, 251, 396, 0, 0, 813.67%, 177, 0, 0, 644.52, 68934, 44116, 778.91%, 2083, 1994
1706881462, 2, 256, 396, 0, 0, 813.67%, 178, 0, 0, 723.33, 69051, 44216, 778.91%, 2083, 1994
1706881463, 2, 265, 397, 0, 0, 813.67%, 178, 0, 0, 726.67, 69158, 44327, 778.91%, 2083, 1994
1706881463, 2, 271, 397, 0, 0, 813.67%, 178, 0, 0, 784.05, 69305, 44416, 778.91%, 2083, 1994
1706881463, 2, 280, 397, 0, 0, 813.67%, 178, 0, 0, 796.67, 69385, 44575, 778.91%, 2083, 1994
1706881464, 2, 290, 398, 0, 0, 813.67%, 178, 0, 0, 910.00, 69496, 44737, 778.91%, 2083, 1994
1706881464, 2, 298, 398, 0, 0, 813.67%, 178, 0, 0, 1126.67, 69683, 44888, 778.91%, 2083, 1994
1706881464, 2, 302, 398, 0, 0, 813.67%, 179, 0, 0, 1342.19, 70017, 44958, 778.91%, 2083, 1994
1706881465, 2, 306, 398, 0, 0, 813.67%, 179, 0, 0, 1196.67, 70204, 45130, 778.91%, 2083, 1994
1706881465, 2, 307, 398, 0, 0, 813.67%, 179, 0, 0, 1256.67, 70403, 45308, 778.91%, 2083, 1994
1706881465, 2, 309, 398, 0, 0, 813.67%, 179, 0, 0, 1110.00, 70585, 45459, 778.91%, 2083, 1994
1706881465, 2, 309, 398, 0, 0, 813.67%, 179, 0, 0, 1093.33, 70775, 45597, 778.91%, 2083, 1994
1706881466, 2, 312, 398, 0, 0, 813.67%, 180, 0, 0, 766.67, 70884, 45718, 778.91%, 2083, 1994
1706881466, 2, 312, 398, 0, 0, 813.67%, 180, 0, 0, 703.33, 70983, 45830, 778.91%, 2083, 1994
1706881466, 2, 312, 399, 0, 0, 813.67%, 180, 0, 0, 693.33, 71096, 45925, 778.91%, 2083, 1994
1706881467, 2, 313, 399, 0, 0, 813.67%, 180, 0, 0, 666.67, 71191, 46030, 778.91%, 2083, 1994
1706881467, 2, 313, 400, 0, 0, 813.67%, 180, 0, 0, 701.00, 71315, 46117, 778.91%, 2083, 1994
1706881467, 2, 313, 401, 0, 0, 813.67%, 180, 0, 0, 726.67, 71430, 46220, 779.30%, 2083, 1995
1706881468, 2, 313, 401, 0, 0, 813.67%, 180, 0, 0, 753.33, 71541, 46335, 779.30%, 2083, 1995
1706881468, 2, 317, 401, 0, 0, 813.67%, 180, 0, 0, 744.19, 71661, 46439, 779.30%, 2083, 1995
1706881468, 2, 317, 401, 0, 0, 813.67%, 180, 0, 0, 671.10, 71776, 46526, 779.30%, 2083, 1995
1706881469, 2, 317, 401, 0, 0, 813.67%, 180, 0, 0, 716.67, 71886, 46631, 779.30%, 2083, 1995
1706881469, 2, 317, 401, 0, 0, 813.67%, 180, 0, 0, 623.33, 71998, 46706, 779.30%, 2083, 1995
1706881469, 2, 319, 401, 0, 0, 813.67%, 180, 0, 0, 644.74, 72103, 46797, 779.30%, 2083, 1995
1706881469, 2, 319, 401, 0, 0, 813.67%, 180, 0, 0, 583.33, 72193, 46882, 779.30%, 2083, 1995
1706881470, 2, 319, 401, 0, 0, 813.67%, 180, 0, 0, 623.33, 72294, 46968, 779.30%, 2083, 1995
1706881470, 2, 319, 401, 0, 0, 813.67%, 180, 0, 0, 630.00, 72397, 47054, 779.30%, 2083, 1995
1706881470, 2, 323, 401, 0, 0, 813.67%, 180, 0, 0, 686.67, 72498, 47159, 779.30%, 2083, 1995
1706881471, 2, 329, 401, 0, 0, 813.67%, 180, 0, 0, 603.33, 72569, 47269, 779.30%, 2083, 1995
1706881471, 2, 337, 402, 0, 0, 813.67%, 180, 0, 0, 714.29, 72658, 47395, 779.30%, 2083, 1995
1706881471, 2, 343, 403, 0, 0, 813.67%, 180, 0, 0, 663.33, 72757, 47495, 779.30%, 2083, 1995
1706881472, 2, 343, 403, 0, 0, 813.67%, 180, 0, 0, 793.33, 72806, 47684, 779.30%, 2083, 1995
1706881472, 2, 347, 403, 0, 0, 813.67%, 181, 0, 0, 740.00, 72877, 47835, 779.30%, 2083, 1995
1706881472, 2, 352, 403, 0, 0, 813.67%, 181, 0, 0, 566.67, 72939, 47943, 779.30%, 2083, 1995
1706881472, 2, 359, 404, 0, 0, 813.67%, 181, 0, 0, 600.00, 72992, 48070, 779.30%, 2083, 1995
1706881473, 2, 364, 404, 0, 0, 813.67%, 181, 0, 0, 790.00, 73054, 48245, 779.30%, 2083, 1995
1706881473, 2, 366, 404, 0, 0, 813.67%, 181, 0, 0, 876.67, 73140, 48422, 779.30%, 2083, 1995
1706881473, 2, 366, 404, 0, 0, 813.67%, 181, 0, 0, 1090.00, 73296, 48593, 779.30%, 2083, 1995
1706881474, 2, 367, 404, 0, 0, 813.67%, 181, 0, 0, 1163.33, 73470, 48768, 779.30%, 2083, 1995
1706881474, 2, 367, 404, 0, 0, 813.67%, 181, 0, 0, 920.27, 73615, 48900, 779.30%, 2083, 1995
1706881474, 2, 367, 404, 0, 0, 813.67%, 181, 0, 0, 823.33, 73738, 49024, 779.30%, 2083, 1995
1706881475, 2, 372, 404, 0, 0, 813.67%, 181, 0, 0, 916.67, 73887, 49150, 779.30%, 2083, 1995
1706881475, 2, 376, 405, 0, 0, 813.67%, 181, 0, 0, 1086.67, 74120, 49243, 779.69%, 2083, 1996
1706881475, 2, 382, 405, 0, 0, 813.67%, 181, 0, 0, 622.52, 74183, 49368, 779.69%, 2083, 1996
1706881475, 2, 388, 405, 0, 0, 813.67%, 181, 0, 0, 620.00, 74266, 49471, 779.69%, 2083, 1996
1706881476, 2, 391, 405, 0, 0, 813.67%, 182, 0, 0, 813.33, 74385, 49596, 779.69%, 2083, 1996
1706881476, 2, 391, 405, 0, 0, 813.67%, 183, 0, 0, 813.33, 74506, 49719, 779.69%, 2083, 1996
1706881476, 2, 391, 405, 0, 0, 813.67%, 184, 0, 0, 766.67, 74610, 49845, 779.69%, 2083, 1996
1706881477, 2, 393, 406, 0, 0, 813.67%, 184, 0, 0, 1040.00, 74741, 50026, 779.69%, 2083, 1996
1706881477, 2, 393, 406, 0, 0, 813.67%, 184, 0, 0, 1070.00, 74889, 50199, 779.69%, 2083, 1996
1706881477, 2, 394, 407, 0, 0, 813.67%, 185, 0, 0, 906.67, 75002, 50358, 780.47%, 2083, 1998
1706881478, 2, 394, 407, 0, 0, 813.67%, 185, 0, 0, 813.33, 75054, 50550, 780.47%, 2083, 1998
1706881478, 2, 400, 407, 0, 0, 813.67%, 185, 0, 0, 803.33, 75147, 50698, 780.47%, 2083, 1998
1706881478, 2, 400, 407, 0, 0, 813.67%, 185, 0, 0, 600.00, 75239, 50786, 780.47%, 2083, 1998
1706881478, 2, 400, 407, 0, 0, 813.67%, 186, 0, 0, 806.67, 75339, 50928, 780.47%, 2083, 1998
1706881479, 2, 401, 407, 0, 0, 813.67%, 186, 0, 0, 816.67, 75437, 51075, 780.47%, 2083, 1998
1706881479, 2, 405, 410, 0, 0, 813.67%, 186, 0, 0, 1023.18, 75633, 51188, 781.25%, 2083, 2000
1706881479, 2, 406, 410, 0, 0, 813.67%, 188, 0, 0, 670.00, 75743, 51279, 781.25%, 2083, 2000
1706881480, 2, 406, 410, 0, 0, 813.67%, 189, 0, 0, 723.33, 75850, 51389, 781.25%, 2083, 2000
1706881480, 2, 406, 410, 0, 0, 813.67%, 189, 0, 0, 701.00, 75975, 51475, 781.25%, 2083, 2000
1706881480, 2, 409, 410, 0, 0, 813.67%, 192, 0, 0, 1293.33, 76235, 51603, 781.25%, 2083, 2000
1706881481, 3, 1, 410, 0, 0, 813.67%, 192, 0, 0, 2430.00, 76828, 51739, 781.25%, 2083, 2000
1706881481, 3, 4, 410, 0, 0, 813.67%, 192, 0, 0, 2680.00, 77493, 51878, 781.25%, 2083, 2000
1706881481, 3, 8, 410, 0, 0, 813.67%, 192, 0, 0, 2653.33, 78142, 52025, 781.25%, 2083, 2000
1706881481, 3, 11, 410, 0, 0, 813.67%, 193, 0, 0, 2593.33, 78792, 52153, 781.25%, 2083, 2000
1706881482, 3, 15, 411, 0, 0, 814.45%, 193, 0, 0, 2646.67, 79408, 52331, 781.25%, 2085, 2000
1706881482, 3, 21, 411, 0, 0, 814.45%, 193, 0, 0, 2710.00, 80023, 52529, 781.25%, 2085, 2000
1706881482, 3, 24, 411, 0, 0, 814.45%, 193, 0, 0, 2216.67, 80463, 52754, 781.25%, 2085, 2000
1706881483, 3, 29, 411, 0, 0, 814.45%, 193, 0, 0, 2076.67, 80823, 53017, 781.25%, 2085, 2000
1706881483, 3, 32, 411, 0, 0, 814.45%, 194, 0, 0, 2603.33, 81493, 53128, 781.25%, 2085, 2000
1706881483, 3, 36, 411, 0, 0, 814.45%, 194, 0, 0, 2613.33, 82098, 53307, 781.25%, 2085, 2000
1706881484, 3, 40, 411, 0, 0, 814.45%, 194, 0, 0, 2706.67, 82712, 53505, 781.25%, 2085, 2000
1706881484, 3, 44, 411, 0, 0, 814.45%, 194, 0, 0, 2312.29, 83195, 53718, 781.25%, 2085, 2000
1706881484, 3, 51, 411, 0, 0, 814.45%, 194, 0, 0, 2086.67, 83629, 53910, 781.25%, 2085, 2000
1706881484, 3, 55, 412, 0, 0, 814.45%, 194, 0, 0, 1980.00, 83884, 54249, 781.64%, 2085, 2001
1706881485, 3, 63, 412, 0, 0, 814.45%, 194, 0, 0, 2703.33, 84409, 54535, 781.64%, 2085, 2001
1706881485, 3, 65, 412, 0, 0, 814.45%, 194, 0, 0, 2123.33, 84782, 54799, 781.64%, 2085, 2001
1706881485, 3, 74, 412, 0, 0, 814.45%, 194, 0, 0, 2696.67, 85271, 55119, 781.64%, 2085, 2001
1706881486, 3, 75, 412, 0, 0, 814.45%, 194, 0, 0, 1286.67, 85499, 55277, 781.64%, 2085, 2001
1706881486, 3, 75, 412, 0, 0, 814.45%, 194, 0, 0, 1290.00, 85716, 55447, 781.64%, 2085, 2001
1706881486, 3, 83, 412, 0, 0, 814.45%, 194, 0, 0, 2603.33, 86161, 55783, 781.64%, 2085, 2001
1706881487, 3, 86, 412, 0, 0, 814.45%, 194, 0, 0, 2610.00, 86748, 55979, 781.64%, 2085, 2001
1706881487, 3, 93, 412, 0, 0, 814.45%, 195, 0, 0, 1320.00, 86978, 56145, 781.64%, 2085, 2001
1706881487, 3, 94, 412, 0, 0, 814.45%, 195, 0, 0, 1446.67, 87243, 56314, 781.64%, 2085, 2001
1706881487, 3, 98, 412, 0, 0, 814.45%, 195, 0, 0, 2380.00, 87680, 56591, 781.64%, 2085, 2001
1706881488, 3, 99, 413, 0, 0, 814.45%, 195, 0, 0, 946.84, 87841, 56715, 781.64%, 2085, 2001
1706881488, 3, 99, 413, 0, 0, 814.45%, 195, 0, 0, 745.03, 87976, 56805, 781.64%, 2085, 2001
1706881488, 3, 99, 413, 0, 0, 814.45%, 195, 0, 0, 767.44, 88105, 56907, 781.64%, 2085, 2001
1706881489, 3, 100, 413, 0, 0, 814.45%, 195, 0, 0, 856.67, 88252, 57017, 781.64%, 2085, 2001
1706881489, 3, 100, 413, 0, 0, 814.45%, 196, 0, 0, 853.82, 88409, 57117, 781.64%, 2085, 2001
1706881489, 3, 101, 413, 0, 0, 814.45%, 196, 0, 0, 880.00, 88548, 57242, 781.64%, 2085, 2001
1706881490, 3, 103, 413, 0, 0, 814.45%, 196, 0, 0, 1410.00, 88693, 57520, 781.64%, 2085, 2001
1706881490, 3, 112, 414, 0, 0, 814.45%, 196, 0, 0, 1680.00, 88976, 57741, 781.64%, 2085, 2001
1706881490, 3, 113, 414, 0, 0, 814.45%, 196, 0, 0, 1190.00, 89074, 58000, 781.64%, 2085, 2001
1706881490, 3, 115, 414, 0, 0, 814.45%, 196, 0, 0, 1634.55, 89354, 58212, 781.64%, 2085, 2001
1706881491, 3, 120, 414, 0, 0, 814.45%, 196, 0, 0, 1903.65, 89625, 58514, 781.64%, 2085, 2001
1706881491, 3, 124, 414, 0, 0, 814.45%, 196, 0, 0, 1920.00, 90034, 58681, 781.64%, 2085, 2001
1706881491, 3, 132, 414, 0, 0, 814.45%, 196, 0, 0, 2473.33, 90564, 58893, 781.64%, 2085, 2001
1706881492, 3, 140, 415, 0, 0, 814.45%, 196, 0, 0, 1000.00, 90751, 59006, 781.64%, 2085, 2001
1706881492, 3, 147, 415, 0, 0, 814.45%, 196, 0, 0, 2226.67, 91160, 59265, 781.64%, 2085, 2001
1706881492, 3, 151, 415, 0, 0, 814.45%, 196, 0, 0, 1763.33, 91577, 59377, 781.64%, 2085, 2001
1706881493, 3, 152, 415, 0, 0, 814.45%, 196, 0, 0, 1780.00, 91901, 59587, 781.64%, 2085, 2001
1706881493, 3, 155, 415, 0, 0, 814.45%, 196, 0, 0, 1453.33, 92176, 59748, 781.64%, 2085, 2001
1706881493, 3, 172, 415, 0, 0, 814.45%, 196, 0, 0, 1586.67, 92400, 60000, 781.64%, 2085, 2001
1706881493, 3, 173, 415, 0, 0, 814.45%, 196, 0, 0, 920.00, 92523, 60153, 781.64%, 2085, 2001
1706881494, 3, 173, 415, 0, 0, 814.45%, 196, 0, 0, 892.86, 92649, 60302, 781.64%, 2085, 2001
1706881494, 3, 176, 415, 0, 0, 814.45%, 196, 0, 0, 915.31, 92767, 60465, 781.64%, 2085, 2001
1706881494, 3, 187, 415, 0, 0, 814.45%, 196, 0, 0, 1240.00, 92964, 60640, 781.64%, 2085, 2001
1706881495, 3, 194, 415, 0, 0, 814.45%, 196, 0, 0, 816.67, 93058, 60791, 781.64%, 2085, 2001
1706881495, 3, 194, 415, 0, 0, 814.45%, 196, 0, 0, 926.67, 93171, 60956, 781.64%, 2085, 2001
1706881495, 3, 194, 415, 0, 0, 814.45%, 196, 0, 0, 966.67, 93310, 61107, 781.64%, 2085, 2001
1706881496, 3, 199, 415, 0, 0, 814.45%, 196, 0, 0, 1513.33, 93648, 61223, 781.64%, 2085, 2001
1706881496, 3, 206, 415, 0, 0, 814.45%, 196, 0, 0, 1840.00, 93974, 61449, 781.64%, 2085, 2001
1706881496, 3, 215, 415, 0, 0, 814.45%, 197, 0, 0, 1570.00, 94276, 61618, 781.64%, 2085, 2001
1706881496, 3, 225, 417, 0, 0, 814.45%, 198, 0, 0, 1253.33, 94442, 61828, 781.64%, 2085, 2001
1706881497, 3, 225, 417, 0, 0, 814.45%, 198, 0, 0, 1330.00, 94646, 62023, 781.64%, 2085, 2001
1706881497, 3, 236, 417, 0, 0, 814.45%, 198, 0, 0, 1776.67, 94948, 62254, 781.64%, 2085, 2001
1706881497, 3, 248, 417, 0, 0, 814.45%, 199, 0, 0, 1093.02, 95135, 62396, 781.64%, 2085, 2001
1706881498, 3, 248, 417, 0, 0, 814.45%, 199, 0, 0, 696.67, 95261, 62479, 781.64%, 2085, 2001
1706881498, 3, 248, 417, 0, 0, 814.45%, 199, 0, 0, 641.20, 95377, 62556, 781.64%, 2085, 2001
1706881498, 3, 248, 417, 0, 0, 814.45%, 199, 0, 0, 690.00, 95491, 62649, 781.64%, 2085, 2001
1706881499, 3, 250, 417, 0, 0, 814.45%, 199, 0, 0, 1143.33, 95613, 62870, 781.64%, 2085, 2001
1706881499, 3, 251, 417, 0, 0, 814.45%, 199, 0, 0, 763.33, 95723, 62989, 781.64%, 2085, 2001
1706881499, 3, 251, 417, 0, 0, 814.45%, 199, 0, 0, 633.33, 95826, 63076, 781.64%, 2085, 2001
1706881499, 3, 251, 417, 0, 0, 814.45%, 199, 0, 0, 603.33, 95927, 63156, 781.64%, 2085, 2001
1706881500, 3, 252, 417, 0, 0, 814.45%, 199, 0, 0, 670.00, 96024, 63260, 781.64%, 2085, 2001
1706881500, 3, 261, 417, 0, 0, 814.45%, 199, 0, 0, 770.00, 96140, 63375, 781.64%, 2085, 2001
1706881500, 3, 268, 417, 0, 0, 814.45%, 199, 0, 0, 776.67, 96272, 63476, 781.64%, 2085, 2001
1706881501, 3, 274, 417, 0, 0, 814.45%, 199, 0, 0, 756.67, 96385, 63590, 781.64%, 2085, 2001
1706881501, 3, 285, 417, 0, 0, 814.45%, 199, 0, 0, 883.33, 96471, 63769, 781.64%, 2085, 2001
1706881501, 3, 295, 417, 0, 0, 814.45%, 200, 0, 0, 844.66, 96585, 63916, 781.64%, 2085, 2001
1706881502, 3, 301, 418, 0, 0, 814.45%, 200, 0, 0, 1870.00, 97037, 64025, 782.03%, 2085, 2002
1706881502, 3, 306, 418, 0, 0, 814.45%, 200, 0, 0, 1030.00, 97201, 64170, 782.03%, 2085, 2002
1706881502, 3, 306, 418, 0, 0, 814.45%, 200, 0, 0, 1233.33, 97394, 64347, 782.03%, 2085, 2002
1706881502, 3, 309, 418, 0, 0, 814.45%, 200, 0, 0, 1220.00, 97602, 64505, 782.03%, 2085, 2002
1706881503, 3, 309, 418, 0, 0, 814.45%, 200, 0, 0, 1113.33, 97808, 64633, 782.03%, 2085, 2002
1706881503, 3, 312, 418, 0, 0, 814.45%, 201, 0, 0, 896.67, 97950, 64760, 782.03%, 2085, 2002
1706881503, 3, 312, 418, 0, 0, 814.45%, 201, 0, 0, 680.00, 98059, 64855, 782.03%, 2085, 2002
1706881504, 3, 312, 418, 0, 0, 814.45%, 201, 0, 0, 700.00, 98172, 64952, 782.03%, 2085, 2002
1706881504, 3, 312, 418, 0, 0, 814.45%, 201, 0, 0, 526.67, 98239, 65043, 782.03%, 2085, 2002
1706881504, 3, 313, 418, 0, 0, 814.45%, 201, 0, 0, 610.00, 98341, 65124, 782.03%, 2085, 2002
1706881505, 3, 313, 418, 0, 0, 814.45%, 201, 0, 0, 704.32, 98459, 65218, 782.03%, 2085, 2002
1706881505, 3, 313, 418, 0, 0, 814.45%, 201, 0, 0, 610.00, 98574, 65286, 782.03%, 2085, 2002
1706881505, 3, 313, 418, 0, 0, 814.45%, 201, 0, 0, 686.67, 98687, 65379, 782.03%, 2085, 2002
1706881505, 3, 317, 418, 0, 0, 814.45%, 202, 0, 0, 767.44, 98811, 65486, 782.03%, 2085, 2002
1706881506, 3, 317, 418, 0, 0, 814.45%, 202, 0, 0, 687.71, 98927, 65577, 782.03%, 2085, 2002
1706881506, 3, 317, 418, 0, 0, 814.45%, 202, 0, 0, 630.00, 99036, 65657, 782.03%, 2085, 2002
1706881506, 3, 317, 418, 0, 0, 814.45%, 202, 0, 0, 664.45, 99153, 65740, 782.03%, 2085, 2002
1706881507, 3, 319, 418, 0, 0, 814.45%, 202, 0, 0, 701.00, 99263, 65841, 782.03%, 2085, 2002
1706881507, 3, 319, 418, 0, 0, 814.45%, 202, 0, 0, 660.00, 99368, 65934, 782.03%, 2085, 2002
1706881507, 3, 319, 418, 0, 0, 814.45%, 203, 0, 0, 671.10, 99471, 66033, 782.03%, 2085, 2002
1706881508, 3, 320, 418, 0, 0, 814.45%, 203, 0, 0, 664.45, 99581, 66123, 782.03%, 2085, 2002
1706881508, 3, 326, 419, 0, 0, 814.45%, 203, 0, 0, 601.33, 99659, 66226, 782.03%, 2085, 2002
1706881508, 3, 334, 420, 0, 0, 814.45%, 203, 0, 0, 697.67, 99748, 66347, 782.03%, 2085, 2002
1706881508, 3, 340, 421, 0, 0, 814.45%, 203, 0, 0, 640.00, 99829, 66458, 782.03%, 2085, 2002
1706881509, 3, 343, 421, 0, 0, 814.45%, 203, 0, 0, 770.00, 99895, 66623, 782.03%, 2085, 2002
1706881509, 3, 343, 421, 0, 0, 814.45%, 203, 0, 0, 743.33, 99931, 66810, 782.03%, 2085, 2002
1706881509, 3, 348, 421, 0, 0, 814.45%, 203, 0, 0, 558.14, 100015, 66894, 782.03%, 2085, 2002
1706881510, 3, 354, 421, 0, 0, 814.45%, 203, 0, 0, 606.67, 100067, 67024, 782.03%, 2085, 2002
1706881510, 3, 364, 423, 0, 0, 814.45%, 204, 0, 0, 677.74, 100118, 67177, 783.59%, 2085, 2006
1706881510, 3, 364, 423, 0, 0, 814.45%, 205, 0, 0, 836.67, 100191, 67355, 783.59%, 2085, 2006
1706881511, 3, 366, 423, 0, 0, 814.45%, 205, 0, 0, 1153.33, 100336, 67556, 783.59%, 2085, 2006
1706881511, 3, 366, 423, 0, 0, 814.45%, 205, 0, 0, 1230.00, 100508, 67753, 783.59%, 2085, 2006
1706881511, 3, 367, 423, 0, 0, 814.45%, 205, 0, 0, 807.31, 100628, 67876, 783.59%, 2085, 2006
1706881511, 3, 367, 423, 0, 0, 814.45%, 205, 0, 0, 1000.00, 100781, 68023, 783.59%, 2085, 2006
1706881512, 3, 368, 423, 0, 0, 814.45%, 205, 0, 0, 876.67, 100920, 68147, 783.59%, 2085, 2006
1706881512, 3, 375, 423, 0, 0, 814.45%, 205, 0, 0, 1336.67, 101196, 68272, 783.59%, 2085, 2006
1706881512, 3, 381, 423, 0, 0, 814.45%, 205, 0, 0, 569.54, 101270, 68370, 783.59%, 2085, 2006
1706881513, 3, 386, 423, 0, 0, 814.45%, 205, 0, 0, 598.01, 101362, 68458, 783.59%, 2085, 2006
1706881513, 3, 391, 423, 0, 0, 814.45%, 205, 0, 0, 780.00, 101473, 68581, 783.59%, 2085, 2006
1706881513, 3, 391, 423, 0, 0, 814.45%, 205, 0, 0, 830.00, 101583, 68720, 783.59%, 2085, 2006
1706881514, 3, 391, 423, 0, 0, 814.45%, 205, 0, 0, 833.33, 101716, 68837, 783.59%, 2085, 2006
1706881514, 3, 393, 423, 0, 0, 814.45%, 205, 0, 0, 916.67, 101851, 68977, 783.59%, 2085, 2006
1706881514, 3, 393, 423, 0, 0, 814.45%, 205, 0, 0, 996.67, 101982, 69145, 783.59%, 2085, 2006
1706881514, 3, 394, 423, 0, 0, 814.45%, 206, 0, 0, 1096.35, 102120, 69337, 783.59%, 2085, 2006
1706881515, 3, 394, 423, 0, 0, 814.45%, 206, 0, 0, 936.88, 102195, 69544, 783.59%, 2085, 2006
1706881515, 3, 400, 425, 0, 0, 814.45%, 206, 0, 0, 747.51, 102292, 69672, 783.59%, 2085, 2006
1706881515, 3, 400, 425, 0, 0, 814.45%, 206, 0, 0, 803.33, 102414, 69791, 783.59%, 2085, 2006
1706881516, 3, 400, 425, 0, 0, 814.45%, 207, 0, 0, 850.00, 102528, 69932, 783.59%, 2085, 2006
1706881516, 3, 402, 425, 0, 0, 814.45%, 207, 0, 0, 796.67, 102630, 70069, 783.59%, 2085, 2006
1706881516, 3, 406, 425, 0, 0, 814.45%, 207, 0, 0, 1220.00, 102864, 70201, 783.59%, 2085, 2006
1706881517, 3, 406, 425, 0, 0, 814.45%, 209, 0, 0, 740.00, 102968, 70319, 783.59%, 2085, 2006
1706881517, 3, 406, 425, 0, 0, 814.45%, 209, 0, 0, 727.57, 103081, 70425, 783.59%, 2085, 2006
1706881517, 3, 407, 425, 0, 0, 814.45%, 210, 0, 0, 714.29, 103189, 70532, 783.59%, 2085, 2006
1706881517, 3, 412, 425, 0, 0, 814.45%, 210, 0, 0, 2613.33, 103734, 70771, 783.59%, 2085, 2006
1706881518, 3, 420, 426, 0, 0, 814.45%, 210, 0, 0, 1390.00, 103987, 70935, 783.59%, 2085, 2006
1706881518, 3, 422, 426, 0, 0, 814.45%, 210, 0, 0, 647.84, 104054, 71063, 783.59%, 2085, 2006
1706881518, 3, 422, 427, 0, 0, 814.45%, 211, 0, 0, 652.87, 104140, 71182, 783.59%, 2085, 2006
1706881519, 3, 422, 427, 0, 0, 814.45%, 213, 0, 0, 626.67, 104203, 71307, 783.59%, 2085, 2006
1706881519, 3, 424, 428, 0, 0, 814.45%, 213, 0, 0, 591.36, 104276, 71412, 783.59%, 2085, 2006
1706881519, 3, 429, 432, 0, 0, 814.45%, 214, 0, 0, 551.16, 104348, 71507, 783.59%, 2085, 2006
1706881520, 4, 0, 433, 0, 0, 814.45%, 214, 0, 0, 660.00, 104471, 71582, 783.59%, 2085, 2006
1706881520, 4, 2, 433, 0, 0, 814.45%, 214, 0, 0, 2343.33, 105059, 71697, 783.59%, 2085, 2006
1706881520, 4, 5, 435, 0, 0, 815.23%, 214, 0, 0, 2373.33, 105634, 71834, 783.59%, 2087, 2006
1706881520, 4, 9, 435, 0, 0, 815.23%, 214, 0, 0, 2513.33, 106218, 72004, 783.59%, 2087, 2006
1706881521, 4, 11, 435, 0, 0, 815.23%, 214, 0, 0, 2370.00, 106812, 72121, 783.59%, 2087, 2006
1706881521, 4, 15, 435, 0, 0, 815.23%, 214, 0, 0, 2420.00, 107411, 72248, 783.59%, 2087, 2006
1706881521, 4, 21, 435, 0, 0, 815.23%, 214, 0, 0, 2763.33, 108066, 72422, 783.59%, 2087, 2006
1706881522, 4, 24, 435, 0, 0, 815.23%, 214, 0, 0, 2246.67, 108526, 72636, 783.59%, 2087, 2006
1706881522, 4, 28, 435, 0, 0, 815.23%, 214, 0, 0, 1843.33, 108816, 72899, 783.59%, 2087, 2006
1706881522, 4, 32, 435, 0, 0, 815.23%, 214, 0, 0, 2693.33, 109489, 73034, 783.59%, 2087, 2006
1706881523, 4, 35, 435, 0, 0, 815.23%, 214, 0, 0, 2056.67, 109987, 73153, 783.59%, 2087, 2006
1706881523, 4, 38, 435, 0, 0, 815.23%, 214, 0, 0, 2576.67, 110624, 73289, 783.59%, 2087, 2006
1706881523, 4, 44, 435, 0, 0, 815.23%, 214, 0, 0, 2670.00, 111171, 73543, 783.59%, 2087, 2006
1706881523, 4, 51, 435, 0, 0, 815.23%, 214, 0, 0, 2543.33, 111751, 73726, 783.59%, 2087, 2006
1706881524, 4, 55, 435, 0, 0, 815.23%, 214, 0, 0, 2036.67, 112021, 74067, 783.59%, 2087, 2006
1706881524, 4, 62, 435, 0, 0, 815.23%, 214, 0, 0, 2366.67, 112500, 74298, 783.59%, 2087, 2006
1706881524, 4, 64, 435, 0, 0, 815.23%, 214, 0, 0, 1370.00, 112696, 74513, 783.59%, 2087, 2006
1706881525, 4, 70, 435, 0, 0, 815.23%, 214, 0, 0, 2476.67, 113104, 74848, 783.59%, 2087, 2006
1706881525, 4, 75, 435, 0, 0, 815.23%, 215, 0, 0, 2106.67, 113494, 75090, 783.59%, 2087, 2006
1706881525, 4, 75, 435, 0, 0, 815.23%, 215, 0, 0, 1293.33, 113700, 75272, 783.59%, 2087, 2006
1706881526, 4, 78, 435, 0, 0, 815.23%, 215, 0, 0, 846.96, 113973, 75486, 783.59%, 2087, 2006
1706881526, 4, 78, 435, 0, 0, 815.23%, 215, 0, 0, 0.00, 113973, 75486, 783.59%, 2087, 2006
