# unix_time, cycles_done, cur_path, paths_total, pending_total, pending_favs, map_size, unique_crashes, unique_hangs, max_depth, execs_per_sec, valid_inputs, invalid_inputs, valid_cov, all_covered_probes, valid_covered_probes
1706881348, 0, 0, 1, 0, 0, 422.66%, 0, 0, 0, 0.37, 1, 0, 422.66%, 1082, 1082
1706881348, 0, 0, 28, 0, 0, 719.92%, 2, 0, 0, 205.98, 46, 17, 640.23%, 1843, 1639
1706881348, 0, 0, 40, 0, 0, 774.61%, 4, 0, 0, 195.72, 93, 34, 733.98%, 1983, 1879
1706881349, 0, 0, 52, 0, 0, 779.69%, 4, 0, 0, 141.48, 130, 41, 738.28%, 1996, 1890
1706881349, 0, 0, 62, 0, 0, 783.20%, 6, 0, 0, 243.33, 190, 54, 740.23%, 2005, 1895
1706881349, 0, 0, 67, 0, 0, 783.20%, 7, 0, 0, 246.67, 253, 65, 740.63%, 2005, 1896
1706881350, 0, 0, 72, 0, 0, 785.94%, 7, 0, 0, 238.85, 308, 85, 741.41%, 2012, 1898
1706881350, 0, 0, 79, 0, 0, 789.84%, 8, 0, 0, 196.72, 358, 95, 756.25%, 2022, 1936
1706881350, 0, 0, 83, 0, 0, 791.41%, 9, 0, 0, 238.41, 407, 118, 756.25%, 2026, 1936
1706881351, 0, 1, 88, 0, 0, 792.58%, 9, 0, 0, 154.55, 445, 131, 756.25%, 2029, 1936
1706881351, 0, 1, 90, 0, 0, 792.97%, 9, 0, 0, 258.17, 513, 142, 756.25%, 2030, 1936
1706881351, 0, 1, 97, 0, 0, 794.53%, 12, 0, 0, 460.64, 639, 174, 756.64%, 2034, 1937
1706881352, 0, 1, 101, 0, 0, 794.53%, 13, 0, 0, 234.96, 707, 188, 757.03%, 2034, 1938
1706881352, 0, 3, 104, 0, 0, 795.70%, 14, 0, 0, 189.19, 753, 205, 757.03%, 2037, 1938
1706881352, 0, 3, 109, 0, 0, 796.09%, 16, 0, 0, 380.00, 859, 232, 757.42%, 2038, 1939
1706881353, 0, 3, 113, 0, 0, 796.88%, 16, 0, 0, 326.67, 934, 255, 757.42%, 2040, 1939
1706881353, 0, 4, 116, 0, 0, 797.27%, 17, 0, 0, 493.33, 1026, 311, 757.81%, 2041, 1940
1706881353, 0, 5, 122, 0, 0, 797.66%, 17, 0, 0, 514.53, 1123, 391, 758.20%, 2042, 1941
1706881354, 0, 6, 129, 0, 0, 798.44%, 17, 0, 0, 562.86, 1241, 470, 758.59%, 2044, 1942
1706881354, 0, 7, 129, 0, 0, 798.44%, 17, 0, 0, 66.50, 1277, 486, 758.59%, 2044, 1942
1706881355, 0, 7, 131, 0, 0, 798.44%, 17, 0, 0, 354.11, 1389, 499, 758.59%, 2044, 1942
1706881355, 0, 8, 133, 0, 0, 798.44%, 17, 0, 0, 553.75, 1551, 507, 758.98%, 2044, 1943
1706881355, 0, 8, 135, 0, 0, 798.44%, 18, 0, 0, 367.35, 1659, 525, 760.16%, 2044, 1946
1706881356, 0, 8, 135, 0, 0, 798.44%, 20, 0, 0, 255.94, 1746, 535, 760.16%, 2044, 1946
1706881356, 0, 9, 139, 0, 0, 798.44%, 23, 0, 0, 216.14, 1784, 572, 760.16%, 2044, 1946
1706881356, 0, 10, 142, 0, 0, 799.22%, 23, 0, 0, 596.77, 1899, 642, 760.94%, 2046, 1948
1706881357, 0, 10, 143, 0, 0, 799.22%, 24, 0, 0, 446.15, 2014, 672, 760.94%, 2046, 1948
1706881357, 0, 11, 147, 0, 0, 800.00%, 26, 0, 0, 753.33, 2137, 775, 761.33%, 2048, 1949
1706881357, 0, 13, 153, 0, 0, 800.00%, 27, 0, 0, 543.33, 2275, 800, 761.72%, 2048, 1950
1706881358, 0, 14, 153, 0, 0, 800.00%, 27, 0, 0, 425.93, 2411, 848, 761.72%, 2048, 1950
1706881358, 0, 14, 153, 0, 0, 800.00%, 27, 0, 0, 328.90, 2480, 878, 761.72%, 2048, 1950
1706881358, 0, 15, 154, 0, 0, 800.00%, 27, 0, 0, 509.80, 2585, 929, 761.72%, 2048, 1950
1706881359, 0, 15, 154, 0, 0, 800.00%, 27, 0, 0, 173.67, 2610, 966, 761.72%, 2048, 1950
1706881359, 0, 17, 158, 0, 0, 800.00%, 29, 0, 0, 400.00, 2677, 1019, 761.72%, 2048, 1950
1706881359, 0, 17, 161, 0, 0, 800.00%, 30, 0, 0, 594.86, 2826, 1055, 761.72%, 2048, 1950
1706881360, 0, 17, 161, 0, 0, 800.00%, 30, 0, 0, 286.64, 2903, 1066, 761.72%, 2048, 1950
1706881360, 0, 19, 161, 0, 0, 800.00%, 30, 0, 0, 388.38, 3016, 1080, 761.72%, 2048, 1950
1706881360, 0, 20, 161, 0, 0, 800.00%, 30, 0, 0, 668.83, 3199, 1103, 761.72%, 2048, 1950
1706881361, 0, 20, 162, 0, 0, 800.00%, 30, 0, 0, 52.63, 3211, 1110, 761.72%, 2048, 1950
1706881361, 0, 20, 164, 0, 0, 800.00%, 30, 0, 0, 178.13, 3246, 1132, 761.72%, 2048, 1950
1706881361, 0, 20, 168, 0, 0, 800.00%, 31, 0, 0, 280.00, 3298, 1164, 761.72%, 2048, 1950
1706881362, 0, 20, 169, 0, 0, 800.00%, 31, 0, 0, 321.32, 3364, 1205, 761.72%, 2048, 1950
1706881362, 0, 20, 171, 0, 0, 800.00%, 31, 0, 0, 214.98, 3401, 1234, 761.72%, 2048, 1950
1706881362, 0, 20, 172, 0, 0, 800.00%, 31, 0, 0, 416.94, 3472, 1291, 761.72%, 2048, 1950
1706881363, 0, 21, 172, 0, 0, 800.00%, 33, 0, 0, 400.63, 3549, 1341, 761.72%, 2048, 1950
1706881363, 0, 21, 174, 0, 0, 801.56%, 33, 0, 0, 720.00, 3703, 1403, 761.72%, 2052, 1950
1706881363, 0, 22, 178, 0, 0, 801.56%, 36, 0, 0, 433.33, 3736, 1500, 761.72%, 2052, 1950
1706881363, 0, 22, 181, 0, 0, 801.56%, 38, 0, 0, 503.18, 3765, 1629, 761.72%, 2052, 1950
1706881364, 0, 23, 181, 0, 0, 801.56%, 40, 0, 0, 436.09, 3836, 1732, 761.72%, 2052, 1950
1706881364, 0, 23, 181, 0, 0, 801.56%, 40, 0, 0, 673.33, 3967, 1803, 761.72%, 2052, 1950
1706881364, 0, 24, 181, 0, 0, 801.56%, 40, 0, 0, 659.57, 4144, 1843, 761.72%, 2052, 1950
1706881365, 0, 25, 182, 0, 0, 801.95%, 40, 0, 0, 833.89, 4341, 1897, 761.72%, 2053, 1950
1706881365, 0, 27, 182, 0, 0, 801.95%, 41, 0, 0, 469.91, 4434, 1968, 761.72%, 2053, 1950
1706881366, 0, 27, 182, 0, 0, 801.95%, 41, 0, 0, 51.23, 4447, 1982, 761.72%, 2053, 1950
1706881366, 0, 28, 185, 0, 0, 801.95%, 42, 0, 0, 886.67, 4644, 2051, 761.72%, 2053, 1950
1706881366, 0, 30, 185, 0, 0, 801.95%, 42, 0, 0, 1000.00, 4828, 2167, 761.72%, 2053, 1950
1706881367, 0, 30, 185, 0, 0, 801.95%, 42, 0, 0, 426.67, 4928, 2195, 761.72%, 2053, 1950
1706881367, 0, 31, 189, 0, 0, 801.95%, 44, 0, 0, 540.12, 5052, 2246, 761.72%, 2053, 1950
1706881367, 0, 31, 191, 0, 0, 801.95%, 44, 0, 0, 198.91, 5099, 2272, 761.72%, 2053, 1950
1706881368, 0, 31, 192, 0, 0, 801.95%, 44, 0, 0, 291.02, 5162, 2303, 761.72%, 2053, 1950
1706881368, 0, 31, 193, 0, 0, 801.95%, 44, 0, 0, 111.73, 5199, 2326, 761.72%, 2053, 1950
1706881368, 0, 31, 196, 0, 0, 802.34%, 45, 0, 0, 279.50, 5252, 2363, 764.45%, 2054, 1957
1706881369, 0, 31, 198, 0, 0, 802.73%, 45, 0, 0, 304.21, 5311, 2398, 764.45%, 2055, 1957
1706881369, 0, 31, 200, 0, 0, 802.73%, 45, 0, 0, 232.92, 5361, 2423, 764.45%, 2055, 1957
1706881369, 0, 31, 200, 0, 0, 802.73%, 45, 0, 0, 186.67, 5390, 2450, 764.45%, 2055, 1957
1706881370, 0, 31, 202, 0, 0, 802.73%, 45, 0, 0, 283.99, 5444, 2490, 764.45%, 2055, 1957
1706881370, 0, 33, 205, 0, 0, 803.13%, 46, 0, 0, 1313.33, 5736, 2592, 764.45%, 2056, 1957
1706881370, 0, 34, 206, 0, 0, 803.13%, 46, 0, 0, 756.92, 5909, 2665, 764.45%, 2056, 1957
1706881371, 0, 36, 206, 0, 0, 803.13%, 46, 0, 0, 1006.33, 6134, 2758, 764.45%, 2056, 1957
1706881371, 0, 37, 206, 0, 0, 803.13%, 46, 0, 0, 960.00, 6349, 2831, 764.45%, 2056, 1957
1706881371, 0, 41, 206, 0, 0, 803.13%, 48, 0, 0, 663.33, 6478, 2901, 764.45%, 2056, 1957
1706881372, 0, 41, 208, 0, 0, 803.13%, 50, 0, 0, 393.33, 6555, 2942, 767.58%, 2056, 1965
1706881372, 0, 41, 208, 0, 0, 803.13%, 50, 0, 0, 395.35, 6633, 2983, 767.58%, 2056, 1965
1706881372, 0, 41, 208, 0, 0, 803.13%, 51, 0, 0, 266.98, 6706, 3024, 767.58%, 2056, 1965
1706881373, 0, 41, 210, 0, 0, 803.13%, 51, 0, 0, 426.67, 6786, 3072, 767.58%, 2056, 1965
1706881373, 0, 42, 212, 0, 0, 803.13%, 52, 0, 0, 616.67, 6839, 3204, 767.58%, 2056, 1965
1706881373, 0, 42, 213, 0, 0, 803.13%, 52, 0, 0, 501.63, 6857, 3340, 767.58%, 2056, 1965
1706881373, 0, 47, 215, 0, 0, 803.13%, 54, 0, 0, 943.33, 6978, 3502, 767.58%, 2056, 1965
1706881374, 0, 53, 216, 0, 0, 803.13%, 54, 0, 0, 1110.00, 7205, 3608, 767.58%, 2056, 1965
1706881374, 0, 55, 217, 0, 0, 803.13%, 55, 0, 0, 612.50, 7344, 3665, 767.58%, 2056, 1965
1706881374, 0, 58, 218, 0, 0, 803.13%, 55, 0, 0, 1080.00, 7522, 3811, 767.58%, 2056, 1965
1706881375, 0, 60, 218, 0, 0, 803.13%, 55, 0, 0, 1143.33, 7761, 3915, 767.58%, 2056, 1965
1706881375, 0, 61, 218, 0, 0, 803.13%, 56, 0, 0, 1218.54, 8017, 4027, 767.58%, 2056, 1965
1706881375, 0, 63, 219, 0, 0, 803.13%, 56, 0, 0, 1062.11, 8259, 4127, 767.58%, 2056, 1965
1706881376, 0, 68, 219, 0, 0, 803.13%, 57, 0, 0, 937.50, 8429, 4242, 767.58%, 2056, 1965
1706881376, 0, 69, 219, 0, 0, 803.13%, 57, 0, 0, 1053.33, 8610, 4377, 767.58%, 2056, 1965
1706881376, 0, 71, 220, 0, 0, 803.13%, 57, 0, 0, 1063.33, 8870, 4436, 767.58%, 2056, 1965
1706881377, 0, 71, 221, 0, 0, 803.13%, 57, 0, 0, 226.67, 8906, 4468, 767.58%, 2056, 1965
1706881377, 0, 71, 223, 0, 0, 803.52%, 57, 0, 0, 430.00, 8978, 4525, 768.36%, 2057, 1967
1706881377, 0, 71, 223, 0, 0, 803.52%, 57, 0, 0, 348.62, 9042, 4575, 768.36%, 2057, 1967
1706881377, 0, 71, 224, 0, 0, 803.52%, 57, 0, 0, 250.00, 9083, 4609, 768.36%, 2057, 1967
1706881378, 0, 71, 225, 0, 0, 803.52%, 59, 0, 0, 320.99, 9141, 4655, 768.36%, 2057, 1967
1706881378, 0, 71, 229, 0, 0, 805.08%, 59, 0, 0, 321.43, 9193, 4702, 771.09%, 2061, 1974
1706881378, 0, 71, 230, 0, 0, 805.08%, 59, 0, 0, 282.39, 9237, 4743, 771.09%, 2061, 1974
1706881379, 0, 72, 230, 0, 0, 805.08%, 61, 0, 0, 660.00, 9352, 4826, 771.09%, 2061, 1974
1706881379, 0, 74, 232, 0, 0, 805.08%, 61, 0, 0, 946.59, 9604, 4893, 771.09%, 2061, 1974
1706881379, 0, 74, 233, 0, 0, 805.08%, 61, 0, 0, 264.04, 9651, 4940, 771.09%, 2061, 1974
1706881380, 0, 74, 234, 0, 0, 805.08%, 63, 0, 0, 1010.00, 9814, 5080, 771.09%, 2061, 1974
1706881380, 0, 76, 238, 0, 0, 805.08%, 64, 0, 0, 996.67, 9998, 5195, 771.09%, 2061, 1974
1706881380, 0, 80, 239, 0, 0, 805.08%, 64, 0, 0, 1443.33, 10311, 5315, 771.09%, 2061, 1974
1706881381, 0, 88, 242, 0, 0, 807.81%, 64, 0, 0, 1080.00, 10490, 5460, 771.09%, 2068, 1974
1706881381, 0, 91, 244, 0, 0, 807.81%, 65, 0, 0, 866.67, 10609, 5601, 771.09%, 2068, 1974
1706881381, 0, 91, 245, 0, 0, 807.81%, 67, 0, 0, 723.33, 10612, 5815, 771.09%, 2068, 1974
1706881381, 0, 93, 245, 0, 0, 807.81%, 67, 0, 0, 903.33, 10725, 5973, 771.09%, 2068, 1974
1706881382, 0, 97, 245, 0, 0, 807.81%, 69, 0, 0, 1580.00, 11013, 6159, 771.09%, 2068, 1974
1706881382, 0, 97, 246, 0, 0, 807.81%, 69, 0, 0, 1010.00, 11103, 6372, 771.09%, 2068, 1974
1706881382, 0, 100, 249, 0, 0, 807.81%, 69, 0, 0, 810.00, 11208, 6510, 771.09%, 2068, 1974
1706881383, 0, 101, 249, 0, 0, 807.81%, 72, 0, 0, 863.33, 11270, 6707, 771.09%, 2068, 1974
1706881383, 0, 105, 254, 0, 0, 808.59%, 74, 0, 0, 1006.67, 11434, 6845, 771.09%, 2070, 1974
1706881383, 0, 109, 255, 0, 0, 808.59%, 74, 0, 0, 1550.00, 11762, 6982, 771.09%, 2070, 1974
1706881384, 0, 116, 256, 0, 0, 808.59%, 75, 0, 0, 1756.67, 12135, 7136, 771.88%, 2070, 1976
1706881384, 0, 121, 258, 0, 0, 808.59%, 75, 0, 0, 1588.04, 12484, 7265, 771.88%, 2070, 1976
1706881384, 0, 127, 258, 0, 0, 808.59%, 75, 0, 0, 1016.67, 12672, 7382, 771.88%, 2070, 1976
1706881384, 0, 133, 258, 0, 0, 808.59%, 75, 0, 0, 1820.00, 13085, 7515, 771.88%, 2070, 1976
1706881385, 0, 139, 260, 0, 0, 808.59%, 77, 0, 0, 1400.00, 13373, 7647, 771.88%, 2070, 1976
1706881385, 0, 143, 260, 0, 0, 808.59%, 77, 0, 0, 1886.67, 13755, 7831, 771.88%, 2070, 1976
1706881385, 0, 151, 260, 0, 0, 808.59%, 78, 0, 0, 1986.67, 14135, 8047, 771.88%, 2070, 1976
1706881386, 0, 158, 262, 0, 0, 808.59%, 82, 0, 0, 1343.33, 14404, 8181, 772.27%, 2070, 1977
1706881386, 0, 171, 262, 0, 0, 808.59%, 82, 0, 0, 1033.33, 14564, 8331, 772.27%, 2070, 1977
1706881386, 0, 181, 262, 0, 0, 808.59%, 83, 0, 0, 1416.67, 14754, 8566, 772.27%, 2070, 1977
1706881387, 0, 190, 263, 0, 0, 808.59%, 83, 0, 0, 870.00, 14909, 8672, 772.27%, 2070, 1977
1706881387, 0, 193, 264, 0, 0, 808.59%, 83, 0, 0, 721.85, 15034, 8765, 772.27%, 2070, 1977
1706881387, 0, 193, 264, 0, 0, 808.59%, 83, 0, 0, 827.24, 15176, 8872, 772.27%, 2070, 1977
1706881387, 0, 193, 266, 0, 0, 808.59%, 83, 0, 0, 700.00, 15302, 8956, 773.44%, 2070, 1980
1706881388, 0, 194, 268, 0, 0, 809.38%, 83, 0, 0, 780.00, 15439, 9053, 774.22%, 2072, 1982
1706881388, 0, 194, 268, 0, 0, 809.38%, 83, 0, 0, 796.67, 15568, 9163, 774.22%, 2072, 1982
1706881388, 0, 194, 269, 0, 0, 809.38%, 84, 0, 0, 876.67, 15703, 9291, 775.00%, 2072, 1984
1706881389, 0, 197, 269, 0, 0, 809.38%, 84, 0, 0, 757.48, 15828, 9394, 775.00%, 2072, 1984
1706881389, 0, 197, 270, 0, 0, 809.38%, 84, 0, 0, 653.33, 15836, 9582, 775.00%, 2072, 1984
1706881389, 0, 199, 271, 0, 0, 809.38%, 87, 0, 0, 680.00, 15879, 9743, 775.00%, 2072, 1984
1706881390, 0, 207, 271, 0, 0, 809.38%, 87, 0, 0, 1316.67, 16027, 9990, 775.00%, 2072, 1984
1706881390, 0, 207, 271, 0, 0, 809.38%, 89, 0, 0, 710.00, 16118, 10112, 775.00%, 2072, 1984
1706881390, 0, 207, 271, 0, 0, 809.38%, 89, 0, 0, 453.16, 16183, 10226, 775.00%, 2072, 1984
1706881391, 0, 207, 272, 0, 0, 809.38%, 89, 0, 0, 591.18, 16275, 10335, 775.00%, 2072, 1984
1706881391, 0, 213, 272, 0, 0, 809.38%, 90, 0, 0, 770.00, 16371, 10470, 775.00%, 2072, 1984
1706881391, 0, 222, 274, 0, 0, 809.38%, 91, 0, 0, 764.12, 16470, 10601, 775.00%, 2072, 1984
1706881392, 0, 222, 278, 0, 0, 809.38%, 94, 0, 0, 493.33, 16537, 10682, 775.00%, 2072, 1984
1706881392, 0, 222, 279, 0, 0, 809.38%, 94, 0, 0, 495.02, 16608, 10760, 775.00%, 2072, 1984
1706881392, 0, 222, 282, 0, 0, 809.38%, 96, 0, 0, 339.81, 16656, 10817, 775.00%, 2072, 1984
1706881392, 0, 222, 283, 0, 0, 809.38%, 96, 0, 0, 488.37, 16731, 10889, 775.00%, 2072, 1984
1706881393, 0, 223, 284, 0, 0, 809.38%, 96, 0, 0, 498.34, 16798, 10972, 775.00%, 2072, 1984
1706881393, 0, 225, 286, 0, 0, 809.77%, 96, 0, 0, 540.00, 16887, 11045, 775.39%, 2073, 1985
1706881393, 0, 225, 286, 0, 0, 809.77%, 96, 0, 0, 553.33, 16947, 11151, 775.39%, 2073, 1985
1706881394, 0, 225, 286, 0, 0, 809.77%, 98, 0, 0, 514.95, 17017, 11236, 775.39%, 2073, 1985
1706881394, 0, 225, 286, 0, 0, 809.77%, 99, 0, 0, 556.29, 17086, 11335, 775.39%, 2073, 1985
1706881394, 0, 226, 287, 0, 0, 810.94%, 99, 0, 0, 530.00, 17148, 11432, 776.56%, 2076, 1988
1706881395, 0, 228, 288, 0, 0, 810.94%, 100, 0, 0, 570.00, 17238, 11513, 776.56%, 2076, 1988
1706881395, 0, 228, 288, 0, 0, 810.94%, 100, 0, 0, 518.27, 17326, 11581, 776.56%, 2076, 1988
1706881395, 0, 228, 289, 0, 0, 810.94%, 101, 0, 0, 500.00, 17390, 11667, 776.56%, 2076, 1988
1706881395, 0, 228, 289, 0, 0, 810.94%, 103, 0, 0, 653.33, 17481, 11772, 776.56%, 2076, 1988
1706881396, 0, 232, 289, 0, 0, 810.94%, 103, 0, 0, 693.33, 17571, 11890, 776.56%, 2076, 1988
1706881396, 0, 239, 290, 0, 0, 810.94%, 104, 0, 0, 594.68, 17656, 11984, 776.56%, 2076, 1988
1706881396, 0, 239, 290, 0, 0, 810.94%, 104, 0, 0, 546.67, 17661, 12143, 776.56%, 2076, 1988
1706881397, 0, 241, 291, 0, 0, 810.94%, 104, 0, 0, 1023.33, 17690, 12421, 776.56%, 2076, 1988
1706881397, 0, 246, 291, 0, 0, 810.94%, 104, 0, 0, 1006.67, 17744, 12669, 776.56%, 2076, 1988
1706881397, 0, 253, 292, 0, 0, 810.94%, 107, 0, 0, 750.00, 17845, 12793, 776.56%, 2076, 1988
1706881398, 0, 253, 293, 0, 0, 810.94%, 109, 0, 0, 853.33, 17873, 13021, 776.56%, 2076, 1988
1706881398, 0, 257, 295, 0, 0, 810.94%, 110, 0, 0, 1263.33, 18088, 13185, 777.34%, 2076, 1990
1706881398, 0, 264, 295, 0, 0, 810.94%, 111, 0, 0, 1213.33, 18343, 13294, 777.34%, 2076, 1990
1706881398, 0, 264, 295, 0, 0, 810.94%, 111, 0, 0, 581.40, 18469, 13343, 777.34%, 2076, 1990
1706881399, 0, 264, 295, 0, 0, 810.94%, 111, 0, 0, 590.00, 18607, 13382, 777.34%, 2076, 1990
1706881399, 0, 264, 295, 0, 0, 810.94%, 111, 0, 0, 538.21, 18722, 13429, 777.34%, 2076, 1990
1706881399, 0, 264, 295, 0, 0, 810.94%, 111, 0, 0, 621.26, 18854, 13484, 777.34%, 2076, 1990
1706881400, 0, 266, 295, 0, 0, 810.94%, 111, 0, 0, 790.00, 18958, 13617, 777.34%, 2076, 1990
1706881400, 0, 266, 295, 0, 0, 810.94%, 111, 0, 0, 780.73, 19057, 13753, 777.34%, 2076, 1990
1706881400, 0, 266, 295, 0, 0, 810.94%, 111, 0, 0, 986.67, 19173, 13933, 777.34%, 2076, 1990
1706881401, 0, 267, 296, 0, 0, 810.94%, 111, 0, 0, 1100.00, 19232, 14204, 778.13%, 2076, 1992
1706881401, 0, 268, 296, 0, 0, 810.94%, 111, 0, 0, 953.49, 19355, 14368, 778.13%, 2076, 1992
1706881401, 0, 268, 296, 0, 0, 810.94%, 111, 0, 0, 910.00, 19487, 14509, 778.13%, 2076, 1992
1706881401, 0, 270, 297, 0, 0, 810.94%, 111, 0, 0, 876.67, 19607, 14652, 778.13%, 2076, 1992
1706881402, 0, 275, 297, 0, 0, 810.94%, 111, 0, 0, 483.28, 19660, 14758, 778.13%, 2076, 1992
1706881402, 0, 280, 298, 0, 0, 810.94%, 112, 0, 0, 550.00, 19718, 14865, 778.13%, 2076, 1992
1706881402, 0, 285, 303, 0, 0, 810.94%, 113, 0, 0, 533.33, 19782, 14961, 778.13%, 2076, 1992
1706881403, 0, 285, 303, 0, 0, 810.94%, 114, 0, 0, 541.53, 19858, 15048, 778.13%, 2076, 1992
1706881403, 0, 285, 303, 0, 0, 810.94%, 114, 0, 0, 475.08, 19931, 15118, 778.13%, 2076, 1992
1706881403, 0, 285, 303, 0, 0, 810.94%, 114, 0, 0, 488.37, 19994, 15202, 778.13%, 2076, 1992
1706881404, 0, 285, 303, 0, 0, 810.94%, 114, 0, 0, 630.00, 20070, 15315, 778.13%, 2076, 1992
1706881404, 0, 286, 304, 0, 0, 810.94%, 115, 0, 0, 584.72, 20153, 15408, 778.13%, 2076, 1992
1706881404, 0, 286, 305, 0, 0, 810.94%, 116, 0, 0, 538.21, 20228, 15495, 778.13%, 2076, 1992
1706881404, 0, 286, 305, 0, 0, 810.94%, 118, 0, 0, 640.00, 20308, 15607, 778.13%, 2076, 1992
1706881405, 0, 286, 305, 0, 0, 810.94%, 118, 0, 0, 623.33, 20380, 15722, 778.13%, 2076, 1992
1706881405, 0, 291, 308, 0, 0, 810.94%, 119, 0, 0, 647.84, 20452, 15845, 778.13%, 2076, 1992
1706881405, 0, 295, 309, 0, 0, 810.94%, 119, 0, 0, 1766.67, 20806, 16021, 778.52%, 2076, 1993
1706881406, 0, 295, 310, 0, 0, 810.94%, 119, 0, 0, 709.57, 20916, 16126, 778.91%, 2076, 1994
1706881406, 0, 295, 310, 0, 0, 810.94%, 119, 0, 0, 681.06, 21036, 16211, 778.91%, 2076, 1994
1706881406, 0, 297, 310, 0, 0, 810.94%, 119, 0, 0, 745.03, 21141, 16331, 778.91%, 2076, 1994
1706881407, 0, 301, 313, 0, 0, 810.94%, 120, 0, 0, 443.33, 21201, 16404, 778.91%, 2076, 1994
1706881407, 0, 308, 316, 0, 0, 810.94%, 120, 0, 0, 730.00, 21282, 16542, 779.30%, 2076, 1995
1706881407, 0, 309, 317, 0, 0, 810.94%, 120, 0, 0, 886.67, 21472, 16618, 779.30%, 2076, 1995
1706881407, 0, 309, 317, 0, 0, 810.94%, 120, 0, 0, 880.00, 21609, 16745, 779.30%, 2076, 1995
1706881408, 0, 309, 317, 0, 0, 810.94%, 120, 0, 0, 923.33, 21756, 16875, 779.30%, 2076, 1995
1706881408, 0, 313, 320, 0, 0, 810.94%, 121, 0, 0, 445.18, 21827, 16938, 779.30%, 2076, 1995
1706881408, 0, 317, 322, 0, 0, 810.94%, 121, 0, 0, 1039.74, 22031, 17048, 779.30%, 2076, 1995
1706881409, 1, 0, 323, 0, 0, 810.94%, 121, 0, 0, 560.00, 22113, 17134, 779.30%, 2076, 1995
1706881409, 1, 1, 323, 0, 0, 810.94%, 121, 0, 0, 1910.00, 22562, 17258, 779.30%, 2076, 1995
1706881409, 1, 4, 323, 0, 0, 810.94%, 121, 0, 0, 1993.33, 23040, 17378, 779.30%, 2076, 1995
1706881410, 1, 7, 324, 0, 0, 810.94%, 121, 0, 0, 2220.00, 23454, 17630, 779.30%, 2076, 1995
1706881410, 1, 10, 325, 0, 0, 811.72%, 121, 0, 0, 2066.67, 23936, 17768, 779.30%, 2078, 1995
1706881410, 1, 14, 325, 0, 0, 811.72%, 121, 0, 0, 2183.33, 24415, 17944, 779.30%, 2078, 1995
1706881410, 1, 17, 325, 0, 0, 811.72%, 121, 0, 0, 2166.67, 24865, 18144, 779.30%, 2078, 1995
1706881411, 1, 20, 325, 0, 0, 811.72%, 122, 0, 0, 1836.67, 25303, 18257, 779.30%, 2078, 1995
1706881411, 1, 20, 325, 0, 0, 811.72%, 123, 0, 0, 1190.00, 25485, 18432, 779.30%, 2078, 1995
1706881411, 1, 22, 325, 0, 0, 811.72%, 125, 0, 0, 1713.33, 25766, 18665, 779.30%, 2078, 1995
1706881412, 1, 23, 325, 0, 0, 811.72%, 125, 0, 0, 1543.33, 25988, 18906, 779.30%, 2078, 1995
1706881412, 1, 26, 325, 0, 0, 811.72%, 125, 0, 0, 1813.33, 26412, 19026, 779.30%, 2078, 1995
1706881412, 1, 30, 325, 0, 0, 811.72%, 125, 0, 0, 2126.67, 26836, 19240, 779.30%, 2078, 1995
1706881413, 1, 31, 325, 0, 0, 811.72%, 125, 0, 0, 1426.67, 27163, 19341, 779.30%, 2078, 1995
1706881413, 1, 31, 326, 0, 0, 812.50%, 125, 0, 0, 820.00, 27326, 19424, 780.08%, 2080, 1997
1706881413, 1, 31, 326, 0, 0, 812.50%, 125, 0, 0, 900.33, 27496, 19525, 780.08%, 2080, 1997
1706881413, 1, 36, 326, 0, 0, 812.50%, 125, 0, 0, 2336.67, 27958, 19764, 780.08%, 2080, 1997
1706881414, 1, 41, 326, 0, 0, 812.50%, 125, 0, 0, 2119.60, 28408, 19952, 780.08%, 2080, 1997
1706881414, 1, 41, 326, 0, 0, 812.50%, 125, 0, 0, 816.67, 28551, 20054, 780.08%, 2080, 1997
1706881414, 1, 41, 326, 0, 0, 812.50%, 125, 0, 0, 830.00, 28694, 20160, 780.08%, 2080, 1997
1706881415, 1, 42, 327, 0, 0, 812.50%, 125, 0, 0, 1003.33, 28786, 20369, 780.08%, 2080, 1997
1706881415, 1, 53, 327, 0, 0, 812.50%, 126, 0, 0, 1723.33, 29045, 20627, 780.08%, 2080, 1997
1706881415, 1, 59, 328, 0, 0, 812.50%, 126, 0, 0, 2410.00, 29507, 20888, 780.47%, 2080, 1998
1706881416, 1, 61, 328, 0, 0, 812.50%, 127, 0, 0, 2106.67, 29949, 21078, 780.47%, 2080, 1998
1706881416, 1, 68, 329, 0, 0, 812.50%, 127, 0, 0, 2086.67, 30338, 21315, 782.42%, 2080, 2003
1706881416, 1, 71, 330, 0, 0, 812.89%, 127, 0, 0, 1990.00, 30761, 21489, 782.42%, 2081, 2003
1706881416, 1, 71, 331, 0, 0, 812.89%, 127, 0, 0, 786.67, 30882, 21604, 782.42%, 2081, 2003
1706881417, 1, 71, 331, 0, 0, 812.89%, 127, 0, 0, 770.76, 31022, 21696, 782.42%, 2081, 2003
1706881417, 1, 72, 331, 0, 0, 812.89%, 127, 0, 0, 826.67, 31153, 21813, 782.42%, 2081, 2003
1706881417, 1, 74, 331, 0, 0, 812.89%, 127, 0, 0, 2043.33, 31573, 22006, 782.42%, 2081, 2003
1706881418, 1, 74, 333, 0, 0, 812.89%, 127, 0, 0, 1153.33, 31766, 22159, 782.42%, 2081, 2003
1706881418, 1, 78, 333, 0, 0, 812.89%, 128, 0, 0, 1556.67, 32104, 22288, 782.42%, 2081, 2003
1706881418, 1, 88, 333, 0, 0, 812.89%, 128, 0, 0, 1643.33, 32380, 22505, 782.42%, 2081, 2003
1706881419, 1, 91, 333, 0, 0, 812.89%, 128, 0, 0, 1270.00, 32496, 22770, 782.42%, 2081, 2003
1706881419, 1, 93, 333, 0, 0, 812.89%, 128, 0, 0, 1030.00, 32576, 22999, 782.42%, 2081, 2003
1706881419, 1, 97, 333, 0, 0, 812.89%, 128, 0, 0, 1696.67, 32891, 23193, 782.42%, 2081, 2003
1706881419, 1, 97, 333, 0, 0, 812.89%, 132, 0, 0, 1413.33, 33035, 23473, 782.42%, 2081, 2003
1706881420, 1, 101, 333, 0, 0, 812.89%, 132, 0, 0, 1176.67, 33153, 23708, 782.42%, 2081, 2003
1706881420, 1, 106, 333, 0, 0, 812.89%, 132, 0, 0, 1266.67, 33329, 23912, 782.42%, 2081, 2003
1706881420, 1, 112, 333, 0, 0, 812.89%, 132, 0, 0, 2300.00, 33797, 24134, 782.42%, 2081, 2003
1706881421, 1, 120, 333, 0, 0, 812.89%, 132, 0, 0, 1666.67, 34159, 24272, 782.42%, 2081, 2003
1706881421, 1, 127, 333, 0, 0, 812.89%, 132, 0, 0, 1916.67, 34567, 24439, 782.42%, 2081, 2003
1706881421, 1, 133, 333, 0, 0, 812.89%, 133, 0, 0, 1896.67, 34988, 24587, 782.42%, 2081, 2003
1706881422, 1, 139, 333, 0, 0, 812.89%, 133, 0, 0, 1206.67, 35258, 24679, 782.42%, 2081, 2003
1706881422, 1, 143, 333, 0, 0, 812.89%, 133, 0, 0, 1588.04, 35578, 24837, 782.42%, 2081, 2003
1706881422, 1, 148, 333, 0, 0, 812.89%, 133, 0, 0, 1933.33, 35944, 25051, 782.42%, 2081, 2003
1706881422, 1, 156, 334, 0, 0, 812.89%, 135, 0, 0, 1466.67, 36238, 25197, 782.42%, 2081, 2003
1706881423, 1, 170, 334, 0, 0, 812.89%, 136, 0, 0, 1083.33, 36405, 25355, 782.42%, 2081, 2003
1706881423, 1, 181, 335, 0, 0, 812.89%, 137, 0, 0, 1503.33, 36599, 25612, 782.81%, 2081, 2004
1706881423, 1, 190, 335, 0, 0, 812.89%, 139, 0, 0, 846.67, 36739, 25726, 782.81%, 2081, 2004
1706881424, 1, 193, 335, 0, 0, 812.89%, 139, 0, 0, 880.40, 36880, 25850, 782.81%, 2081, 2004
1706881424, 1, 193, 335, 0, 0, 812.89%, 139, 0, 0, 840.00, 37027, 25955, 782.81%, 2081, 2004
1706881424, 1, 193, 335, 0, 0, 812.89%, 139, 0, 0, 753.33, 37164, 26044, 782.81%, 2081, 2004
1706881425, 1, 194, 335, 0, 0, 812.89%, 139, 0, 0, 733.33, 37290, 26138, 782.81%, 2081, 2004
1706881425, 1, 194, 335, 0, 0, 812.89%, 139, 0, 0, 833.33, 37438, 26240, 782.81%, 2081, 2004
1706881425, 1, 194, 336, 0, 0, 813.28%, 139, 0, 0, 870.00, 37580, 26359, 782.81%, 2082, 2004
1706881425, 1, 197, 336, 0, 0, 813.28%, 139, 0, 0, 740.00, 37652, 26509, 782.81%, 2082, 2004
1706881426, 1, 197, 336, 0, 0, 813.28%, 139, 0, 0, 790.70, 37657, 26742, 782.81%, 2082, 2004
1706881426, 1, 206, 336, 0, 0, 813.28%, 139, 0, 0, 1326.67, 37826, 26971, 782.81%, 2082, 2004
1706881426, 1, 207, 336, 0, 0, 813.28%, 139, 0, 0, 813.33, 37931, 27110, 782.81%, 2082, 2004
1706881427, 1, 207, 336, 0, 0, 813.28%, 139, 0, 0, 810.00, 38018, 27266, 782.81%, 2082, 2004
1706881427, 1, 207, 336, 0, 0, 813.28%, 139, 0, 0, 776.67, 38116, 27401, 782.81%, 2082, 2004
1706881427, 1, 219, 336, 0, 0, 813.28%, 139, 0, 0, 920.00, 38243, 27550, 782.81%, 2082, 2004
1706881428, 1, 222, 337, 0, 0, 813.28%, 139, 0, 0, 593.33, 38308, 27663, 782.81%, 2082, 2004
1706881428, 1, 222, 338, 0, 0, 813.28%, 139, 0, 0, 516.67, 38372, 27754, 782.81%, 2082, 2004
1706881428, 1, 222, 338, 0, 0, 813.28%, 139, 0, 0, 506.62, 38437, 27842, 782.81%, 2082, 2004
1706881428, 1, 222, 339, 0, 0, 813.28%, 139, 0, 0, 463.33, 38514, 27904, 782.81%, 2082, 2004
1706881429, 1, 222, 339, 0, 0, 813.28%, 139, 0, 0, 490.00, 38563, 28002, 782.81%, 2082, 2004
1706881429, 1, 225, 339, 0, 0, 813.28%, 139, 0, 0, 538.21, 38650, 28077, 782.81%, 2082, 2004
1706881429, 1, 225, 341, 0, 0, 813.28%, 139, 0, 0, 513.33, 38720, 28161, 782.81%, 2082, 2004
1706881430, 1, 225, 341, 0, 0, 813.28%, 140, 0, 0, 561.46, 38794, 28256, 782.81%, 2082, 2004
1706881430, 1, 225, 341, 0, 0, 813.28%, 140, 0, 0, 540.00, 38867, 28345, 782.81%, 2082, 2004
1706881430, 1, 225, 341, 0, 0, 813.28%, 140, 0, 0, 623.33, 38942, 28457, 782.81%, 2082, 2004
1706881431, 1, 228, 341, 0, 0, 813.28%, 141, 0, 0, 630.63, 39047, 28562, 782.81%, 2082, 2004
1706881431, 1, 228, 341, 0, 0, 813.28%, 142, 0, 0, 621.26, 39135, 28661, 782.81%, 2082, 2004
1706881431, 1, 228, 341, 0, 0, 813.28%, 142, 0, 0, 650.00, 39215, 28776, 782.81%, 2082, 2004
1706881432, 1, 228, 341, 0, 0, 813.28%, 142, 0, 0, 640.00, 39306, 28877, 782.81%, 2082, 2004
1706881432, 1, 238, 341, 0, 0, 813.28%, 142, 0, 0, 966.78, 39476, 28998, 782.81%, 2082, 2004
1706881432, 1, 239, 341, 0, 0, 813.28%, 142, 0, 0, 943.33, 39488, 29269, 782.81%, 2082, 2004
1706881432, 1, 241, 341, 0, 0, 813.28%, 142, 0, 0, 1153.33, 39548, 29555, 782.81%, 2082, 2004
1706881433, 1, 251, 341, 0, 0, 813.28%, 142, 0, 0, 1006.67, 39637, 29768, 782.81%, 2082, 2004
1706881433, 1, 253, 342, 0, 0, 813.28%, 143, 0, 0, 796.67, 39683, 29961, 782.81%, 2082, 2004
1706881433, 1, 255, 342, 0, 0, 813.28%, 143, 0, 0, 1136.67, 39809, 30176, 782.81%, 2082, 2004
1706881434, 1, 262, 342, 0, 0, 813.28%, 143, 0, 0, 1476.67, 40118, 30310, 782.81%, 2082, 2004
1706881434, 1, 264, 342, 0, 0, 813.28%, 143, 0, 0, 660.00, 40259, 30367, 782.81%, 2082, 2004
1706881434, 1, 264, 342, 0, 0, 813.28%, 143, 0, 0, 616.67, 40389, 30422, 782.81%, 2082, 2004
1706881435, 1, 264, 343, 0, 0, 813.67%, 143, 0, 0, 670.00, 40525, 30487, 782.81%, 2083, 2004
1706881435, 1, 264, 343, 0, 0, 813.67%, 143, 0, 0, 674.42, 40670, 30545, 782.81%, 2083, 2004
1706881435, 1, 266, 343, 0, 0, 813.67%, 143, 0, 0, 843.33, 40774, 30694, 782.81%, 2083, 2004
1706881435, 1, 266, 343, 0, 0, 813.67%, 143, 0, 0, 966.67, 40896, 30862, 782.81%, 2083, 2004
1706881436, 1, 267, 343, 0, 0, 813.67%, 143, 0, 0, 930.00, 41010, 31027, 782.81%, 2083, 2004
1706881436, 1, 267, 343, 0, 0, 813.67%, 143, 0, 0, 936.88, 41054, 31265, 782.81%, 2083, 2004
1706881436, 1, 268, 343, 0, 0, 813.67%, 143, 0, 0, 893.33, 41175, 31412, 782.81%, 2083, 2004
1706881437, 1, 268, 343, 0, 0, 813.67%, 143, 0, 0, 803.99, 41311, 31518, 782.81%, 2083, 2004
1706881437, 1, 269, 343, 0, 0, 813.67%, 143, 0, 0, 883.33, 41450, 31644, 782.81%, 2083, 2004
1706881437, 1, 276, 343, 0, 0, 813.67%, 143, 0, 0, 627.91, 41516, 31767, 782.81%, 2083, 2004
1706881438, 1, 280, 343, 0, 0, 813.67%, 143, 0, 0, 526.49, 41588, 31854, 782.81%, 2083, 2004
1706881438, 1, 285, 344, 0, 0, 813.67%, 143, 0, 0, 536.67, 41648, 31955, 782.81%, 2083, 2004
1706881438, 1, 285, 344, 0, 0, 813.67%, 143, 0, 0, 614.62, 41735, 32053, 782.81%, 2083, 2004
1706881438, 1, 285, 344, 0, 0, 813.67%, 143, 0, 0, 617.94, 41815, 32159, 782.81%, 2083, 2004
1706881439, 1, 285, 344, 0, 0, 813.67%, 143, 0, 0, 489.30, 41884, 32250, 782.81%, 2083, 2004
1706881439, 1, 285, 344, 0, 0, 813.67%, 143, 0, 0, 506.33, 41958, 32336, 782.81%, 2083, 2004
1706881439, 1, 286, 344, 0, 0, 813.67%, 143, 0, 0, 590.00, 42036, 32435, 782.81%, 2083, 2004
1706881440, 1, 286, 344, 0, 0, 813.67%, 143, 0, 0, 616.67, 42123, 32533, 782.81%, 2083, 2004
1706881440, 1, 286, 344, 0, 0, 813.67%, 143, 0, 0, 568.11, 42207, 32620, 782.81%, 2083, 2004
1706881440, 1, 286, 344, 0, 0, 813.67%, 145, 0, 0, 611.30, 42279, 32732, 782.81%, 2083, 2004
1706881441, 1, 293, 346, 0, 0, 813.67%, 145, 0, 0, 930.00, 42431, 32859, 782.81%, 2083, 2004
1706881441, 1, 295, 346, 0, 0, 813.67%, 145, 0, 0, 1568.11, 42759, 33003, 782.81%, 2083, 2004
1706881441, 1, 295, 346, 0, 0, 813.67%, 145, 0, 0, 856.67, 42897, 33122, 782.81%, 2083, 2004
1706881441, 1, 295, 346, 0, 0, 813.67%, 145, 0, 0, 900.33, 43049, 33241, 782.81%, 2083, 2004
1706881442, 1, 301, 347, 0, 0, 813.67%, 145, 0, 0, 554.82, 43105, 33352, 782.81%, 2083, 2004
1706881442, 1, 308, 347, 0, 0, 813.67%, 145, 0, 0, 756.67, 43197, 33487, 782.81%, 2083, 2004
1706881442, 1, 309, 347, 0, 0, 813.67%, 145, 0, 0, 1216.67, 43428, 33621, 782.81%, 2083, 2004
1706881443, 1, 309, 347, 0, 0, 813.67%, 147, 0, 0, 840.53, 43574, 33728, 782.81%, 2083, 2004
1706881443, 1, 311, 347, 0, 0, 813.67%, 148, 0, 0, 783.33, 43696, 33841, 782.81%, 2083, 2004
1706881443, 1, 315, 348, 0, 0, 813.67%, 149, 0, 0, 606.67, 43800, 33919, 782.81%, 2083, 2004
1706881444, 1, 319, 349, 0, 0, 813.67%, 150, 0, 0, 867.11, 43958, 34022, 782.81%, 2083, 2004
1706881444, 1, 325, 349, 0, 0, 813.67%, 150, 0, 0, 1136.67, 44159, 34162, 782.81%, 2083, 2004
1706881444, 1, 325, 350, 0, 0, 813.67%, 150, 0, 0, 760.80, 44289, 34261, 782.81%, 2083, 2004
1706881444, 1, 325, 350, 0, 0, 813.67%, 150, 0, 0, 846.67, 44434, 34370, 782.81%, 2083, 2004
1706881445, 1, 327, 350, 0, 0, 813.67%, 150, 0, 0, 990.00, 44627, 34474, 782.81%, 2083, 2004
1706881445, 1, 332, 352, 0, 0, 813.67%, 150, 0, 0, 2033.33, 45001, 34710, 783.20%, 2083, 2005
1706881445, 1, 335, 353, 0, 0, 813.67%, 150, 0, 0, 1570.00, 45283, 34899, 783.20%, 2083, 2005
1706881446, 1, 337, 354, 0, 0, 813.67%, 150, 0, 0, 740.86, 45371, 35034, 783.20%, 2083, 2005
1706881446, 1, 342, 354, 0, 0, 813.67%, 151, 0, 0, 574.75, 45431, 35147, 783.20%, 2083, 2005
1706881446, 1, 342, 354, 0, 0, 813.67%, 151, 0, 0, 806.67, 45531, 35289, 783.20%, 2083, 2005
1706881447, 1, 345, 355, 0, 0, 813.67%, 152, 0, 0, 600.00, 45603, 35397, 783.20%, 2083, 2005
1706881447, 1, 349, 356, 0, 0, 813.67%, 152, 0, 0, 503.33, 45668, 35483, 783.20%, 2083, 2005
1706881447, 1, 354, 359, 0, 0, 813.67%, 154, 0, 0, 1261.59, 45859, 35673, 783.20%, 2083, 2005
1706881447, 1, 358, 362, 0, 0, 813.67%, 154, 0, 0, 506.67, 45928, 35756, 783.20%, 2083, 2005
1706881448, 1, 363, 365, 0, 0, 813.67%, 155, 0, 0, 443.71, 45983, 35835, 783.20%, 2083, 2005
1706881448, 2, 0, 365, 0, 0, 813.67%, 155, 0, 0, 940.00, 46191, 35909, 783.20%, 2083, 2005
1706881448, 2, 1, 365, 0, 0, 813.67%, 155, 0, 0, 1840.53, 46639, 36015, 783.20%, 2083, 2005
1706881449, 2, 5, 365, 0, 0, 813.67%, 156, 0, 0, 1920.53, 47041, 36193, 783.20%, 2083, 2005
1706881449, 2, 7, 365, 0, 0, 813.67%, 156, 0, 0, 1933.33, 47449, 36365, 783.20%, 2083, 2005
1706881449, 2, 10, 365, 0, 0, 813.67%, 156, 0, 0, 1860.00, 47863, 36509, 783.20%, 2083, 2005
1706881450, 2, 13, 365, 0, 0, 813.67%, 156, 0, 0, 1776.67, 48227, 36678, 783.20%, 2083, 2005
1706881450, 2, 17, 365, 0, 0, 813.67%, 156, 0, 0, 1860.00, 48617, 36846, 783.20%, 2083, 2005
1706881450, 2, 20, 365, 0, 0, 813.67%, 156, 0, 0, 2076.67, 49135, 36951, 783.20%, 2083, 2005
1706881450, 2, 20, 365, 0, 0, 813.67%, 157, 0, 0, 1213.33, 49336, 37114, 783.20%, 2083, 2005
1706881451, 2, 22, 365, 0, 0, 813.67%, 159, 0, 0, 1646.67, 49651, 37293, 783.20%, 2083, 2005
1706881451, 2, 23, 366, 0, 0, 813.67%, 161, 0, 0, 1163.33, 49751, 37542, 783.20%, 2083, 2005
1706881451, 2, 25, 366, 0, 0, 813.67%, 161, 0, 0, 2113.33, 50220, 37707, 783.20%, 2083, 2005
1706881452, 2, 29, 366, 0, 0, 813.67%, 161, 0, 0, 2246.67, 50684, 37917, 783.20%, 2083, 2005
1706881452, 2, 31, 366, 0, 0, 813.67%, 162, 0, 0, 1660.00, 51017, 38082, 783.20%, 2083, 2005
1706881452, 2, 31, 366, 0, 0, 813.67%, 162, 0, 0, 832.26, 51190, 38167, 783.20%, 2083, 2005
1706881453, 2, 31, 366, 0, 0, 813.67%, 162, 0, 0, 913.33, 51355, 38276, 783.20%, 2083, 2005
1706881453, 2, 34, 366, 0, 0, 813.67%, 163, 0, 0, 2150.00, 51784, 38492, 783.20%, 2083, 2005
1706881453, 2, 41, 366, 0, 0, 813.67%, 163, 0, 0, 2188.31, 52263, 38687, 783.20%, 2083, 2005
1706881454, 2, 41, 366, 0, 0, 813.67%, 163, 0, 0, 913.33, 52425, 38799, 783.20%, 2083, 2005
1706881454, 2, 41, 366, 0, 0, 813.67%, 163, 0, 0, 890.00, 52585, 38906, 783.20%, 2083, 2005
1706881454, 2, 42, 366, 0, 0, 813.67%, 163, 0, 0, 1006.67, 52666, 39127, 783.20%, 2083, 2005
1706881454, 2, 53, 366, 0, 0, 813.67%, 164, 0, 0, 1763.33, 52951, 39371, 783.20%, 2083, 2005
1706881455, 2, 59, 366, 0, 0, 813.67%, 164, 0, 0, 2198.02, 53385, 39603, 783.20%, 2083, 2005
1706881455, 2, 61, 367, 0, 0, 813.67%, 164, 0, 0, 2230.00, 53868, 39789, 783.20%, 2083, 2005
1706881455, 2, 68, 367, 0, 0, 813.67%, 164, 0, 0, 2203.33, 54267, 40051, 783.20%, 2083, 2005
1706881456, 2, 71, 367, 0, 0, 813.67%, 164, 0, 0, 1863.33, 54690, 40187, 783.20%, 2083, 2005
1706881456, 2, 71, 367, 0, 0, 813.67%, 164, 0, 0, 760.00, 54808, 40297, 783.20%, 2083, 2005
1706881456, 2, 71, 367, 0, 0, 813.67%, 164, 0, 0, 776.67, 54936, 40402, 783.20%, 2083, 2005
1706881457, 2, 72, 367, 0, 0, 813.67%, 164, 0, 0, 896.67, 55089, 40518, 783.20%, 2083, 2005
1706881457, 2, 74, 367, 0, 0, 813.67%, 164, 0, 0, 1986.67, 55503, 40700, 783.20%, 2083, 2005
1706881457, 2, 75, 367, 0, 0, 813.67%, 165, 0, 0, 1520.00, 55788, 40871, 783.20%, 2083, 2005
1706881457, 2, 83, 367, 0, 0, 813.67%, 165, 0, 0, 1853.33, 56193, 41022, 783.20%, 2083, 2005
1706881458, 2, 89, 367, 0, 0, 813.67%, 165, 0, 0, 1153.33, 56367, 41194, 783.20%, 2083, 2005
1706881458, 2, 91, 367, 0, 0, 813.67%, 165, 0, 0, 1220.00, 56446, 41481, 783.20%, 2083, 2005
1706881458, 2, 96, 367, 0, 0, 813.67%, 165, 0, 0, 1436.67, 56633, 41725, 783.20%, 2083, 2005
1706881459, 2, 97, 368, 0, 0, 813.67%, 165, 0, 0, 1696.67, 56906, 41961, 783.20%, 2083, 2005
1706881459, 2, 100, 368, 0, 0, 813.67%, 165, 0, 0, 1223.33, 57063, 42171, 783.20%, 2083, 2005
1706881459, 2, 101, 368, 0, 0, 813.67%, 165, 0, 0, 1020.00, 57148, 42392, 783.20%, 2083, 2005
1706881460, 2, 108, 368, 0, 0, 813.67%, 166, 0, 0, 1543.33, 57433, 42570, 783.20%, 2083, 2005
1706881460, 2, 113, 368, 0, 0, 813.67%, 166, 0, 0, 2256.67, 57919, 42761, 783.20%, 2083, 2005
1706881460, 2, 121, 368, 0, 0, 813.67%, 166, 0, 0, 1850.00, 58300, 42935, 783.20%, 2083, 2005
1706881460, 2, 131, 368, 0, 0, 813.67%, 166, 0, 0, 1920.00, 58700, 43111, 783.20%, 2083, 2005
1706881461, 2, 139, 368, 0, 0, 813.67%, 166, 0, 0, 1976.67, 59107, 43297, 783.20%, 2083, 2005
1706881461, 2, 143, 368, 0, 0, 813.67%, 166, 0, 0, 2143.33, 59560, 43487, 783.20%, 2083, 2005
1706881461, 2, 149, 368, 0, 0, 813.67%, 166, 0, 0, 2000.00, 59916, 43731, 783.20%, 2083, 2005
1706881462, 2, 158, 368, 0, 0, 813.67%, 167, 0, 0, 1486.67, 60207, 43886, 783.20%, 2083, 2005
1706881462, 2, 172, 368, 0, 0, 813.67%, 169, 0, 0, 1413.33, 60425, 44092, 783.20%, 2083, 2005
1706881462, 2, 185, 368, 0, 0, 813.67%, 172, 0, 0, 1296.67, 60631, 44275, 783.20%, 2083, 2005
1706881463, 2, 192, 368, 0, 0, 813.67%, 172, 0, 0, 816.67, 60778, 44373, 783.20%, 2083, 2005
1706881463, 2, 193, 368, 0, 0, 813.67%, 172, 0, 0, 776.67, 60909, 44475, 783.20%, 2083, 2005
1706881463, 2, 193, 368, 0, 0, 813.67%, 172, 0, 0, 810.63, 61054, 44574, 783.20%, 2083, 2005
1706881463, 2, 193, 369, 0, 0, 813.67%, 172, 0, 0, 806.67, 61199, 44671, 783.59%, 2083, 2006
1706881464, 2, 194, 369, 0, 0, 813.67%, 172, 0, 0, 920.00, 61341, 44805, 783.59%, 2083, 2006
1706881464, 2, 194, 369, 0, 0, 813.67%, 172, 0, 0, 850.00, 61464, 44937, 783.59%, 2083, 2006
1706881464, 2, 196, 369, 0, 0, 813.67%, 173, 0, 0, 810.63, 61592, 45053, 783.59%, 2083, 2006
1706881465, 2, 197, 370, 0, 0, 813.67%, 173, 0, 0, 800.66, 61617, 45269, 783.59%, 2083, 2006
1706881465, 2, 200, 370, 0, 0, 813.67%, 173, 0, 0, 793.33, 61677, 45447, 783.59%, 2083, 2006
1706881465, 2, 207, 370, 0, 0, 813.67%, 173, 0, 0, 1260.00, 61839, 45663, 783.59%, 2083, 2006
1706881466, 2, 207, 370, 0, 0, 813.67%, 173, 0, 0, 783.33, 61947, 45790, 783.59%, 2083, 2006
1706881466, 2, 207, 370, 0, 0, 813.67%, 173, 0, 0, 823.33, 62049, 45935, 783.59%, 2083, 2006
1706881466, 2, 211, 370, 0, 0, 813.67%, 173, 0, 0, 856.67, 62167, 46074, 783.59%, 2083, 2006
1706881466, 2, 222, 370, 0, 0, 813.67%, 173, 0, 0, 893.33, 62288, 46221, 783.59%, 2083, 2006
1706881467, 2, 222, 370, 0, 0, 813.67%, 173, 0, 0, 516.67, 62349, 46315, 783.59%, 2083, 2006
1706881467, 2, 222, 370, 0, 0, 813.67%, 173, 0, 0, 546.67, 62419, 46409, 783.59%, 2083, 2006
1706881467, 2, 222, 370, 0, 0, 813.67%, 173, 0, 0, 546.67, 62481, 46511, 783.59%, 2083, 2006
1706881468, 2, 222, 370, 0, 0, 813.67%, 173, 0, 0, 513.25, 62557, 46590, 783.59%, 2083, 2006
1706881468, 2, 225, 371, 0, 0, 813.67%, 173, 0, 0, 581.40, 62639, 46683, 783.59%, 2083, 2006
1706881468, 2, 225, 371, 0, 0, 813.67%, 173, 0, 0, 600.00, 62726, 46776, 783.59%, 2083, 2006
1706881469, 2, 225, 371, 0, 0, 813.67%, 173, 0, 0, 617.94, 62812, 46876, 783.59%, 2083, 2006
1706881469, 2, 225, 371, 0, 0, 813.67%, 173, 0, 0, 606.67, 62899, 46971, 783.59%, 2083, 2006
1706881469, 2, 226, 371, 0, 0, 813.67%, 173, 0, 0, 573.33, 62967, 47075, 783.59%, 2083, 2006
1706881469, 2, 228, 371, 0, 0, 813.67%, 173, 0, 0, 664.45, 63060, 47182, 783.59%, 2083, 2006
1706881470, 2, 228, 371, 0, 0, 813.67%, 173, 0, 0, 614.62, 63131, 47296, 783.59%, 2083, 2006
1706881470, 2, 228, 371, 0, 0, 813.67%, 173, 0, 0, 614.62, 63225, 47387, 783.59%, 2083, 2006
1706881470, 2, 228, 371, 0, 0, 813.67%, 173, 0, 0, 630.00, 63310, 47491, 783.59%, 2083, 2006
1706881471, 2, 239, 372, 0, 0, 813.67%, 174, 0, 0, 1000.00, 63457, 47644, 783.59%, 2083, 2006
1706881471, 2, 239, 372, 0, 0, 813.67%, 174, 0, 0, 940.00, 63467, 47916, 783.59%, 2083, 2006
1706881471, 2, 241, 372, 0, 0, 813.67%, 174, 0, 0, 1223.33, 63524, 48226, 783.59%, 2083, 2006
1706881472, 2, 251, 372, 0, 0, 813.67%, 174, 0, 0, 940.20, 63622, 48411, 783.59%, 2083, 2006
1706881472, 2, 253, 372, 0, 0, 813.67%, 174, 0, 0, 823.92, 63664, 48617, 783.59%, 2083, 2006
1706881472, 2, 256, 372, 0, 0, 813.67%, 175, 0, 0, 1326.67, 63846, 48833, 783.59%, 2083, 2006
1706881472, 2, 263, 372, 0, 0, 813.67%, 175, 0, 0, 1296.67, 64108, 48960, 783.59%, 2083, 2006
1706881473, 2, 264, 372, 0, 0, 813.67%, 175, 0, 0, 561.46, 64231, 49006, 783.59%, 2083, 2006
1706881473, 2, 264, 372, 0, 0, 813.67%, 175, 0, 0, 613.33, 64354, 49067, 783.59%, 2083, 2006
1706881473, 2, 264, 372, 0, 0, 813.67%, 175, 0, 0, 671.10, 64479, 49144, 783.59%, 2083, 2006
1706881474, 2, 264, 372, 0, 0, 813.67%, 175, 0, 0, 678.81, 64609, 49219, 783.59%, 2083, 2006
1706881474, 2, 266, 372, 0, 0, 813.67%, 175, 0, 0, 893.69, 64723, 49374, 783.59%, 2083, 2006
1706881474, 2, 266, 372, 0, 0, 813.67%, 175, 0, 0, 740.86, 64810, 49510, 783.59%, 2083, 2006
1706881475, 2, 266, 372, 0, 0, 813.67%, 176, 0, 0, 869.28, 64901, 49685, 783.59%, 2083, 2006
1706881475, 2, 267, 372, 0, 0, 813.67%, 176, 0, 0, 1073.33, 64958, 49950, 783.59%, 2083, 2006
1706881475, 2, 268, 372, 0, 0, 813.67%, 176, 0, 0, 860.47, 65079, 50088, 783.59%, 2083, 2006
1706881475, 2, 268, 372, 0, 0, 813.67%, 176, 0, 0, 883.33, 65213, 50219, 783.59%, 2083, 2006
1706881476, 2, 269, 372, 0, 0, 813.67%, 176, 0, 0, 900.00, 65350, 50352, 783.59%, 2083, 2006
1706881476, 2, 275, 372, 0, 0, 813.67%, 176, 0, 0, 598.01, 65421, 50461, 783.59%, 2083, 2006
1706881476, 2, 280, 372, 0, 0, 813.67%, 176, 0, 0, 486.67, 65478, 50550, 783.59%, 2083, 2006
1706881477, 2, 285, 372, 0, 0, 813.67%, 176, 0, 0, 510.00, 65550, 50631, 783.59%, 2083, 2006
1706881477, 2, 285, 372, 0, 0, 813.67%, 176, 0, 0, 524.84, 65624, 50726, 783.59%, 2083, 2006
1706881477, 2, 285, 372, 0, 0, 813.67%, 176, 0, 0, 541.53, 65697, 50816, 783.59%, 2083, 2006
1706881478, 2, 285, 372, 0, 0, 813.67%, 176, 0, 0, 591.36, 65781, 50910, 783.59%, 2083, 2006
1706881478, 2, 285, 372, 0, 0, 813.67%, 176, 0, 0, 580.44, 65861, 51014, 783.59%, 2083, 2006
1706881478, 2, 286, 372, 0, 0, 813.67%, 176, 0, 0, 506.67, 65936, 51091, 783.59%, 2083, 2006
1706881478, 2, 286, 372, 0, 0, 813.67%, 177, 0, 0, 643.33, 66018, 51202, 783.59%, 2083, 2006
1706881479, 2, 286, 372, 0, 0, 813.67%, 177, 0, 0, 670.00, 66095, 51326, 783.59%, 2083, 2006
1706881479, 2, 286, 372, 0, 0, 813.67%, 177, 0, 0, 620.00, 66183, 51424, 783.59%, 2083, 2006
1706881479, 2, 293, 372, 0, 0, 813.67%, 177, 0, 0, 940.00, 66323, 51566, 783.59%, 2083, 2006
1706881480, 2, 295, 372, 0, 0, 813.67%, 178, 0, 0, 1636.67, 66653, 51727, 783.59%, 2083, 2006
1706881480, 2, 295, 372, 0, 0, 813.67%, 178, 0, 0, 983.33, 66806, 51869, 783.59%, 2083, 2006
1706881480, 2, 297, 373, 0, 0, 813.67%, 178, 0, 0, 877.08, 66937, 52002, 783.59%, 2083, 2006
1706881481, 2, 302, 373, 0, 0, 813.67%, 178, 0, 0, 543.33, 66986, 52116, 783.59%, 2083, 2006
1706881481, 2, 309, 373, 0, 0, 813.67%, 178, 0, 0, 1170.00, 67194, 52259, 783.59%, 2083, 2006
1706881481, 2, 309, 373, 0, 0, 813.67%, 178, 0, 0, 973.33, 67360, 52385, 783.59%, 2083, 2006
1706881481, 2, 309, 373, 0, 0, 813.67%, 179, 0, 0, 983.33, 67522, 52518, 783.59%, 2083, 2006
1706881482, 2, 313, 374, 0, 0, 813.67%, 179, 0, 0, 536.67, 67590, 52611, 783.59%, 2083, 2006
1706881482, 2, 317, 374, 0, 0, 813.67%, 179, 0, 0, 1086.09, 67804, 52725, 783.59%, 2083, 2006
1706881482, 2, 324, 375, 0, 0, 813.67%, 179, 0, 0, 840.00, 67938, 52843, 785.16%, 2083, 2010
1706881483, 2, 325, 375, 0, 0, 813.67%, 179, 0, 0, 1090.00, 68154, 52954, 785.16%, 2083, 2010
1706881483, 2, 325, 375, 0, 0, 813.67%, 179, 0, 0, 850.00, 68319, 53044, 785.16%, 2083, 2010
1706881483, 2, 327, 375, 0, 0, 813.67%, 179, 0, 0, 1140.00, 68538, 53167, 785.16%, 2083, 2010
1706881484, 2, 333, 375, 0, 0, 813.67%, 179, 0, 0, 2116.67, 68923, 53417, 785.16%, 2083, 2010
1706881484, 2, 335, 375, 0, 0, 813.67%, 179, 0, 0, 1543.33, 69217, 53586, 785.16%, 2083, 2010
1706881484, 2, 338, 375, 0, 0, 813.67%, 179, 0, 0, 800.00, 69308, 53735, 785.16%, 2083, 2010
1706881484, 2, 342, 375, 0, 0, 813.67%, 179, 0, 0, 756.67, 69387, 53883, 785.16%, 2083, 2010
1706881485, 2, 343, 375, 0, 0, 813.67%, 179, 0, 0, 840.53, 69498, 54025, 785.16%, 2083, 2010
1706881485, 2, 347, 376, 0, 0, 813.67%, 180, 0, 0, 534.88, 69574, 54110, 785.16%, 2083, 2010
1706881485, 2, 352, 376, 0, 0, 813.67%, 180, 0, 0, 1176.66, 69767, 54290, 785.16%, 2083, 2010
1706881486, 2, 356, 377, 0, 0, 813.67%, 182, 0, 0, 539.47, 69825, 54396, 785.16%, 2083, 2010
1706881486, 2, 361, 377, 0, 0, 813.67%, 182, 0, 0, 511.63, 69900, 54475, 785.16%, 2083, 2010
1706881486, 2, 365, 380, 0, 0, 813.67%, 182, 0, 0, 486.67, 69959, 54562, 785.16%, 2083, 2010
1706881487, 2, 368, 381, 0, 0, 813.67%, 182, 0, 0, 973.42, 70106, 54708, 785.16%, 2083, 2010
1706881487, 2, 368, 381, 0, 0, 813.67%, 182, 0, 0, 973.33, 70248, 54858, 785.16%, 2083, 2010
1706881487, 2, 373, 381, 0, 0, 813.67%, 182, 0, 0, 917.22, 70382, 55001, 785.16%, 2083, 2010
1706881488, 2, 374, 381, 0, 0, 813.67%, 182, 0, 0, 833.33, 70466, 55167, 785.16%, 2083, 2010
1706881488, 2, 374, 381, 0, 0, 813.67%, 182, 0, 0, 810.00, 70554, 55322, 785.16%, 2083, 2010
1706881488, 2, 374, 381, 0, 0, 813.67%, 182, 0, 0, 913.62, 70648, 55503, 785.16%, 2083, 2010
1706881488, 2, 379, 381, 0, 0, 813.67%, 182, 0, 0, 523.33, 70702, 55606, 785.16%, 2083, 2010
1706881489, 3, 0, 383, 0, 0, 813.67%, 182, 0, 0, 1766.67, 71085, 55753, 785.16%, 2083, 2010
1706881489, 3, 3, 383, 0, 0, 813.67%, 182, 0, 0, 2286.67, 71640, 55884, 785.16%, 2083, 2010
1706881489, 3, 7, 383, 0, 0, 813.67%, 182, 0, 0, 1860.00, 71937, 56145, 785.16%, 2083, 2010
1706881490, 3, 10, 383, 0, 0, 813.67%, 182, 0, 0, 2406.67, 72511, 56293, 785.16%, 2083, 2010
1706881490, 3, 14, 383, 0, 0, 813.67%, 182, 0, 0, 2523.33, 73048, 56513, 785.16%, 2083, 2010
1706881490, 3, 19, 383, 0, 0, 813.67%, 182, 0, 0, 2536.67, 73608, 56714, 785.16%, 2083, 2010
1706881491, 3, 20, 383, 0, 0, 813.67%, 182, 0, 0, 1630.00, 73967, 56844, 785.16%, 2083, 2010
1706881491, 3, 22, 383, 0, 0, 813.67%, 183, 0, 0, 1900.00, 74331, 57050, 785.16%, 2083, 2010
1706881491, 3, 23, 383, 0, 0, 813.67%, 185, 0, 0, 1570.00, 74482, 57370, 785.16%, 2083, 2010
1706881491, 3, 27, 383, 0, 0, 813.67%, 185, 0, 0, 2353.33, 75009, 57549, 785.16%, 2083, 2010
1706881492, 3, 30, 383, 0, 0, 813.67%, 185, 0, 0, 2423.33, 75489, 57796, 785.16%, 2083, 2010
1706881492, 3, 31, 383, 0, 0, 813.67%, 185, 0, 0, 1250.00, 75748, 57912, 785.16%, 2083, 2010
1706881492, 3, 31, 383, 0, 0, 813.67%, 185, 0, 0, 996.67, 75923, 58036, 785.16%, 2083, 2010
1706881493, 3, 33, 383, 0, 0, 813.67%, 185, 0, 0, 1658.94, 76284, 58176, 785.16%, 2083, 2010
1706881493, 3, 36, 383, 0, 0, 813.67%, 185, 0, 0, 1843.33, 76662, 58351, 785.16%, 2083, 2010
1706881493, 3, 41, 383, 0, 0, 813.67%, 185, 0, 0, 1667.77, 76992, 58523, 785.16%, 2083, 2010
1706881494, 3, 41, 383, 0, 0, 813.67%, 185, 0, 0, 853.33, 77148, 58623, 785.16%, 2083, 2010
1706881494, 3, 41, 383, 0, 0, 813.67%, 185, 0, 0, 760.80, 77292, 58708, 785.16%, 2083, 2010
1706881494, 3, 42, 383, 0, 0, 813.67%, 185, 0, 0, 1146.67, 77361, 58983, 785.16%, 2083, 2010
1706881494, 3, 53, 383, 0, 0, 813.67%, 185, 0, 0, 1960.00, 77736, 59196, 785.16%, 2083, 2010
1706881495, 3, 59, 383, 0, 0, 813.67%, 185, 0, 0, 2190.00, 78174, 59415, 785.16%, 2083, 2010
1706881495, 3, 63, 383, 0, 0, 813.67%, 185, 0, 0, 2106.67, 78626, 59595, 785.16%, 2083, 2010
1706881495, 3, 69, 383, 0, 0, 813.67%, 185, 0, 0, 2340.00, 79052, 59871, 785.16%, 2083, 2010
1706881496, 3, 71, 383, 0, 0, 813.67%, 185, 0, 0, 1673.33, 79411, 60014, 785.16%, 2083, 2010
1706881496, 3, 71, 383, 0, 0, 813.67%, 185, 0, 0, 819.08, 79538, 60136, 785.16%, 2083, 2010
1706881496, 3, 71, 383, 0, 0, 813.67%, 185, 0, 0, 816.67, 79670, 60249, 785.16%, 2083, 2010
1706881497, 3, 73, 383, 0, 0, 813.67%, 185, 0, 0, 1750.00, 80038, 60406, 785.16%, 2083, 2010
1706881497, 3, 74, 383, 0, 0, 813.67%, 185, 0, 0, 1483.33, 80287, 60602, 785.16%, 2083, 2010
1706881497, 3, 78, 383, 0, 0, 813.67%, 186, 0, 0, 1796.67, 80663, 60765, 785.16%, 2083, 2010
1706881497, 3, 89, 383, 0, 0, 813.67%, 186, 0, 0, 1903.33, 81024, 60975, 785.16%, 2083, 2010
1706881498, 3, 91, 383, 0, 0, 813.67%, 187, 0, 0, 1273.33, 81135, 61246, 785.16%, 2083, 2010
1706881498, 3, 96, 383, 0, 0, 813.67%, 188, 0, 0, 1480.00, 81312, 61513, 785.16%, 2083, 2010
1706881498, 3, 97, 383, 0, 0, 813.67%, 188, 0, 0, 1856.67, 81617, 61765, 785.16%, 2083, 2010
1706881499, 3, 101, 383, 0, 0, 813.67%, 188, 0, 0, 1350.00, 81768, 62019, 785.16%, 2083, 2010
1706881499, 3, 103, 383, 0, 0, 813.67%, 188, 0, 0, 1356.67, 81923, 62271, 785.16%, 2083, 2010
1706881499, 3, 109, 383, 0, 0, 813.67%, 188, 0, 0, 1753.33, 82284, 62436, 785.16%, 2083, 2010
1706881500, 3, 116, 383, 0, 0, 813.67%, 188, 0, 0, 1923.33, 82669, 62628, 785.16%, 2083, 2010
1706881500, 3, 125, 383, 0, 0, 813.67%, 188, 0, 0, 1946.67, 83042, 62839, 785.16%, 2083, 2010
1706881500, 3, 133, 383, 0, 0, 813.67%, 188, 0, 0, 2363.33, 83583, 63007, 785.16%, 2083, 2010
1706881500, 3, 140, 383, 0, 0, 813.67%, 188, 0, 0, 2193.33, 84082, 63166, 785.16%, 2083, 2010
1706881501, 3, 146, 383, 0, 0, 813.67%, 188, 0, 0, 2376.67, 84526, 63435, 785.16%, 2083, 2010
1706881501, 3, 155, 383, 0, 0, 813.67%, 188, 0, 0, 1753.33, 84901, 63586, 785.16%, 2083, 2010
1706881501, 3, 170, 383, 0, 0, 813.67%, 188, 0, 0, 1186.67, 85064, 63779, 785.16%, 2083, 2010
1706881502, 3, 182, 383, 0, 0, 813.67%, 189, 0, 0, 1610.00, 85301, 64025, 785.16%, 2083, 2010
1706881502, 3, 190, 383, 0, 0, 813.67%, 190, 0, 0, 780.73, 85431, 64130, 785.16%, 2083, 2010
1706881502, 3, 193, 383, 0, 0, 813.67%, 190, 0, 0, 816.67, 85575, 64231, 785.16%, 2083, 2010
1706881503, 3, 193, 383, 0, 0, 813.67%, 190, 0, 0, 843.85, 85723, 64337, 785.16%, 2083, 2010
1706881503, 3, 193, 383, 0, 0, 813.67%, 190, 0, 0, 830.56, 85873, 64437, 785.16%, 2083, 2010
1706881503, 3, 194, 383, 0, 0, 813.67%, 190, 0, 0, 860.00, 86019, 64549, 785.16%, 2083, 2010
1706881503, 3, 194, 383, 0, 0, 813.67%, 190, 0, 0, 993.33, 86165, 64701, 785.16%, 2083, 2010
1706881504, 3, 196, 383, 0, 0, 813.67%, 190, 0, 0, 903.65, 86313, 64825, 785.16%, 2083, 2010
1706881504, 3, 197, 383, 0, 0, 813.67%, 190, 0, 0, 726.67, 86324, 65032, 785.16%, 2083, 2010
1706881504, 3, 199, 383, 0, 0, 813.67%, 190, 0, 0, 730.00, 86357, 65218, 785.16%, 2083, 2010
1706881505, 3, 207, 383, 0, 0, 813.67%, 190, 0, 0, 1380.00, 86547, 65442, 785.16%, 2083, 2010
1706881505, 3, 207, 383, 0, 0, 813.67%, 190, 0, 0, 876.67, 86654, 65598, 785.16%, 2083, 2010
1706881505, 3, 207, 383, 0, 0, 813.67%, 190, 0, 0, 826.67, 86757, 65743, 785.16%, 2083, 2010
1706881506, 3, 213, 383, 0, 0, 813.67%, 190, 0, 0, 893.33, 86873, 65895, 785.16%, 2083, 2010
1706881506, 3, 222, 384, 0, 0, 813.67%, 190, 0, 0, 806.67, 86982, 66028, 785.16%, 2083, 2010
1706881506, 3, 222, 384, 0, 0, 813.67%, 190, 0, 0, 518.27, 87061, 66105, 785.16%, 2083, 2010
1706881506, 3, 222, 384, 0, 0, 813.67%, 190, 0, 0, 546.67, 87131, 66199, 785.16%, 2083, 2010
1706881507, 3, 222, 384, 0, 0, 813.67%, 190, 0, 0, 529.80, 87202, 66288, 785.16%, 2083, 2010
1706881507, 3, 222, 384, 0, 0, 813.67%, 190, 0, 0, 526.67, 87270, 66378, 785.16%, 2083, 2010
1706881507, 3, 225, 384, 0, 0, 813.67%, 190, 0, 0, 646.67, 87346, 66496, 785.16%, 2083, 2010
1706881508, 3, 225, 384, 0, 0, 813.67%, 190, 0, 0, 576.67, 87431, 66584, 785.16%, 2083, 2010
1706881508, 3, 225, 384, 0, 0, 813.67%, 190, 0, 0, 601.33, 87523, 66673, 785.16%, 2083, 2010
1706881508, 3, 225, 384, 0, 0, 813.67%, 190, 0, 0, 630.00, 87607, 66778, 785.16%, 2083, 2010
1706881509, 3, 228, 384, 0, 0, 813.67%, 191, 0, 0, 710.96, 87700, 66899, 785.16%, 2083, 2010
1706881509, 3, 228, 384, 0, 0, 813.67%, 191, 0, 0, 614.62, 87779, 67005, 785.16%, 2083, 2010
1706881509, 3, 228, 384, 0, 0, 813.67%, 191, 0, 0, 646.67, 87863, 67115, 785.16%, 2083, 2010
1706881509, 3, 228, 384, 0, 0, 813.67%, 191, 0, 0, 646.67, 87955, 67217, 785.16%, 2083, 2010
1706881510, 3, 232, 384, 0, 0, 813.67%, 191, 0, 0, 760.00, 88060, 67340, 785.16%, 2083, 2010
1706881510, 3, 239, 384, 0, 0, 813.67%, 191, 0, 0, 906.98, 88164, 67509, 785.16%, 2083, 2010
1706881510, 3, 240, 384, 0, 0, 813.67%, 191, 0, 0, 926.67, 88178, 67773, 785.16%, 2083, 2010
1706881511, 3, 245, 384, 0, 0, 813.67%, 192, 0, 0, 1243.33, 88238, 68086, 785.16%, 2083, 2010
1706881511, 3, 253, 384, 0, 0, 813.67%, 192, 0, 0, 863.79, 88349, 68235, 785.16%, 2083, 2010
1706881511, 3, 253, 384, 0, 0, 813.67%, 192, 0, 0, 793.33, 88373, 68449, 785.16%, 2083, 2010
1706881512, 3, 258, 384, 0, 0, 813.67%, 192, 0, 0, 1322.26, 88596, 68624, 785.16%, 2083, 2010
1706881512, 3, 264, 385, 0, 0, 813.67%, 192, 0, 0, 1242.52, 88854, 68740, 785.16%, 2083, 2010
1706881512, 3, 264, 385, 0, 0, 813.67%, 192, 0, 0, 673.33, 88996, 68800, 785.16%, 2083, 2010
1706881512, 3, 264, 385, 0, 0, 813.67%, 192, 0, 0, 568.11, 89114, 68853, 785.16%, 2083, 2010
1706881513, 3, 264, 385, 0, 0, 813.67%, 192, 0, 0, 697.67, 89255, 68922, 785.16%, 2083, 2010
1706881513, 3, 266, 385, 0, 0, 813.67%, 192, 0, 0, 736.67, 89405, 68993, 785.16%, 2083, 2010
1706881513, 3, 266, 385, 0, 0, 813.67%, 192, 0, 0, 963.33, 89533, 69154, 785.16%, 2083, 2010
1706881514, 3, 266, 385, 0, 0, 813.67%, 192, 0, 0, 973.33, 89647, 69332, 785.16%, 2083, 2010
1706881514, 3, 267, 385, 0, 0, 813.67%, 193, 0, 0, 1046.67, 89727, 69566, 785.16%, 2083, 2010
1706881514, 3, 268, 385, 0, 0, 813.67%, 193, 0, 0, 906.98, 89817, 69749, 785.16%, 2083, 2010
1706881515, 3, 268, 385, 0, 0, 813.67%, 193, 0, 0, 930.00, 89966, 69879, 785.16%, 2083, 2010
1706881515, 3, 268, 385, 0, 0, 813.67%, 193, 0, 0, 950.00, 90120, 70010, 785.16%, 2083, 2010
1706881515, 3, 274, 385, 0, 0, 813.67%, 193, 0, 0, 676.67, 90199, 70134, 785.16%, 2083, 2010
1706881515, 3, 280, 385, 0, 0, 813.67%, 193, 0, 0, 536.67, 90250, 70244, 785.16%, 2083, 2010
1706881516, 3, 285, 385, 0, 0, 813.67%, 194, 0, 0, 571.43, 90305, 70361, 785.16%, 2083, 2010
1706881516, 3, 285, 385, 0, 0, 813.67%, 194, 0, 0, 614.62, 90386, 70465, 785.16%, 2083, 2010
1706881516, 3, 285, 385, 0, 0, 813.67%, 196, 0, 0, 603.33, 90473, 70559, 785.16%, 2083, 2010
1706881517, 3, 285, 385, 0, 0, 813.67%, 196, 0, 0, 643.33, 90549, 70676, 785.16%, 2083, 2010
1706881517, 3, 286, 385, 0, 0, 813.67%, 196, 0, 0, 650.00, 90625, 70795, 785.16%, 2083, 2010
1706881517, 3, 286, 385, 0, 0, 813.67%, 196, 0, 0, 650.00, 90707, 70908, 785.16%, 2083, 2010
1706881518, 3, 286, 385, 0, 0, 813.67%, 196, 0, 0, 646.67, 90800, 71009, 785.16%, 2083, 2010
1706881518, 3, 286, 385, 0, 0, 813.67%, 196, 0, 0, 663.33, 90886, 71122, 785.16%, 2083, 2010
1706881518, 3, 291, 385, 0, 0, 813.67%, 196, 0, 0, 667.77, 90963, 71246, 785.16%, 2083, 2010
1706881518, 3, 295, 386, 0, 0, 813.67%, 196, 0, 0, 1693.33, 91301, 71416, 785.16%, 2083, 2010
1706881519, 3, 295, 386, 0, 0, 813.67%, 196, 0, 0, 869.28, 91434, 71549, 785.16%, 2083, 2010
1706881519, 3, 295, 386, 0, 0, 813.67%, 196, 0, 0, 873.75, 91574, 71672, 785.16%, 2083, 2010
1706881519, 3, 298, 387, 0, 0, 813.67%, 196, 0, 0, 687.71, 91668, 71785, 785.16%, 2083, 2010
1706881520, 3, 303, 387, 0, 0, 813.67%, 196, 0, 0, 504.98, 91728, 71877, 785.16%, 2083, 2010
1706881520, 3, 309, 387, 0, 0, 813.67%, 196, 0, 0, 1133.33, 91930, 72015, 785.16%, 2083, 2010
1706881520, 3, 309, 387, 0, 0, 813.67%, 196, 0, 0, 943.33, 92084, 72144, 785.16%, 2083, 2010
1706881521, 3, 309, 387, 0, 0, 813.67%, 196, 0, 0, 906.67, 92226, 72274, 785.16%, 2083, 2010
1706881521, 3, 312, 389, 0, 0, 813.67%, 196, 0, 0, 531.56, 92307, 72353, 785.16%, 2083, 2010
1706881521, 3, 317, 389, 0, 0, 813.67%, 196, 0, 0, 1133.33, 92528, 72472, 785.16%, 2083, 2010
1706881521, 3, 324, 389, 0, 0, 813.67%, 196, 0, 0, 686.67, 92638, 72568, 785.16%, 2083, 2010
1706881522, 3, 325, 389, 0, 0, 813.67%, 196, 0, 0, 1233.33, 92864, 72712, 785.16%, 2083, 2010
1706881522, 3, 325, 389, 0, 0, 813.67%, 196, 0, 0, 877.08, 93027, 72813, 785.16%, 2083, 2010
1706881522, 3, 327, 389, 0, 0, 813.67%, 196, 0, 0, 872.55, 93189, 72918, 785.16%, 2083, 2010
1706881523, 3, 330, 389, 0, 0, 813.67%, 196, 0, 0, 2106.67, 93600, 73139, 785.16%, 2083, 2010
1706881523, 3, 335, 389, 0, 0, 813.67%, 196, 0, 0, 1583.33, 93892, 73322, 785.16%, 2083, 2010
1706881523, 3, 337, 389, 0, 0, 813.67%, 196, 0, 0, 940.20, 93994, 73503, 785.16%, 2083, 2010
1706881524, 3, 342, 389, 0, 0, 813.67%, 196, 0, 0, 684.39, 94067, 73636, 785.16%, 2083, 2010
1706881524, 3, 342, 389, 0, 0, 813.67%, 196, 0, 0, 793.33, 94177, 73764, 785.16%, 2083, 2010
1706881524, 3, 346, 389, 0, 0, 813.67%, 196, 0, 0, 562.91, 94250, 73861, 785.16%, 2083, 2010
1706881524, 3, 350, 389, 0, 0, 813.67%, 196, 0, 0, 560.00, 94339, 73940, 785.16%, 2083, 2010
1706881525, 3, 355, 389, 0, 0, 813.67%, 197, 0, 0, 1236.67, 94514, 74136, 785.16%, 2083, 2010
1706881525, 3, 360, 389, 0, 0, 813.67%, 197, 0, 0, 553.33, 94579, 74237, 785.16%, 2083, 2010
1706881525, 3, 360, 389, 0, 0, 813.67%, 197, 0, 0, 351.35, 94583, 74246, 785.16%, 2083, 2010
