# unix_time, cycles_done, cur_path, paths_total, pending_total, pending_favs, map_size, unique_crashes, unique_hangs, max_depth, execs_per_sec, valid_inputs, invalid_inputs, valid_cov, all_covered_probes, valid_covered_probes
1706881086, 0, 0, 1, 0, 0, 326.56%, 0, 0, 0, 0.26, 1, 0, 326.56%, 836, 836
1706881086, 0, 0, 18, 0, 0, 603.91%, 4, 0, 0, 97.72, 25, 6, 603.91%, 1546, 1546
1706881087, 0, 0, 26, 0, 0, 696.09%, 7, 0, 0, 122.19, 55, 14, 696.09%, 1782, 1782
1706881087, 0, 0, 42, 0, 0, 716.41%, 9, 0, 0, 360.00, 154, 23, 716.41%, 1834, 1834
1706881087, 0, 0, 50, 0, 0, 719.14%, 11, 0, 0, 351.35, 267, 40, 719.14%, 1841, 1841
1706881088, 0, 0, 54, 0, 0, 719.14%, 14, 0, 0, 176.47, 324, 52, 719.14%, 1841, 1841
1706881088, 0, 1, 58, 0, 0, 719.14%, 15, 0, 0, 278.73, 421, 69, 719.14%, 1841, 1841
1706881089, 0, 1, 62, 0, 0, 719.14%, 18, 0, 0, 382.53, 528, 89, 719.14%, 1841, 1841
1706881089, 0, 1, 69, 0, 0, 719.14%, 19, 0, 0, 302.59, 622, 100, 719.14%, 1841, 1841
1706881089, 0, 3, 75, 0, 0, 719.14%, 20, 0, 0, 423.08, 740, 114, 719.14%, 1841, 1841
1706881089, 0, 3, 75, 0, 0, 719.14%, 20, 0, 0, 551.50, 901, 119, 719.14%, 1841, 1841
1706881090, 0, 4, 77, 0, 0, 719.14%, 20, 0, 0, 368.77, 1001, 130, 719.14%, 1841, 1841
1706881090, 0, 4, 81, 0, 0, 719.53%, 22, 0, 0, 366.67, 1097, 144, 719.53%, 1842, 1842
1706881090, 0, 4, 83, 0, 0, 720.70%, 25, 0, 0, 484.08, 1228, 165, 720.70%, 1845, 1845
1706881091, 0, 5, 86, 0, 0, 720.70%, 26, 0, 0, 294.70, 1305, 177, 720.70%, 1845, 1845
1706881091, 0, 5, 88, 0, 0, 720.70%, 26, 0, 0, 232.42, 1366, 192, 720.70%, 1845, 1845
1706881092, 0, 5, 88, 0, 0, 720.70%, 27, 0, 0, 10.53, 1370, 194, 720.70%, 1845, 1845
1706881092, 0, 5, 88, 0, 0, 720.70%, 28, 0, 0, 111.98, 1409, 198, 720.70%, 1845, 1845
1706881092, 0, 5, 89, 0, 0, 720.70%, 29, 0, 0, 440.00, 1524, 215, 720.70%, 1845, 1845
1706881093, 0, 6, 89, 0, 0, 720.70%, 29, 0, 0, 441.86, 1636, 236, 720.70%, 1845, 1845
1706881093, 0, 6, 91, 0, 0, 720.70%, 29, 0, 0, 209.30, 1685, 250, 720.70%, 1845, 1845
1706881093, 0, 7, 91, 0, 0, 720.70%, 29, 0, 0, 365.04, 1799, 278, 720.70%, 1845, 1845
1706881094, 0, 7, 92, 0, 0, 720.70%, 29, 0, 0, 276.32, 1853, 308, 720.70%, 1845, 1845
1706881094, 0, 7, 93, 0, 0, 720.70%, 29, 0, 0, 290.43, 1919, 330, 720.70%, 1845, 1845
1706881094, 0, 8, 96, 0, 0, 720.70%, 29, 0, 0, 496.79, 2054, 350, 720.70%, 1845, 1845
1706881094, 0, 8, 96, 0, 0, 720.70%, 29, 0, 0, 483.97, 2184, 371, 720.70%, 1845, 1845
1706881095, 0, 10, 98, 0, 0, 720.70%, 29, 0, 0, 603.33, 2340, 396, 720.70%, 1845, 1845
1706881095, 0, 10, 98, 0, 0, 720.70%, 29, 0, 0, 145.16, 2382, 408, 720.70%, 1845, 1845
1706881095, 0, 10, 98, 0, 0, 720.70%, 29, 0, 0, 375.00, 2480, 427, 720.70%, 1845, 1845
1706881096, 0, 11, 98, 0, 0, 720.70%, 29, 0, 0, 583.87, 2624, 464, 720.70%, 1845, 1845
1706881096, 0, 11, 99, 0, 0, 720.70%, 29, 0, 0, 321.43, 2719, 477, 720.70%, 1845, 1845
1706881096, 0, 12, 100, 0, 0, 720.70%, 29, 0, 0, 562.11, 2875, 502, 720.70%, 1845, 1845
1706881097, 0, 12, 100, 0, 0, 720.70%, 29, 0, 0, 646.67, 3063, 508, 720.70%, 1845, 1845
1706881097, 0, 13, 102, 0, 0, 720.70%, 29, 0, 0, 689.32, 3248, 536, 720.70%, 1845, 1845
1706881097, 0, 14, 103, 0, 0, 720.70%, 30, 0, 0, 931.82, 3489, 582, 720.70%, 1845, 1845
1706881098, 0, 18, 106, 0, 0, 720.70%, 30, 0, 0, 980.00, 3758, 607, 720.70%, 1845, 1845
1706881098, 0, 19, 112, 0, 0, 720.70%, 31, 0, 0, 236.67, 3805, 631, 720.70%, 1845, 1845
1706881098, 0, 19, 116, 0, 0, 720.70%, 31, 0, 0, 189.76, 3851, 648, 720.70%, 1845, 1845
1706881099, 0, 19, 120, 0, 0, 720.70%, 31, 0, 0, 193.85, 3888, 674, 720.70%, 1845, 1845
1706881099, 0, 19, 120, 0, 0, 720.70%, 31, 0, 0, 316.67, 3957, 700, 720.70%, 1845, 1845
1706881099, 0, 19, 124, 0, 0, 720.70%, 31, 0, 0, 208.45, 4012, 719, 720.70%, 1845, 1845
1706881100, 0, 19, 126, 0, 0, 720.70%, 31, 0, 0, 253.33, 4064, 743, 720.70%, 1845, 1845
1706881100, 0, 19, 127, 0, 0, 720.70%, 31, 0, 0, 430.00, 4162, 774, 720.70%, 1845, 1845
1706881100, 0, 19, 128, 0, 0, 720.70%, 31, 0, 0, 240.00, 4220, 788, 720.70%, 1845, 1845
1706881100, 0, 25, 129, 0, 0, 720.70%, 31, 0, 0, 686.67, 4395, 819, 720.70%, 1845, 1845
1706881101, 0, 25, 130, 0, 0, 720.70%, 31, 0, 0, 603.33, 4542, 853, 720.70%, 1845, 1845
1706881101, 0, 30, 132, 0, 0, 720.70%, 32, 0, 0, 535.14, 4709, 884, 720.70%, 1845, 1845
1706881102, 0, 30, 133, 0, 0, 720.70%, 32, 0, 0, 210.25, 4801, 911, 720.70%, 1845, 1845
1706881102, 0, 30, 134, 0, 0, 720.70%, 32, 0, 0, 63.39, 4823, 920, 720.70%, 1845, 1845
1706881103, 0, 32, 135, 0, 0, 720.70%, 33, 0, 0, 973.33, 5085, 950, 720.70%, 1845, 1845
1706881103, 0, 34, 137, 0, 0, 720.70%, 33, 0, 0, 1350.00, 5430, 1010, 720.70%, 1845, 1845
1706881103, 0, 39, 140, 0, 0, 720.70%, 35, 0, 0, 498.34, 5538, 1052, 720.70%, 1845, 1845
1706881103, 0, 39, 142, 0, 0, 720.70%, 36, 0, 0, 207.83, 5577, 1082, 720.70%, 1845, 1845
1706881104, 0, 39, 143, 0, 0, 720.70%, 38, 0, 0, 378.74, 5637, 1136, 720.70%, 1845, 1845
1706881104, 0, 39, 143, 0, 0, 720.70%, 39, 0, 0, 311.29, 5682, 1204, 720.70%, 1845, 1845
1706881104, 0, 39, 143, 0, 0, 720.70%, 40, 0, 0, 192.51, 5717, 1241, 720.70%, 1845, 1845
1706881105, 0, 39, 144, 0, 0, 720.70%, 40, 0, 0, 236.67, 5750, 1279, 720.70%, 1845, 1845
1706881105, 0, 39, 146, 0, 0, 720.70%, 42, 0, 0, 425.87, 5827, 1337, 720.70%, 1845, 1845
1706881105, 0, 39, 146, 0, 0, 720.70%, 42, 0, 0, 446.67, 5895, 1403, 720.70%, 1845, 1845
1706881106, 0, 45, 147, 0, 0, 720.70%, 42, 0, 0, 349.67, 5979, 1426, 720.70%, 1845, 1845
1706881106, 0, 45, 147, 0, 0, 720.70%, 42, 0, 0, 387.36, 6089, 1457, 720.70%, 1845, 1845
1706881106, 0, 45, 148, 0, 0, 720.70%, 42, 0, 0, 243.33, 6142, 1477, 720.70%, 1845, 1845
1706881107, 0, 45, 149, 0, 0, 720.70%, 42, 0, 0, 453.33, 6237, 1518, 720.70%, 1845, 1845
1706881107, 0, 45, 150, 0, 0, 720.70%, 43, 0, 0, 310.34, 6316, 1538, 720.70%, 1845, 1845
1706881107, 0, 45, 150, 0, 0, 720.70%, 43, 0, 0, 253.33, 6372, 1558, 720.70%, 1845, 1845
1706881108, 0, 45, 150, 0, 0, 720.70%, 44, 0, 0, 284.99, 6458, 1584, 720.70%, 1845, 1845
1706881108, 0, 46, 150, 0, 0, 720.70%, 44, 0, 0, 330.19, 6538, 1609, 720.70%, 1845, 1845
1706881108, 0, 46, 156, 0, 0, 720.70%, 44, 0, 0, 373.33, 6613, 1646, 720.70%, 1845, 1845
1706881109, 0, 46, 157, 0, 0, 720.70%, 44, 0, 0, 250.00, 6663, 1671, 720.70%, 1845, 1845
1706881109, 0, 46, 161, 0, 0, 720.70%, 45, 0, 0, 330.00, 6739, 1694, 720.70%, 1845, 1845
1706881109, 0, 46, 161, 0, 0, 720.70%, 46, 0, 0, 380.00, 6812, 1735, 720.70%, 1845, 1845
1706881109, 0, 46, 161, 0, 0, 720.70%, 46, 0, 0, 500.00, 6913, 1784, 720.70%, 1845, 1845
1706881110, 0, 46, 162, 0, 0, 720.70%, 46, 0, 0, 346.15, 6978, 1827, 720.70%, 1845, 1845
1706881110, 0, 46, 165, 0, 0, 720.70%, 46, 0, 0, 376.62, 7059, 1862, 720.70%, 1845, 1845
1706881110, 0, 49, 166, 0, 0, 720.70%, 48, 0, 0, 565.36, 7166, 1928, 720.70%, 1845, 1845
1706881111, 0, 49, 167, 0, 0, 720.70%, 50, 0, 0, 590.77, 7260, 2026, 720.70%, 1845, 1845
1706881111, 0, 49, 169, 0, 0, 720.70%, 51, 0, 0, 860.00, 7405, 2139, 720.70%, 1845, 1845
1706881111, 0, 49, 169, 0, 0, 720.70%, 51, 0, 0, 530.00, 7485, 2218, 720.70%, 1845, 1845
1706881112, 0, 56, 172, 0, 0, 720.70%, 51, 0, 0, 699.39, 7636, 2295, 720.70%, 1845, 1845
1706881112, 0, 63, 172, 0, 0, 720.70%, 52, 0, 0, 665.57, 7791, 2343, 720.70%, 1845, 1845
1706881112, 0, 70, 173, 0, 0, 720.70%, 53, 0, 0, 690.55, 7942, 2404, 720.70%, 1845, 1845
1706881113, 0, 76, 175, 0, 0, 720.70%, 54, 0, 0, 533.33, 8055, 2451, 720.70%, 1845, 1845
1706881113, 0, 80, 175, 0, 0, 720.70%, 57, 0, 0, 602.61, 8172, 2519, 720.70%, 1845, 1845
1706881113, 0, 80, 177, 0, 0, 720.70%, 58, 0, 0, 743.33, 8317, 2597, 720.70%, 1845, 1845
1706881113, 0, 80, 177, 0, 0, 720.70%, 59, 0, 0, 417.48, 8402, 2641, 720.70%, 1845, 1845
1706881114, 0, 80, 177, 0, 0, 720.70%, 59, 0, 0, 246.91, 8450, 2673, 720.70%, 1845, 1845
1706881114, 0, 80, 177, 0, 0, 720.70%, 59, 0, 0, 630.00, 8557, 2755, 720.70%, 1845, 1845
1706881114, 0, 83, 177, 0, 0, 720.70%, 61, 0, 0, 1431.82, 8896, 2857, 720.70%, 1845, 1845
1706881115, 0, 86, 178, 0, 0, 720.70%, 61, 0, 0, 476.67, 8986, 2910, 720.70%, 1845, 1845
1706881115, 0, 91, 179, 0, 0, 720.70%, 61, 0, 0, 673.33, 9106, 2992, 720.70%, 1845, 1845
1706881115, 0, 98, 179, 0, 0, 720.70%, 61, 0, 0, 820.00, 9241, 3103, 720.70%, 1845, 1845
1706881116, 0, 106, 180, 0, 0, 720.70%, 65, 0, 0, 900.00, 9419, 3195, 720.70%, 1845, 1845
1706881116, 0, 112, 180, 0, 0, 720.70%, 65, 0, 0, 696.67, 9553, 3270, 720.70%, 1845, 1845
1706881116, 0, 115, 180, 0, 0, 720.70%, 65, 0, 0, 336.67, 9626, 3298, 720.70%, 1845, 1845
1706881117, 0, 119, 180, 0, 0, 720.70%, 66, 0, 0, 573.33, 9742, 3354, 720.70%, 1845, 1845
1706881117, 0, 125, 181, 0, 0, 720.70%, 69, 0, 0, 657.89, 9881, 3415, 720.70%, 1845, 1845
1706881117, 0, 131, 183, 0, 0, 720.70%, 70, 0, 0, 813.33, 10023, 3517, 720.70%, 1845, 1845
1706881117, 0, 139, 184, 0, 0, 720.70%, 73, 0, 0, 986.71, 10208, 3629, 720.70%, 1845, 1845
1706881118, 0, 144, 185, 0, 0, 720.70%, 77, 0, 0, 603.28, 10306, 3715, 720.70%, 1845, 1845
1706881118, 0, 148, 187, 0, 0, 721.09%, 77, 0, 0, 513.33, 10391, 3784, 721.09%, 1846, 1846
1706881118, 0, 152, 189, 0, 0, 721.09%, 77, 0, 0, 498.34, 10482, 3843, 721.09%, 1846, 1846
1706881119, 0, 156, 191, 0, 0, 721.09%, 77, 0, 0, 557.38, 10588, 3907, 721.09%, 1846, 1846
1706881119, 0, 160, 195, 0, 0, 723.83%, 78, 0, 0, 483.33, 10675, 3965, 723.83%, 1853, 1853
1706881119, 0, 164, 200, 0, 0, 726.17%, 78, 0, 0, 633.33, 10804, 4026, 726.17%, 1859, 1859
1706881120, 0, 173, 203, 0, 0, 726.17%, 78, 0, 0, 1013.29, 10993, 4142, 726.17%, 1859, 1859
1706881120, 0, 179, 206, 0, 0, 726.17%, 78, 0, 0, 746.67, 11112, 4247, 726.17%, 1859, 1859
1706881120, 0, 185, 207, 0, 0, 726.17%, 81, 0, 0, 797.34, 11248, 4351, 726.17%, 1859, 1859
1706881120, 0, 186, 210, 0, 0, 726.56%, 81, 0, 0, 700.00, 11356, 4453, 726.56%, 1860, 1860
1706881121, 0, 186, 211, 0, 0, 726.56%, 81, 0, 0, 620.00, 11455, 4540, 726.56%, 1860, 1860
1706881121, 0, 186, 212, 0, 0, 726.95%, 81, 0, 0, 535.38, 11535, 4634, 726.95%, 1861, 1861
1706881121, 0, 186, 213, 0, 0, 726.95%, 82, 0, 0, 666.67, 11649, 4720, 726.95%, 1861, 1861
1706881122, 0, 190, 215, 0, 0, 726.95%, 83, 0, 0, 693.33, 11768, 4809, 726.95%, 1861, 1861
1706881122, 0, 192, 215, 0, 0, 726.95%, 85, 0, 0, 530.00, 11857, 4879, 726.95%, 1861, 1861
1706881122, 0, 192, 218, 0, 0, 726.95%, 85, 0, 0, 446.67, 11935, 4935, 726.95%, 1861, 1861
1706881123, 0, 192, 219, 0, 0, 726.95%, 85, 0, 0, 503.33, 12032, 4989, 726.95%, 1861, 1861
1706881123, 0, 192, 221, 0, 0, 726.95%, 85, 0, 0, 436.67, 12112, 5040, 726.95%, 1861, 1861
1706881123, 0, 192, 222, 0, 0, 726.95%, 86, 0, 0, 544.85, 12187, 5129, 726.95%, 1861, 1861
1706881123, 0, 193, 223, 0, 0, 726.95%, 86, 0, 0, 531.56, 12275, 5201, 726.95%, 1861, 1861
1706881124, 0, 193, 224, 0, 0, 726.95%, 88, 0, 0, 616.67, 12351, 5310, 726.95%, 1861, 1861
1706881124, 0, 193, 225, 0, 0, 726.95%, 89, 0, 0, 571.43, 12431, 5402, 726.95%, 1861, 1861
1706881124, 0, 193, 225, 0, 0, 726.95%, 90, 0, 0, 634.55, 12512, 5512, 726.95%, 1861, 1861
1706881125, 0, 193, 225, 0, 0, 726.95%, 90, 0, 0, 616.67, 12594, 5615, 726.95%, 1861, 1861
1706881125, 0, 197, 225, 0, 0, 726.95%, 90, 0, 0, 703.33, 12698, 5722, 726.95%, 1861, 1861
1706881125, 0, 198, 227, 0, 0, 726.95%, 90, 0, 0, 633.33, 12805, 5805, 726.95%, 1861, 1861
1706881126, 0, 198, 229, 0, 0, 726.95%, 90, 0, 0, 603.33, 12901, 5890, 726.95%, 1861, 1861
1706881126, 0, 198, 230, 0, 0, 726.95%, 90, 0, 0, 627.91, 13019, 5961, 726.95%, 1861, 1861
1706881126, 0, 198, 232, 0, 0, 726.95%, 90, 0, 0, 591.36, 13130, 6028, 726.95%, 1861, 1861
1706881126, 0, 199, 232, 0, 0, 726.95%, 91, 0, 0, 596.67, 13249, 6088, 726.95%, 1861, 1861
1706881127, 0, 199, 232, 0, 0, 726.95%, 91, 0, 0, 356.67, 13338, 6106, 726.95%, 1861, 1861
1706881127, 0, 199, 232, 0, 0, 726.95%, 91, 0, 0, 530.00, 13457, 6146, 726.95%, 1861, 1861
1706881127, 0, 199, 232, 0, 0, 726.95%, 93, 0, 0, 528.24, 13576, 6186, 726.95%, 1861, 1861
1706881128, 0, 199, 232, 0, 0, 726.95%, 93, 0, 0, 544.85, 13689, 6237, 726.95%, 1861, 1861
1706881128, 0, 202, 233, 0, 0, 726.95%, 93, 0, 0, 723.33, 13844, 6299, 726.95%, 1861, 1861
1706881128, 0, 207, 234, 0, 0, 726.95%, 94, 0, 0, 723.33, 13949, 6411, 726.95%, 1861, 1861
1706881129, 0, 209, 234, 0, 0, 726.95%, 94, 0, 0, 636.67, 14048, 6503, 726.95%, 1861, 1861
1706881129, 0, 209, 235, 0, 0, 726.95%, 94, 0, 0, 676.67, 14145, 6609, 726.95%, 1861, 1861
1706881129, 0, 209, 235, 0, 0, 726.95%, 94, 0, 0, 644.52, 14257, 6691, 726.95%, 1861, 1861
1706881129, 0, 209, 236, 0, 0, 726.95%, 95, 0, 0, 680.00, 14366, 6786, 726.95%, 1861, 1861
1706881130, 0, 211, 236, 0, 0, 726.95%, 95, 0, 0, 720.00, 14467, 6901, 726.95%, 1861, 1861
1706881130, 0, 211, 236, 0, 0, 726.95%, 96, 0, 0, 693.33, 14577, 6999, 726.95%, 1861, 1861
1706881130, 0, 211, 236, 0, 0, 726.95%, 97, 0, 0, 650.00, 14668, 7103, 726.95%, 1861, 1861
1706881131, 0, 211, 236, 0, 0, 726.95%, 97, 0, 0, 676.67, 14772, 7202, 726.95%, 1861, 1861
1706881131, 0, 214, 236, 0, 0, 726.95%, 97, 0, 0, 796.67, 14889, 7324, 726.95%, 1861, 1861
1706881131, 0, 218, 237, 0, 0, 726.95%, 97, 0, 0, 480.13, 14983, 7375, 726.95%, 1861, 1861
1706881132, 0, 221, 237, 0, 0, 726.95%, 97, 0, 0, 405.32, 15056, 7424, 726.95%, 1861, 1861
1706881132, 0, 225, 237, 0, 0, 726.95%, 101, 0, 0, 541.53, 15142, 7501, 726.95%, 1861, 1861
1706881132, 0, 229, 238, 0, 0, 726.95%, 101, 0, 0, 603.33, 15260, 7564, 726.95%, 1861, 1861
1706881132, 0, 234, 242, 0, 0, 726.95%, 101, 0, 0, 630.00, 15362, 7651, 726.95%, 1861, 1861
1706881133, 0, 238, 245, 0, 0, 726.95%, 102, 0, 0, 498.35, 15436, 7728, 726.95%, 1861, 1861
1706881133, 0, 241, 245, 0, 0, 726.95%, 103, 0, 0, 446.67, 15502, 7796, 726.95%, 1861, 1861
1706881133, 0, 244, 248, 0, 0, 726.95%, 103, 0, 0, 453.64, 15580, 7855, 726.95%, 1861, 1861
1706881134, 0, 247, 250, 0, 0, 726.95%, 104, 0, 0, 383.33, 15645, 7905, 726.95%, 1861, 1861
1706881134, 0, 250, 251, 0, 0, 726.95%, 104, 0, 0, 349.83, 15699, 7957, 726.95%, 1861, 1861
1706881134, 1, 0, 254, 0, 0, 726.95%, 104, 0, 0, 386.67, 15767, 8005, 726.95%, 1861, 1861
1706881135, 1, 1, 254, 0, 0, 726.95%, 105, 0, 0, 2046.67, 16300, 8086, 726.95%, 1861, 1861
1706881135, 1, 4, 254, 0, 0, 726.95%, 105, 0, 0, 2046.67, 16866, 8134, 726.95%, 1861, 1861
1706881135, 1, 6, 254, 0, 0, 726.95%, 105, 0, 0, 2033.33, 17375, 8235, 726.95%, 1861, 1861
1706881135, 1, 8, 254, 0, 0, 726.95%, 105, 0, 0, 2126.67, 17884, 8364, 726.95%, 1861, 1861
1706881136, 1, 11, 254, 0, 0, 726.95%, 105, 0, 0, 2270.00, 18451, 8478, 726.95%, 1861, 1861
1706881136, 1, 13, 254, 0, 0, 726.95%, 105, 0, 0, 2453.33, 19107, 8558, 726.95%, 1861, 1861
1706881136, 1, 19, 254, 0, 0, 726.95%, 105, 0, 0, 1773.33, 19561, 8636, 726.95%, 1861, 1861
1706881137, 1, 19, 254, 0, 0, 726.95%, 105, 0, 0, 986.67, 19773, 8720, 726.95%, 1861, 1861
1706881137, 1, 25, 255, 0, 0, 726.95%, 105, 0, 0, 1420.00, 20092, 8827, 726.95%, 1861, 1861
1706881137, 1, 32, 255, 0, 0, 726.95%, 105, 0, 0, 2430.00, 20698, 8950, 726.95%, 1861, 1861
1706881138, 1, 39, 255, 0, 0, 726.95%, 105, 0, 0, 1990.00, 21185, 9060, 726.95%, 1861, 1861
1706881138, 1, 39, 255, 0, 0, 726.95%, 105, 0, 0, 806.67, 21326, 9161, 726.95%, 1861, 1861
1706881138, 1, 39, 255, 0, 0, 726.95%, 106, 0, 0, 820.00, 21463, 9270, 726.95%, 1861, 1861
1706881138, 1, 41, 255, 0, 0, 726.95%, 106, 0, 0, 943.33, 21625, 9391, 726.95%, 1861, 1861
1706881139, 1, 45, 255, 0, 0, 726.95%, 106, 0, 0, 1120.00, 21869, 9483, 726.95%, 1861, 1861
1706881139, 1, 45, 255, 0, 0, 726.95%, 106, 0, 0, 850.50, 22064, 9544, 726.95%, 1861, 1861
1706881139, 1, 46, 255, 0, 0, 726.95%, 106, 0, 0, 743.03, 22232, 9616, 726.95%, 1861, 1861
1706881140, 1, 46, 255, 0, 0, 726.95%, 106, 0, 0, 750.00, 22381, 9692, 726.95%, 1861, 1861
1706881140, 1, 46, 255, 0, 0, 726.95%, 106, 0, 0, 767.97, 22532, 9776, 726.95%, 1861, 1861
1706881140, 1, 46, 255, 0, 0, 726.95%, 106, 0, 0, 666.67, 22674, 9834, 726.95%, 1861, 1861
1706881141, 1, 49, 255, 0, 0, 726.95%, 106, 0, 0, 803.33, 22822, 9927, 726.95%, 1861, 1861
1706881141, 1, 49, 255, 0, 0, 726.95%, 107, 0, 0, 1103.33, 23013, 10067, 726.95%, 1861, 1861
1706881141, 1, 49, 255, 0, 0, 726.95%, 107, 0, 0, 983.33, 23209, 10166, 726.95%, 1861, 1861
1706881142, 1, 62, 255, 0, 0, 726.95%, 107, 0, 0, 1166.67, 23456, 10269, 726.95%, 1861, 1861
1706881142, 1, 71, 255, 0, 0, 726.95%, 107, 0, 0, 1003.33, 23673, 10353, 726.95%, 1861, 1861
1706881142, 1, 80, 256, 0, 0, 726.95%, 107, 0, 0, 1186.67, 23913, 10469, 726.95%, 1861, 1861
1706881142, 1, 80, 256, 0, 0, 726.95%, 108, 0, 0, 1013.33, 24094, 10592, 726.95%, 1861, 1861
1706881143, 1, 80, 256, 0, 0, 726.95%, 108, 0, 0, 1033.33, 24274, 10722, 726.95%, 1861, 1861
1706881143, 1, 85, 256, 0, 0, 726.95%, 109, 0, 0, 1536.42, 24651, 10809, 726.95%, 1861, 1861
1706881143, 1, 91, 256, 0, 0, 726.95%, 110, 0, 0, 850.00, 24803, 10912, 726.95%, 1861, 1861
1706881144, 1, 100, 256, 0, 0, 726.95%, 110, 0, 0, 1046.67, 24990, 11039, 726.95%, 1861, 1861
1706881144, 1, 109, 256, 0, 0, 726.95%, 110, 0, 0, 1010.00, 25181, 11151, 726.95%, 1861, 1861
1706881144, 1, 117, 256, 0, 0, 726.95%, 110, 0, 0, 983.33, 25398, 11229, 726.95%, 1861, 1861
1706881145, 1, 125, 256, 0, 0, 726.95%, 112, 0, 0, 910.30, 25595, 11306, 726.95%, 1861, 1861
1706881145, 1, 132, 256, 0, 0, 726.95%, 112, 0, 0, 876.67, 25751, 11413, 726.95%, 1861, 1861
1706881145, 1, 140, 256, 0, 0, 726.95%, 113, 0, 0, 1003.33, 25946, 11519, 726.95%, 1861, 1861
1706881145, 1, 146, 256, 0, 0, 726.95%, 113, 0, 0, 793.33, 26085, 11618, 726.95%, 1861, 1861
1706881146, 1, 151, 256, 0, 0, 726.95%, 114, 0, 0, 643.33, 26214, 11682, 726.95%, 1861, 1861
1706881146, 1, 157, 256, 0, 0, 726.95%, 114, 0, 0, 760.00, 26365, 11759, 726.95%, 1861, 1861
1706881146, 1, 162, 256, 0, 0, 726.95%, 114, 0, 0, 701.00, 26511, 11824, 726.95%, 1861, 1861
1706881147, 1, 169, 256, 0, 0, 726.95%, 114, 0, 0, 800.00, 26655, 11920, 726.95%, 1861, 1861
1706881147, 1, 175, 256, 0, 0, 726.95%, 114, 0, 0, 812.90, 26800, 12027, 726.95%, 1861, 1861
1706881147, 1, 181, 256, 0, 0, 726.95%, 114, 0, 0, 743.33, 26920, 12130, 726.95%, 1861, 1861
1706881148, 1, 186, 256, 0, 0, 726.95%, 114, 0, 0, 620.58, 27014, 12229, 726.95%, 1861, 1861
1706881148, 1, 186, 256, 0, 0, 726.95%, 114, 0, 0, 568.11, 27107, 12307, 726.95%, 1861, 1861
1706881148, 1, 186, 256, 0, 0, 726.95%, 114, 0, 0, 202.66, 27140, 12335, 726.95%, 1861, 1861
1706881148, 1, 186, 256, 0, 0, 726.95%, 114, 0, 0, 480.13, 27216, 12404, 726.95%, 1861, 1861
1706881149, 1, 186, 256, 0, 0, 726.95%, 114, 0, 0, 546.67, 27298, 12486, 726.95%, 1861, 1861
1706881149, 1, 186, 256, 0, 0, 726.95%, 115, 0, 0, 550.00, 27375, 12574, 726.95%, 1861, 1861
1706881149, 1, 189, 256, 0, 0, 726.95%, 115, 0, 0, 571.43, 27476, 12645, 726.95%, 1861, 1861
1706881150, 1, 192, 256, 0, 0, 726.95%, 115, 0, 0, 578.07, 27575, 12720, 726.95%, 1861, 1861
1706881150, 1, 192, 256, 0, 0, 726.95%, 115, 0, 0, 486.67, 27664, 12777, 726.95%, 1861, 1861
1706881150, 1, 192, 256, 0, 0, 726.95%, 115, 0, 0, 526.67, 27756, 12843, 726.95%, 1861, 1861
1706881151, 1, 192, 256, 0, 0, 726.95%, 115, 0, 0, 500.00, 27840, 12909, 726.95%, 1861, 1861
1706881151, 1, 192, 256, 0, 0, 726.95%, 116, 0, 0, 501.66, 27930, 12970, 726.95%, 1861, 1861
1706881151, 1, 193, 256, 0, 0, 726.95%, 116, 0, 0, 543.33, 28026, 13037, 726.95%, 1861, 1861
1706881151, 1, 193, 256, 0, 0, 726.95%, 116, 0, 0, 623.33, 28111, 13139, 726.95%, 1861, 1861
1706881152, 1, 193, 256, 0, 0, 726.95%, 116, 0, 0, 608.55, 28189, 13246, 726.95%, 1861, 1861
1706881152, 1, 193, 256, 0, 0, 726.95%, 116, 0, 0, 600.00, 28270, 13345, 726.95%, 1861, 1861
1706881152, 1, 193, 257, 0, 0, 726.95%, 116, 0, 0, 636.67, 28361, 13445, 726.95%, 1861, 1861
1706881153, 1, 196, 257, 0, 0, 726.95%, 116, 0, 0, 627.91, 28477, 13518, 726.95%, 1861, 1861
1706881153, 1, 198, 257, 0, 0, 726.95%, 116, 0, 0, 591.36, 28577, 13596, 726.95%, 1861, 1861
1706881153, 1, 198, 257, 0, 0, 726.95%, 117, 0, 0, 539.74, 28674, 13662, 726.95%, 1861, 1861
1706881154, 1, 198, 257, 0, 0, 726.95%, 117, 0, 0, 569.54, 28781, 13727, 726.95%, 1861, 1861
1706881154, 1, 198, 257, 0, 0, 726.95%, 117, 0, 0, 574.75, 28896, 13785, 726.95%, 1861, 1861
1706881154, 1, 198, 257, 0, 0, 726.95%, 117, 0, 0, 520.00, 28995, 13842, 726.95%, 1861, 1861
1706881154, 1, 199, 257, 0, 0, 726.95%, 117, 0, 0, 599.34, 29127, 13891, 726.95%, 1861, 1861
1706881155, 1, 199, 257, 0, 0, 726.95%, 118, 0, 0, 644.52, 29276, 13936, 726.95%, 1861, 1861
1706881155, 1, 199, 257, 0, 0, 726.95%, 118, 0, 0, 651.16, 29404, 14004, 726.95%, 1861, 1861
1706881155, 1, 199, 257, 0, 0, 726.95%, 119, 0, 0, 660.00, 29542, 14064, 726.95%, 1861, 1861
1706881156, 1, 204, 257, 0, 0, 726.95%, 120, 0, 0, 803.99, 29699, 14149, 726.95%, 1861, 1861
1706881156, 1, 209, 257, 0, 0, 726.95%, 121, 0, 0, 727.57, 29797, 14270, 726.95%, 1861, 1861
1706881156, 1, 209, 257, 0, 0, 726.95%, 121, 0, 0, 700.00, 29905, 14372, 726.95%, 1861, 1861
1706881157, 1, 209, 257, 0, 0, 726.95%, 123, 0, 0, 694.35, 30009, 14477, 726.95%, 1861, 1861
1706881157, 1, 209, 257, 0, 0, 726.95%, 124, 0, 0, 650.00, 30093, 14588, 726.95%, 1861, 1861
1706881157, 1, 211, 257, 0, 0, 726.95%, 124, 0, 0, 683.33, 30200, 14686, 726.95%, 1861, 1861
1706881157, 1, 211, 257, 0, 0, 726.95%, 124, 0, 0, 623.33, 30305, 14768, 726.95%, 1861, 1861
1706881158, 1, 211, 257, 0, 0, 726.95%, 124, 0, 0, 606.35, 30410, 14854, 726.95%, 1861, 1861
1706881158, 1, 211, 257, 0, 0, 726.95%, 124, 0, 0, 714.29, 30514, 14965, 726.95%, 1861, 1861
1706881158, 1, 211, 257, 0, 0, 726.95%, 124, 0, 0, 631.23, 30621, 15048, 726.95%, 1861, 1861
1706881159, 1, 216, 257, 0, 0, 726.95%, 124, 0, 0, 693.33, 30735, 15142, 726.95%, 1861, 1861
1706881159, 1, 220, 257, 0, 0, 726.95%, 124, 0, 0, 550.00, 30833, 15209, 726.95%, 1861, 1861
1706881159, 1, 224, 257, 0, 0, 726.95%, 124, 0, 0, 523.33, 30921, 15278, 726.95%, 1861, 1861
1706881160, 1, 228, 259, 0, 0, 726.95%, 125, 0, 0, 591.36, 31020, 15357, 726.95%, 1861, 1861
1706881160, 1, 231, 259, 0, 0, 726.95%, 125, 0, 0, 340.00, 31089, 15390, 726.95%, 1861, 1861
1706881160, 1, 235, 260, 0, 0, 726.95%, 125, 0, 0, 550.00, 31174, 15470, 726.95%, 1861, 1861
1706881160, 1, 238, 261, 0, 0, 726.95%, 125, 0, 0, 475.08, 31253, 15534, 726.95%, 1861, 1861
1706881161, 1, 242, 262, 0, 0, 726.95%, 125, 0, 0, 513.33, 31342, 15599, 726.95%, 1861, 1861
1706881161, 1, 245, 263, 0, 0, 726.95%, 125, 0, 0, 463.33, 31422, 15658, 726.95%, 1861, 1861
1706881161, 1, 249, 263, 0, 0, 726.95%, 125, 0, 0, 428.57, 31501, 15708, 726.95%, 1861, 1861
1706881162, 1, 252, 264, 0, 0, 726.95%, 125, 0, 0, 433.33, 31582, 15757, 726.95%, 1861, 1861
1706881162, 1, 258, 265, 0, 0, 726.95%, 127, 0, 0, 696.67, 31682, 15866, 726.95%, 1861, 1861
1706881162, 1, 262, 267, 0, 0, 726.95%, 127, 0, 0, 526.67, 31777, 15929, 726.95%, 1861, 1861
1706881163, 1, 265, 269, 0, 0, 726.95%, 127, 0, 0, 520.00, 31844, 16018, 726.95%, 1861, 1861
1706881163, 2, 0, 269, 0, 0, 726.95%, 127, 0, 0, 526.67, 31938, 16082, 726.95%, 1861, 1861
1706881163, 2, 1, 269, 0, 0, 726.95%, 127, 0, 0, 2240.00, 32514, 16178, 726.95%, 1861, 1861
1706881163, 2, 4, 269, 0, 0, 726.95%, 128, 0, 0, 1880.00, 33028, 16228, 726.95%, 1861, 1861
1706881164, 2, 7, 269, 0, 0, 726.95%, 129, 0, 0, 2373.33, 33634, 16334, 726.95%, 1861, 1861
1706881164, 2, 10, 269, 0, 0, 726.95%, 129, 0, 0, 2083.33, 34134, 16459, 726.95%, 1861, 1861
1706881164, 2, 11, 269, 0, 0, 726.95%, 129, 0, 0, 2263.33, 34722, 16550, 726.95%, 1861, 1861
1706881165, 2, 14, 269, 0, 0, 726.95%, 129, 0, 0, 2286.67, 35318, 16640, 726.95%, 1861, 1861
1706881165, 2, 19, 269, 0, 0, 726.95%, 129, 0, 0, 1496.67, 35692, 16715, 726.95%, 1861, 1861
1706881165, 2, 19, 269, 0, 0, 726.95%, 129, 0, 0, 996.67, 35902, 16804, 726.95%, 1861, 1861
1706881166, 2, 25, 269, 0, 0, 726.95%, 129, 0, 0, 1056.67, 36151, 16872, 726.95%, 1861, 1861
1706881166, 2, 30, 269, 0, 0, 726.95%, 129, 0, 0, 2243.33, 36704, 16992, 726.95%, 1861, 1861
1706881166, 2, 35, 269, 0, 0, 726.95%, 129, 0, 0, 2250.00, 37281, 17090, 726.95%, 1861, 1861
1706881166, 2, 39, 269, 0, 0, 726.95%, 129, 0, 0, 876.67, 37437, 17197, 726.95%, 1861, 1861
1706881167, 2, 39, 269, 0, 0, 726.95%, 129, 0, 0, 876.67, 37584, 17313, 726.95%, 1861, 1861
1706881167, 2, 39, 269, 0, 0, 726.95%, 130, 0, 0, 976.67, 37723, 17467, 726.95%, 1861, 1861
1706881167, 2, 45, 269, 0, 0, 726.95%, 130, 0, 0, 1153.33, 37983, 17553, 726.95%, 1861, 1861
1706881168, 2, 45, 269, 0, 0, 726.95%, 130, 0, 0, 1006.67, 38221, 17617, 726.95%, 1861, 1861
1706881168, 2, 46, 269, 0, 0, 726.95%, 130, 0, 0, 833.33, 38399, 17689, 726.95%, 1861, 1861
1706881168, 2, 46, 269, 0, 0, 726.95%, 130, 0, 0, 673.33, 38540, 17750, 726.95%, 1861, 1861
1706881169, 2, 46, 269, 0, 0, 726.95%, 130, 0, 0, 776.67, 38687, 17836, 726.95%, 1861, 1861
1706881169, 2, 46, 269, 0, 0, 726.95%, 130, 0, 0, 647.84, 38825, 17893, 726.95%, 1861, 1861
1706881169, 2, 49, 269, 0, 0, 726.95%, 130, 0, 0, 990.00, 38998, 18017, 726.95%, 1861, 1861
1706881169, 2, 49, 269, 0, 0, 726.95%, 130, 0, 0, 1193.33, 39204, 18169, 726.95%, 1861, 1861
1706881170, 2, 54, 269, 0, 0, 726.95%, 130, 0, 0, 1213.33, 39445, 18292, 726.95%, 1861, 1861
1706881170, 2, 65, 269, 0, 0, 726.95%, 130, 0, 0, 1120.00, 39668, 18405, 726.95%, 1861, 1861
1706881170, 2, 76, 269, 0, 0, 726.95%, 130, 0, 0, 1070.00, 39894, 18500, 726.95%, 1861, 1861
1706881171, 2, 80, 269, 0, 0, 726.95%, 130, 0, 0, 1026.67, 40088, 18614, 726.95%, 1861, 1861
1706881171, 2, 80, 269, 0, 0, 726.95%, 130, 0, 0, 1026.67, 40276, 18734, 726.95%, 1861, 1861
1706881171, 2, 81, 269, 0, 0, 726.95%, 130, 0, 0, 1323.33, 40548, 18859, 726.95%, 1861, 1861
1706881172, 2, 88, 269, 0, 0, 726.95%, 130, 0, 0, 1255.81, 40842, 18943, 726.95%, 1861, 1861
1706881172, 2, 96, 269, 0, 0, 726.95%, 130, 0, 0, 1040.00, 41029, 19068, 726.95%, 1861, 1861
1706881172, 2, 105, 269, 0, 0, 726.95%, 131, 0, 0, 1043.33, 41210, 19200, 726.95%, 1861, 1861
1706881172, 2, 113, 269, 0, 0, 726.95%, 132, 0, 0, 940.00, 41408, 19284, 726.95%, 1861, 1861
1706881173, 2, 121, 269, 0, 0, 726.95%, 132, 0, 0, 1046.67, 41627, 19379, 726.95%, 1861, 1861
1706881173, 2, 128, 269, 0, 0, 726.95%, 132, 0, 0, 856.67, 41802, 19461, 726.95%, 1861, 1861
1706881173, 2, 136, 269, 0, 0, 726.95%, 134, 0, 0, 873.75, 41957, 19569, 726.95%, 1861, 1861
1706881174, 2, 143, 269, 0, 0, 726.95%, 136, 0, 0, 946.67, 42114, 19696, 726.95%, 1861, 1861
1706881174, 2, 150, 269, 0, 0, 726.95%, 136, 0, 0, 823.53, 42275, 19787, 726.95%, 1861, 1861
1706881174, 2, 155, 269, 0, 0, 726.95%, 137, 0, 0, 653.33, 42407, 19851, 726.95%, 1861, 1861
1706881175, 2, 160, 269, 0, 0, 726.95%, 137, 0, 0, 701.00, 42544, 19925, 726.95%, 1861, 1861
1706881175, 2, 166, 270, 0, 0, 726.95%, 137, 0, 0, 806.67, 42694, 20017, 726.95%, 1861, 1861
1706881175, 2, 174, 270, 0, 0, 726.95%, 138, 0, 0, 980.00, 42847, 20158, 726.95%, 1861, 1861
1706881176, 2, 181, 270, 0, 0, 726.95%, 138, 0, 0, 836.67, 43007, 20249, 726.95%, 1861, 1861
1706881176, 2, 186, 270, 0, 0, 726.95%, 138, 0, 0, 793.33, 43132, 20362, 726.95%, 1861, 1861
1706881176, 2, 186, 270, 0, 0, 726.95%, 138, 0, 0, 701.00, 43244, 20461, 726.95%, 1861, 1861
1706881176, 2, 186, 270, 0, 0, 726.95%, 138, 0, 0, 713.33, 43356, 20563, 726.95%, 1861, 1861
1706881177, 2, 186, 270, 0, 0, 726.95%, 138, 0, 0, 654.49, 43455, 20661, 726.95%, 1861, 1861
1706881177, 2, 188, 270, 0, 0, 726.95%, 138, 0, 0, 671.10, 43571, 20747, 726.95%, 1861, 1861
1706881177, 2, 192, 270, 0, 0, 726.95%, 138, 0, 0, 603.33, 43681, 20818, 726.95%, 1861, 1861
1706881178, 2, 192, 270, 0, 0, 726.95%, 138, 0, 0, 516.56, 43779, 20876, 726.95%, 1861, 1861
1706881178, 2, 192, 270, 0, 0, 726.95%, 138, 0, 0, 316.67, 43824, 20926, 726.95%, 1861, 1861
1706881178, 2, 192, 270, 0, 0, 726.95%, 138, 0, 0, 526.67, 43906, 21002, 726.95%, 1861, 1861
1706881179, 2, 192, 270, 0, 0, 726.95%, 138, 0, 0, 495.02, 43996, 21061, 726.95%, 1861, 1861
1706881179, 2, 192, 270, 0, 0, 726.95%, 138, 0, 0, 514.95, 44086, 21126, 726.95%, 1861, 1861
1706881179, 2, 193, 270, 0, 0, 726.95%, 138, 0, 0, 546.67, 44165, 21211, 726.95%, 1861, 1861
1706881179, 2, 193, 270, 0, 0, 726.95%, 138, 0, 0, 626.67, 44247, 21317, 726.95%, 1861, 1861
1706881180, 2, 193, 270, 0, 0, 726.95%, 138, 0, 0, 556.67, 44324, 21407, 726.95%, 1861, 1861
1706881180, 2, 193, 270, 0, 0, 726.95%, 138, 0, 0, 616.67, 44410, 21506, 726.95%, 1861, 1861
1706881180, 2, 193, 270, 0, 0, 726.95%, 138, 0, 0, 509.80, 44482, 21590, 726.95%, 1861, 1861
1706881181, 2, 198, 270, 0, 0, 726.95%, 139, 0, 0, 651.16, 44603, 21665, 726.95%, 1861, 1861
1706881181, 2, 198, 270, 0, 0, 726.95%, 139, 0, 0, 456.67, 44683, 21722, 726.95%, 1861, 1861
1706881181, 2, 198, 270, 0, 0, 726.95%, 139, 0, 0, 490.00, 44770, 21782, 726.95%, 1861, 1861
1706881182, 2, 198, 270, 0, 0, 726.95%, 139, 0, 0, 606.67, 44866, 21868, 726.95%, 1861, 1861
1706881182, 2, 198, 270, 0, 0, 726.95%, 139, 0, 0, 169.53, 44905, 21898, 726.95%, 1861, 1861
1706881182, 2, 198, 270, 0, 0, 726.95%, 139, 0, 0, 620.00, 45023, 21966, 726.95%, 1861, 1861
1706881183, 2, 199, 270, 0, 0, 726.95%, 139, 0, 0, 525.48, 45137, 22017, 726.95%, 1861, 1861
1706881183, 2, 199, 270, 0, 0, 726.95%, 139, 0, 0, 382.06, 45218, 22051, 726.95%, 1861, 1861
1706881183, 2, 199, 270, 0, 0, 726.95%, 139, 0, 0, 610.00, 45345, 22107, 726.95%, 1861, 1861
1706881183, 2, 199, 270, 0, 0, 726.95%, 139, 0, 0, 586.67, 45481, 22147, 726.95%, 1861, 1861
1706881184, 2, 199, 270, 0, 0, 726.95%, 139, 0, 0, 533.33, 45604, 22184, 726.95%, 1861, 1861
1706881184, 2, 203, 270, 0, 0, 726.95%, 139, 0, 0, 733.33, 45741, 22267, 726.95%, 1861, 1861
1706881184, 2, 208, 271, 0, 0, 726.95%, 139, 0, 0, 663.33, 45834, 22373, 726.95%, 1861, 1861
1706881185, 2, 209, 271, 0, 0, 726.95%, 139, 0, 0, 734.22, 45935, 22493, 726.95%, 1861, 1861
1706881185, 2, 209, 271, 0, 0, 726.95%, 139, 0, 0, 673.33, 46046, 22584, 726.95%, 1861, 1861
1706881185, 2, 209, 271, 0, 0, 726.95%, 139, 0, 0, 686.67, 46156, 22680, 726.95%, 1861, 1861
1706881186, 2, 209, 271, 0, 0, 726.95%, 139, 0, 0, 666.67, 46268, 22768, 726.95%, 1861, 1861
1706881186, 2, 211, 271, 0, 0, 726.95%, 139, 0, 0, 710.00, 46381, 22868, 726.95%, 1861, 1861
1706881186, 2, 211, 271, 0, 0, 726.95%, 139, 0, 0, 694.35, 46496, 22962, 726.95%, 1861, 1861
1706881186, 2, 211, 271, 0, 0, 726.95%, 139, 0, 0, 697.67, 46609, 23059, 726.95%, 1861, 1861
1706881187, 2, 211, 271, 0, 0, 726.95%, 139, 0, 0, 684.39, 46728, 23146, 726.95%, 1861, 1861
1706881187, 2, 216, 271, 0, 0, 726.95%, 139, 0, 0, 713.33, 46838, 23250, 726.95%, 1861, 1861
1706881187, 2, 220, 272, 0, 0, 726.95%, 139, 0, 0, 556.67, 46936, 23319, 726.95%, 1861, 1861
1706881188, 2, 223, 272, 0, 0, 726.95%, 139, 0, 0, 495.02, 47011, 23393, 726.95%, 1861, 1861
1706881188, 2, 227, 272, 0, 0, 726.95%, 140, 0, 0, 531.56, 47096, 23468, 726.95%, 1861, 1861
1706881188, 2, 231, 272, 0, 0, 726.95%, 140, 0, 0, 533.33, 47195, 23529, 726.95%, 1861, 1861
1706881189, 2, 236, 272, 0, 0, 726.95%, 140, 0, 0, 640.00, 47290, 23626, 726.95%, 1861, 1861
1706881189, 2, 240, 272, 0, 0, 726.95%, 140, 0, 0, 519.87, 47376, 23697, 726.95%, 1861, 1861
1706881189, 2, 244, 273, 0, 0, 726.95%, 140, 0, 0, 508.31, 47452, 23774, 726.95%, 1861, 1861
1706881189, 2, 247, 273, 0, 0, 726.95%, 140, 0, 0, 443.33, 47529, 23830, 726.95%, 1861, 1861
1706881190, 2, 250, 273, 0, 0, 726.95%, 140, 0, 0, 458.47, 47605, 23892, 726.95%, 1861, 1861
1706881190, 2, 256, 274, 0, 0, 726.95%, 140, 0, 0, 663.33, 47724, 23972, 726.95%, 1861, 1861
1706881190, 2, 260, 275, 0, 0, 726.95%, 141, 0, 0, 598.01, 47817, 24059, 726.95%, 1861, 1861
1706881191, 2, 264, 276, 0, 0, 726.95%, 141, 0, 0, 521.59, 47899, 24134, 726.95%, 1861, 1861
1706881191, 2, 268, 277, 0, 0, 726.95%, 141, 0, 0, 478.41, 47983, 24194, 726.95%, 1861, 1861
1706881191, 2, 272, 278, 0, 0, 726.95%, 141, 0, 0, 548.90, 48072, 24279, 726.95%, 1861, 1861
1706881192, 2, 276, 278, 0, 0, 726.95%, 141, 0, 0, 538.21, 48143, 24370, 726.95%, 1861, 1861
1706881192, 3, 0, 278, 0, 0, 726.95%, 141, 0, 0, 1466.67, 48512, 24441, 726.95%, 1861, 1861
1706881192, 3, 4, 278, 0, 0, 726.95%, 141, 0, 0, 2293.33, 49124, 24517, 726.95%, 1861, 1861
1706881192, 3, 6, 278, 0, 0, 726.95%, 141, 0, 0, 2276.67, 49707, 24617, 726.95%, 1861, 1861
1706881193, 3, 8, 278, 0, 0, 726.95%, 141, 0, 0, 2493.33, 50327, 24745, 726.95%, 1861, 1861
1706881193, 3, 11, 278, 0, 0, 726.95%, 141, 0, 0, 2156.67, 50884, 24835, 726.95%, 1861, 1861
1706881193, 3, 13, 278, 0, 0, 726.95%, 142, 0, 0, 2340.00, 51519, 24902, 726.95%, 1861, 1861
1706881194, 3, 19, 278, 0, 0, 726.95%, 142, 0, 0, 1860.00, 52002, 24977, 726.95%, 1861, 1861
1706881194, 3, 19, 278, 0, 0, 726.95%, 142, 0, 0, 1016.67, 52213, 25071, 726.95%, 1861, 1861
1706881194, 3, 25, 278, 0, 0, 726.95%, 142, 0, 0, 1286.67, 52507, 25163, 726.95%, 1861, 1861
1706881195, 3, 32, 278, 0, 0, 726.95%, 142, 0, 0, 2250.00, 53065, 25280, 726.95%, 1861, 1861
1706881195, 3, 39, 278, 0, 0, 726.95%, 142, 0, 0, 2266.67, 53630, 25395, 726.95%, 1861, 1861
1706881195, 3, 39, 278, 0, 0, 726.95%, 142, 0, 0, 976.67, 53781, 25537, 726.95%, 1861, 1861
1706881195, 3, 39, 278, 0, 0, 726.95%, 142, 0, 0, 1003.33, 53939, 25680, 726.95%, 1861, 1861
1706881196, 3, 45, 278, 0, 0, 726.95%, 142, 0, 0, 1153.33, 54151, 25814, 726.95%, 1861, 1861
1706881196, 3, 45, 278, 0, 0, 726.95%, 142, 0, 0, 1033.33, 54378, 25897, 726.95%, 1861, 1861
1706881196, 3, 45, 278, 0, 0, 726.95%, 142, 0, 0, 963.33, 54585, 25979, 726.95%, 1861, 1861
1706881197, 3, 46, 278, 0, 0, 726.95%, 142, 0, 0, 846.67, 54747, 26071, 726.95%, 1861, 1861
1706881197, 3, 46, 278, 0, 0, 726.95%, 142, 0, 0, 780.73, 54912, 26141, 726.95%, 1861, 1861
1706881197, 3, 46, 278, 0, 0, 726.95%, 143, 0, 0, 816.67, 55088, 26210, 726.95%, 1861, 1861
1706881198, 3, 49, 278, 0, 0, 726.95%, 143, 0, 0, 1096.67, 55294, 26333, 726.95%, 1861, 1861
1706881198, 3, 49, 278, 0, 0, 726.95%, 143, 0, 0, 1186.67, 55483, 26500, 726.95%, 1861, 1861
1706881198, 3, 53, 278, 0, 0, 726.95%, 143, 0, 0, 1043.33, 55686, 26610, 726.95%, 1861, 1861
1706881198, 3, 64, 278, 0, 0, 726.95%, 144, 0, 0, 1020.00, 55909, 26693, 726.95%, 1861, 1861
1706881199, 3, 76, 278, 0, 0, 726.95%, 144, 0, 0, 1156.67, 56144, 26805, 726.95%, 1861, 1861
1706881199, 3, 80, 278, 0, 0, 726.95%, 144, 0, 0, 1133.33, 56345, 26944, 726.95%, 1861, 1861
1706881199, 3, 80, 278, 0, 0, 726.95%, 144, 0, 0, 1073.33, 56525, 27086, 726.95%, 1861, 1861
1706881200, 3, 81, 278, 0, 0, 726.95%, 147, 0, 0, 1543.33, 56865, 27209, 726.95%, 1861, 1861
1706881200, 3, 89, 278, 0, 0, 726.95%, 148, 0, 0, 1153.33, 57089, 27331, 726.95%, 1861, 1861
1706881200, 3, 98, 278, 0, 0, 726.95%, 148, 0, 0, 1083.33, 57279, 27466, 726.95%, 1861, 1861
1706881201, 3, 107, 278, 0, 0, 726.95%, 148, 0, 0, 980.07, 57477, 27563, 726.95%, 1861, 1861
1706881201, 3, 115, 278, 0, 0, 726.95%, 148, 0, 0, 1050.00, 57692, 27663, 726.95%, 1861, 1861
1706881201, 3, 123, 278, 0, 0, 726.95%, 148, 0, 0, 943.33, 57897, 27741, 726.95%, 1861, 1861
1706881201, 3, 131, 278, 0, 0, 726.95%, 148, 0, 0, 943.33, 58077, 27844, 726.95%, 1861, 1861
1706881202, 3, 140, 278, 0, 0, 726.95%, 148, 0, 0, 1049.83, 58276, 27961, 726.95%, 1861, 1861
1706881202, 3, 146, 278, 0, 0, 726.95%, 148, 0, 0, 833.89, 58409, 28079, 726.95%, 1861, 1861
1706881202, 3, 153, 278, 0, 0, 726.95%, 148, 0, 0, 837.21, 58589, 28151, 726.95%, 1861, 1861
1706881203, 3, 158, 278, 0, 0, 726.95%, 148, 0, 0, 744.19, 58732, 28232, 726.95%, 1861, 1861
1706881203, 3, 163, 278, 0, 0, 726.95%, 148, 0, 0, 690.00, 58874, 28297, 726.95%, 1861, 1861
1706881203, 3, 170, 278, 0, 0, 726.95%, 149, 0, 0, 823.33, 59022, 28396, 726.95%, 1861, 1861
1706881204, 3, 177, 278, 0, 0, 726.95%, 150, 0, 0, 887.04, 59167, 28518, 726.95%, 1861, 1861
1706881204, 3, 183, 278, 0, 0, 726.95%, 150, 0, 0, 843.33, 59301, 28637, 726.95%, 1861, 1861
1706881204, 3, 186, 278, 0, 0, 726.95%, 151, 0, 0, 730.00, 59422, 28735, 726.95%, 1861, 1861
1706881204, 3, 186, 278, 0, 0, 726.95%, 151, 0, 0, 726.67, 59526, 28849, 726.95%, 1861, 1861
1706881205, 3, 186, 278, 0, 0, 726.95%, 151, 0, 0, 706.67, 59647, 28940, 726.95%, 1861, 1861
1706881205, 3, 186, 278, 0, 0, 726.95%, 151, 0, 0, 737.54, 59757, 29052, 726.95%, 1861, 1861
1706881205, 3, 190, 278, 0, 0, 726.95%, 151, 0, 0, 583.33, 59867, 29117, 726.95%, 1861, 1861
1706881206, 3, 192, 278, 0, 0, 726.95%, 151, 0, 0, 614.62, 59957, 29212, 726.95%, 1861, 1861
1706881206, 3, 192, 278, 0, 0, 726.95%, 151, 0, 0, 546.67, 60057, 29276, 726.95%, 1861, 1861
1706881206, 3, 192, 278, 0, 0, 726.95%, 151, 0, 0, 574.75, 60148, 29358, 726.95%, 1861, 1861
1706881207, 3, 192, 278, 0, 0, 726.95%, 151, 0, 0, 574.75, 60241, 29438, 726.95%, 1861, 1861
1706881207, 3, 192, 278, 0, 0, 726.95%, 151, 0, 0, 540.00, 60336, 29505, 726.95%, 1861, 1861
1706881207, 3, 193, 278, 0, 0, 726.95%, 151, 0, 0, 621.26, 60431, 29597, 726.95%, 1861, 1861
1706881207, 3, 193, 278, 0, 0, 726.95%, 151, 0, 0, 627.91, 60517, 29700, 726.95%, 1861, 1861
1706881208, 3, 193, 278, 0, 0, 726.95%, 151, 0, 0, 670.00, 60596, 29822, 726.95%, 1861, 1861
1706881208, 3, 193, 278, 0, 0, 726.95%, 151, 0, 0, 623.33, 60682, 29923, 726.95%, 1861, 1861
1706881208, 3, 196, 278, 0, 0, 726.95%, 151, 0, 0, 583.33, 60783, 29997, 726.95%, 1861, 1861
1706881209, 3, 198, 278, 0, 0, 726.95%, 151, 0, 0, 578.07, 60883, 30071, 726.95%, 1861, 1861
1706881209, 3, 198, 278, 0, 0, 726.95%, 151, 0, 0, 603.33, 60999, 30136, 726.95%, 1861, 1861
1706881209, 3, 198, 278, 0, 0, 726.95%, 151, 0, 0, 600.00, 61115, 30200, 726.95%, 1861, 1861
1706881210, 3, 198, 278, 0, 0, 726.95%, 151, 0, 0, 613.33, 61233, 30266, 726.95%, 1861, 1861
1706881210, 3, 199, 278, 0, 0, 726.95%, 151, 0, 0, 653.33, 61351, 30344, 726.95%, 1861, 1861
1706881210, 3, 199, 278, 0, 0, 726.95%, 151, 0, 0, 650.00, 61499, 30391, 726.95%, 1861, 1861
1706881210, 3, 199, 278, 0, 0, 726.95%, 151, 0, 0, 623.33, 61644, 30433, 726.95%, 1861, 1861
1706881211, 3, 199, 278, 0, 0, 726.95%, 151, 0, 0, 650.00, 61792, 30480, 726.95%, 1861, 1861
1706881211, 3, 200, 278, 0, 0, 726.95%, 151, 0, 0, 680.00, 61942, 30534, 726.95%, 1861, 1861
1706881211, 3, 207, 278, 0, 0, 726.95%, 151, 0, 0, 856.67, 62080, 30653, 726.95%, 1861, 1861
1706881212, 3, 209, 278, 0, 0, 726.95%, 151, 0, 0, 706.67, 62178, 30767, 726.95%, 1861, 1861
1706881212, 3, 209, 278, 0, 0, 726.95%, 151, 0, 0, 701.00, 62279, 30877, 726.95%, 1861, 1861
1706881212, 3, 209, 278, 0, 0, 726.95%, 151, 0, 0, 623.33, 62370, 30973, 726.95%, 1861, 1861
1706881213, 3, 209, 278, 0, 0, 726.95%, 151, 0, 0, 660.00, 62470, 31071, 726.95%, 1861, 1861
1706881213, 3, 211, 278, 0, 0, 726.95%, 151, 0, 0, 696.67, 62584, 31166, 726.95%, 1861, 1861
1706881213, 3, 211, 278, 0, 0, 726.95%, 151, 0, 0, 636.67, 62685, 31256, 726.95%, 1861, 1861
1706881213, 3, 211, 278, 0, 0, 726.95%, 151, 0, 0, 574.75, 62779, 31335, 726.95%, 1861, 1861
1706881214, 3, 211, 278, 0, 0, 726.95%, 151, 0, 0, 687.71, 62885, 31436, 726.95%, 1861, 1861
1706881214, 3, 212, 278, 0, 0, 726.95%, 151, 0, 0, 643.33, 62987, 31527, 726.95%, 1861, 1861
1706881214, 3, 216, 278, 0, 0, 726.95%, 151, 0, 0, 594.68, 63086, 31607, 726.95%, 1861, 1861
1706881215, 3, 220, 278, 0, 0, 726.95%, 151, 0, 0, 538.21, 63172, 31683, 726.95%, 1861, 1861
1706881215, 3, 224, 278, 0, 0, 726.95%, 151, 0, 0, 528.05, 63261, 31754, 726.95%, 1861, 1861
1706881215, 3, 227, 278, 0, 0, 726.95%, 151, 0, 0, 428.57, 63338, 31806, 726.95%, 1861, 1861
1706881216, 3, 232, 278, 0, 0, 726.95%, 152, 0, 0, 564.78, 63432, 31882, 726.95%, 1861, 1861
1706881216, 3, 236, 279, 0, 0, 726.95%, 152, 0, 0, 540.88, 63523, 31963, 726.95%, 1861, 1861
1706881216, 3, 238, 279, 0, 0, 726.95%, 152, 0, 0, 161.90, 63579, 31992, 726.95%, 1861, 1861
1706881217, 3, 242, 279, 0, 0, 726.95%, 153, 0, 0, 530.00, 63666, 32064, 726.95%, 1861, 1861
1706881217, 3, 245, 279, 0, 0, 726.95%, 153, 0, 0, 360.93, 63730, 32109, 726.95%, 1861, 1861
1706881217, 3, 248, 280, 0, 0, 726.95%, 153, 0, 0, 416.67, 63799, 32165, 726.95%, 1861, 1861
1706881218, 3, 251, 280, 0, 0, 726.95%, 153, 0, 0, 390.00, 63878, 32203, 726.95%, 1861, 1861
1706881218, 3, 256, 281, 0, 0, 726.95%, 153, 0, 0, 590.91, 63982, 32294, 726.95%, 1861, 1861
1706881218, 3, 260, 281, 0, 0, 726.95%, 154, 0, 0, 543.33, 64055, 32384, 726.95%, 1861, 1861
1706881219, 3, 263, 281, 0, 0, 726.95%, 154, 0, 0, 420.53, 64127, 32439, 726.95%, 1861, 1861
1706881219, 3, 267, 283, 0, 0, 726.95%, 154, 0, 0, 455.15, 64213, 32490, 726.95%, 1861, 1861
1706881219, 3, 271, 284, 0, 0, 726.95%, 154, 0, 0, 606.67, 64313, 32572, 726.95%, 1861, 1861
1706881219, 3, 275, 285, 0, 0, 726.95%, 154, 0, 0, 506.62, 64399, 32639, 726.95%, 1861, 1861
1706881220, 3, 279, 286, 0, 0, 726.95%, 154, 0, 0, 485.05, 64483, 32701, 726.95%, 1861, 1861
1706881220, 3, 282, 288, 0, 0, 726.95%, 154, 0, 0, 386.67, 64555, 32745, 726.95%, 1861, 1861
1706881220, 3, 285, 290, 0, 0, 726.95%, 154, 0, 0, 511.63, 64627, 32827, 726.95%, 1861, 1861
1706881221, 3, 289, 292, 0, 0, 726.95%, 154, 0, 0, 423.84, 64706, 32876, 726.95%, 1861, 1861
1706881221, 3, 292, 294, 0, 0, 726.95%, 154, 0, 0, 456.95, 64776, 32944, 726.95%, 1861, 1861
1706881221, 4, 0, 294, 0, 0, 726.95%, 154, 0, 0, 1403.33, 65118, 33023, 726.95%, 1861, 1861
1706881222, 4, 4, 294, 0, 0, 726.95%, 154, 0, 0, 2460.00, 65780, 33099, 726.95%, 1861, 1861
1706881222, 4, 6, 294, 0, 0, 726.95%, 154, 0, 0, 2302.33, 66371, 33201, 726.95%, 1861, 1861
1706881222, 4, 8, 294, 0, 0, 726.95%, 154, 0, 0, 2143.33, 66854, 33361, 726.95%, 1861, 1861
1706881222, 4, 11, 295, 0, 0, 727.73%, 154, 0, 0, 2236.67, 67424, 33462, 727.73%, 1863, 1863
1706881223, 4, 13, 295, 0, 0, 727.73%, 156, 0, 0, 2180.00, 68000, 33540, 727.73%, 1863, 1863
1706881223, 4, 19, 296, 0, 0, 727.73%, 156, 0, 0, 1930.00, 68498, 33621, 727.73%, 1863, 1863
1706881223, 4, 19, 296, 0, 0, 727.73%, 156, 0, 0, 983.33, 68709, 33705, 727.73%, 1863, 1863
1706881224, 4, 19, 296, 0, 0, 727.73%, 156, 0, 0, 873.33, 68899, 33777, 727.73%, 1863, 1863
1706881224, 4, 30, 296, 0, 0, 727.73%, 156, 0, 0, 2029.90, 69411, 33876, 727.73%, 1863, 1863
1706881224, 4, 33, 296, 0, 0, 727.73%, 156, 0, 0, 2176.67, 69961, 33979, 727.73%, 1863, 1863
1706881225, 4, 39, 296, 0, 0, 727.73%, 156, 0, 0, 1436.67, 70267, 34104, 727.73%, 1863, 1863
1706881225, 4, 39, 296, 0, 0, 727.73%, 157, 0, 0, 830.00, 70390, 34230, 727.73%, 1863, 1863
1706881225, 4, 39, 296, 0, 0, 727.73%, 157, 0, 0, 287.13, 70438, 34269, 727.73%, 1863, 1863
1706881225, 4, 39, 296, 0, 0, 727.73%, 158, 0, 0, 876.67, 70584, 34386, 727.73%, 1863, 1863
1706881226, 4, 45, 296, 0, 0, 727.73%, 158, 0, 0, 1033.33, 70800, 34480, 727.73%, 1863, 1863
1706881226, 4, 45, 296, 0, 0, 727.73%, 158, 0, 0, 792.88, 70974, 34551, 727.73%, 1863, 1863
1706881226, 4, 46, 296, 0, 0, 727.73%, 158, 0, 0, 956.81, 71175, 34638, 727.73%, 1863, 1863
1706881227, 4, 46, 296, 0, 0, 727.73%, 158, 0, 0, 760.00, 71320, 34721, 727.73%, 1863, 1863
1706881227, 4, 46, 296, 0, 0, 727.73%, 158, 0, 0, 707.64, 71459, 34795, 727.73%, 1863, 1863
1706881227, 4, 46, 296, 0, 0, 727.73%, 158, 0, 0, 790.00, 71625, 34866, 727.73%, 1863, 1863
1706881228, 4, 49, 296, 0, 0, 727.73%, 158, 0, 0, 1056.67, 71811, 34997, 727.73%, 1863, 1863
1706881228, 4, 49, 296, 0, 0, 727.73%, 158, 0, 0, 1046.67, 71983, 35139, 727.73%, 1863, 1863
1706881228, 4, 53, 297, 0, 0, 727.73%, 158, 0, 0, 1280.00, 72215, 35291, 727.73%, 1863, 1863
1706881228, 4, 64, 297, 0, 0, 727.73%, 158, 0, 0, 1063.33, 72442, 35383, 727.73%, 1863, 1863
1706881229, 4, 73, 297, 0, 0, 727.73%, 158, 0, 0, 803.99, 72623, 35444, 727.73%, 1863, 1863
1706881229, 4, 80, 297, 0, 0, 727.73%, 158, 0, 0, 916.40, 72802, 35550, 727.73%, 1863, 1863
1706881229, 4, 80, 297, 0, 0, 727.73%, 158, 0, 0, 1050.00, 72985, 35682, 727.73%, 1863, 1863
1706881230, 4, 80, 297, 0, 0, 727.73%, 158, 0, 0, 1113.33, 73160, 35841, 727.73%, 1863, 1863
1706881230, 4, 85, 297, 0, 0, 727.73%, 159, 0, 0, 1630.00, 73544, 35946, 727.73%, 1863, 1863
1706881230, 4, 94, 297, 0, 0, 727.73%, 159, 0, 0, 930.82, 73727, 36059, 727.73%, 1863, 1863
1706881231, 4, 101, 297, 0, 0, 727.73%, 159, 0, 0, 956.67, 73902, 36171, 727.73%, 1863, 1863
1706881231, 4, 110, 297, 0, 0, 727.73%, 159, 0, 0, 1000.00, 74105, 36268, 727.73%, 1863, 1863
1706881231, 4, 118, 297, 0, 0, 727.73%, 160, 0, 0, 980.00, 74299, 36368, 727.73%, 1863, 1863
1706881232, 4, 126, 297, 0, 0, 727.73%, 160, 0, 0, 996.67, 74504, 36462, 727.73%, 1863, 1863
1706881232, 4, 134, 298, 0, 0, 727.73%, 160, 0, 0, 1000.00, 74692, 36574, 727.73%, 1863, 1863
1706881232, 4, 143, 299, 0, 0, 727.73%, 160, 0, 0, 1020.00, 74871, 36701, 727.73%, 1863, 1863
1706881232, 4, 150, 299, 0, 0, 727.73%, 161, 0, 0, 870.00, 75030, 36803, 727.73%, 1863, 1863
1706881233, 4, 155, 299, 0, 0, 727.73%, 161, 0, 0, 783.33, 75177, 36891, 727.73%, 1863, 1863
1706881233, 4, 161, 299, 0, 0, 727.73%, 161, 0, 0, 680.00, 75312, 36960, 727.73%, 1863, 1863
1706881233, 4, 167, 299, 0, 0, 727.73%, 161, 0, 0, 769.74, 75458, 37048, 727.73%, 1863, 1863
1706881234, 4, 174, 299, 0, 0, 727.73%, 162, 0, 0, 910.00, 75628, 37151, 727.73%, 1863, 1863
1706881234, 4, 181, 299, 0, 0, 727.73%, 162, 0, 0, 880.00, 75771, 37272, 727.73%, 1863, 1863
1706881234, 4, 186, 299, 0, 0, 727.73%, 162, 0, 0, 783.33, 75902, 37376, 727.73%, 1863, 1863
1706881235, 4, 186, 299, 0, 0, 727.73%, 162, 0, 0, 659.09, 76016, 37465, 727.73%, 1863, 1863
1706881235, 4, 186, 299, 0, 0, 727.73%, 162, 0, 0, 677.74, 76116, 37569, 727.73%, 1863, 1863
1706881235, 4, 186, 299, 0, 0, 727.73%, 162, 0, 0, 723.68, 76225, 37680, 727.73%, 1863, 1863
1706881235, 4, 189, 299, 0, 0, 727.73%, 162, 0, 0, 756.67, 76335, 37797, 727.73%, 1863, 1863
1706881236, 4, 192, 299, 0, 0, 727.73%, 162, 0, 0, 646.67, 76440, 37886, 727.73%, 1863, 1863
1706881236, 4, 192, 299, 0, 0, 727.73%, 162, 0, 0, 561.46, 76536, 37959, 727.73%, 1863, 1863
1706881236, 4, 192, 299, 0, 0, 727.73%, 162, 0, 0, 568.11, 76626, 38040, 727.73%, 1863, 1863
1706881237, 4, 192, 299, 0, 0, 727.73%, 162, 0, 0, 514.95, 76719, 38102, 727.73%, 1863, 1863
1706881237, 4, 192, 299, 0, 0, 727.73%, 162, 0, 0, 571.43, 76810, 38183, 727.73%, 1863, 1863
1706881237, 4, 193, 299, 0, 0, 727.73%, 162, 0, 0, 570.00, 76905, 38259, 727.73%, 1863, 1863
1706881238, 4, 193, 299, 0, 0, 727.73%, 162, 0, 0, 636.67, 76988, 38367, 727.73%, 1863, 1863
1706881238, 4, 193, 299, 0, 0, 727.73%, 162, 0, 0, 631.23, 77070, 38475, 727.73%, 1863, 1863
1706881238, 4, 193, 299, 0, 0, 727.73%, 162, 0, 0, 607.97, 77148, 38580, 727.73%, 1863, 1863
1706881238, 4, 194, 299, 0, 0, 727.73%, 162, 0, 0, 586.67, 77234, 38670, 727.73%, 1863, 1863
1706881239, 4, 198, 299, 0, 0, 727.73%, 162, 0, 0, 623.33, 77345, 38746, 727.73%, 1863, 1863
1706881239, 4, 198, 299, 0, 0, 727.73%, 162, 0, 0, 606.67, 77457, 38816, 727.73%, 1863, 1863
1706881239, 4, 198, 299, 0, 0, 727.73%, 162, 0, 0, 616.67, 77568, 38890, 727.73%, 1863, 1863
1706881240, 4, 198, 299, 0, 0, 727.73%, 162, 0, 0, 611.30, 77687, 38955, 727.73%, 1863, 1863
1706881240, 4, 198, 299, 0, 0, 727.73%, 162, 0, 0, 617.94, 77800, 39028, 727.73%, 1863, 1863
1706881240, 4, 199, 299, 0, 0, 727.73%, 162, 0, 0, 671.10, 77936, 39094, 727.73%, 1863, 1863
1706881241, 4, 199, 299, 0, 0, 727.73%, 162, 0, 0, 621.26, 78087, 39130, 727.73%, 1863, 1863
1706881241, 4, 199, 299, 0, 0, 727.73%, 162, 0, 0, 673.33, 78233, 39186, 727.73%, 1863, 1863
1706881241, 4, 199, 299, 0, 0, 727.73%, 163, 0, 0, 646.67, 78379, 39234, 727.73%, 1863, 1863
1706881241, 4, 204, 299, 0, 0, 727.73%, 163, 0, 0, 813.33, 78536, 39321, 727.73%, 1863, 1863
1706881242, 4, 209, 299, 0, 0, 727.73%, 163, 0, 0, 721.15, 78632, 39450, 727.73%, 1863, 1863
1706881242, 4, 209, 299, 0, 0, 727.73%, 163, 0, 0, 671.10, 78730, 39554, 727.73%, 1863, 1863
1706881242, 4, 209, 299, 0, 0, 727.73%, 163, 0, 0, 706.67, 78847, 39649, 727.73%, 1863, 1863
1706881243, 4, 209, 299, 0, 0, 727.73%, 164, 0, 0, 713.33, 78967, 39743, 727.73%, 1863, 1863
1706881243, 4, 211, 299, 0, 0, 727.73%, 164, 0, 0, 716.67, 79079, 39846, 727.73%, 1863, 1863
1706881243, 4, 211, 299, 0, 0, 727.73%, 164, 0, 0, 553.33, 79163, 39928, 727.73%, 1863, 1863
1706881244, 4, 211, 299, 0, 0, 727.73%, 164, 0, 0, 647.25, 79270, 40021, 727.73%, 1863, 1863
1706881244, 4, 211, 299, 0, 0, 727.73%, 164, 0, 0, 660.00, 79379, 40110, 727.73%, 1863, 1863
1706881244, 4, 211, 299, 0, 0, 727.73%, 164, 0, 0, 674.42, 79500, 40192, 727.73%, 1863, 1863
1706881244, 4, 216, 299, 0, 0, 727.73%, 164, 0, 0, 683.33, 79609, 40288, 727.73%, 1863, 1863
1706881245, 4, 220, 299, 0, 0, 727.73%, 164, 0, 0, 526.49, 79700, 40356, 727.73%, 1863, 1863
1706881245, 4, 224, 299, 0, 0, 727.73%, 164, 0, 0, 566.67, 79793, 40433, 727.73%, 1863, 1863
1706881245, 4, 229, 299, 0, 0, 727.73%, 165, 0, 0, 604.65, 79907, 40501, 727.73%, 1863, 1863
1706881246, 4, 233, 299, 0, 0, 727.73%, 165, 0, 0, 530.00, 79990, 40577, 727.73%, 1863, 1863
1706881246, 4, 237, 299, 0, 0, 727.73%, 165, 0, 0, 623.33, 80090, 40664, 727.73%, 1863, 1863
1706881246, 4, 242, 299, 0, 0, 727.73%, 166, 0, 0, 590.00, 80185, 40746, 727.73%, 1863, 1863
1706881247, 4, 245, 299, 0, 0, 727.73%, 166, 0, 0, 456.67, 80257, 40811, 727.73%, 1863, 1863
1706881247, 4, 248, 299, 0, 0, 727.73%, 166, 0, 0, 397.35, 80337, 40851, 727.73%, 1863, 1863
1706881247, 4, 251, 299, 0, 0, 727.73%, 166, 0, 0, 451.83, 80421, 40903, 727.73%, 1863, 1863
1706881247, 4, 257, 299, 0, 0, 727.73%, 166, 0, 0, 716.67, 80527, 41012, 727.73%, 1863, 1863
1706881248, 4, 262, 299, 0, 0, 727.73%, 166, 0, 0, 591.36, 80634, 41083, 727.73%, 1863, 1863
1706881248, 4, 265, 299, 0, 0, 727.73%, 166, 0, 0, 486.75, 80717, 41147, 727.73%, 1863, 1863
1706881248, 4, 270, 299, 0, 0, 727.73%, 166, 0, 0, 553.33, 80809, 41221, 727.73%, 1863, 1863
1706881249, 4, 274, 299, 0, 0, 727.73%, 166, 0, 0, 488.75, 80891, 41291, 727.73%, 1863, 1863
1706881249, 4, 277, 300, 0, 0, 727.73%, 166, 0, 0, 478.41, 80966, 41360, 727.73%, 1863, 1863
1706881249, 4, 280, 301, 0, 0, 727.73%, 166, 0, 0, 431.89, 81041, 41415, 727.73%, 1863, 1863
1706881250, 4, 284, 302, 0, 0, 727.73%, 166, 0, 0, 438.54, 81104, 41484, 727.73%, 1863, 1863
1706881250, 4, 287, 302, 0, 0, 727.73%, 166, 0, 0, 452.15, 81176, 41549, 727.73%, 1863, 1863
1706881250, 4, 290, 302, 0, 0, 727.73%, 166, 0, 0, 334.38, 81221, 41610, 727.73%, 1863, 1863
1706881251, 4, 292, 302, 0, 0, 727.73%, 167, 0, 0, 352.56, 81281, 41660, 727.73%, 1863, 1863
1706881251, 4, 294, 305, 0, 0, 728.52%, 168, 0, 0, 885.33, 81527, 41746, 728.52%, 1865, 1865
1706881251, 4, 300, 307, 0, 0, 728.91%, 168, 0, 0, 723.33, 81666, 41824, 728.91%, 1866, 1866
1706881252, 4, 302, 307, 0, 0, 728.91%, 168, 0, 0, 790.00, 81844, 41883, 728.91%, 1866, 1866
1706881252, 5, 0, 308, 0, 0, 728.91%, 168, 0, 0, 2223.33, 82283, 42111, 728.91%, 1866, 1866
1706881252, 5, 1, 308, 0, 0, 728.91%, 168, 0, 0, 1856.67, 82763, 42188, 728.91%, 1866, 1866
1706881252, 5, 4, 308, 0, 0, 728.91%, 168, 0, 0, 2121.02, 83381, 42236, 728.91%, 1866, 1866
1706881253, 5, 7, 308, 0, 0, 728.91%, 168, 0, 0, 2300.00, 83966, 42341, 728.91%, 1866, 1866
1706881253, 5, 10, 308, 0, 0, 728.91%, 168, 0, 0, 2513.33, 84581, 42480, 728.91%, 1866, 1866
1706881253, 5, 12, 308, 0, 0, 728.91%, 169, 0, 0, 2423.33, 85222, 42566, 728.91%, 1866, 1866
1706881254, 5, 14, 308, 0, 0, 728.91%, 169, 0, 0, 2210.00, 85813, 42638, 728.91%, 1866, 1866
1706881254, 5, 19, 308, 0, 0, 728.91%, 169, 0, 0, 1243.33, 86107, 42717, 728.91%, 1866, 1866
1706881254, 5, 19, 308, 0, 0, 728.91%, 169, 0, 0, 1060.00, 86344, 42798, 728.91%, 1866, 1866
1706881255, 5, 30, 308, 0, 0, 728.91%, 169, 0, 0, 2266.67, 86895, 42927, 728.91%, 1866, 1866
1706881255, 5, 33, 308, 0, 0, 728.91%, 169, 0, 0, 2540.00, 87542, 43042, 728.91%, 1866, 1866
1706881255, 5, 39, 308, 0, 0, 728.91%, 170, 0, 0, 1226.67, 87792, 43160, 728.91%, 1866, 1866
1706881255, 5, 39, 308, 0, 0, 728.91%, 170, 0, 0, 926.91, 87945, 43286, 728.91%, 1866, 1866
1706881256, 5, 39, 308, 0, 0, 728.91%, 170, 0, 0, 930.00, 88098, 43412, 728.91%, 1866, 1866
1706881256, 5, 45, 308, 0, 0, 728.91%, 170, 0, 0, 1113.33, 88355, 43489, 728.91%, 1866, 1866
1706881256, 5, 45, 308, 0, 0, 728.91%, 170, 0, 0, 970.00, 88564, 43571, 728.91%, 1866, 1866
1706881257, 5, 46, 308, 0, 0, 728.91%, 170, 0, 0, 910.00, 88749, 43659, 728.91%, 1866, 1866
1706881257, 5, 46, 308, 0, 0, 728.91%, 170, 0, 0, 840.53, 88918, 43743, 728.91%, 1866, 1866
1706881257, 5, 46, 308, 0, 0, 728.91%, 170, 0, 0, 800.00, 89078, 43823, 728.91%, 1866, 1866
1706881258, 5, 49, 308, 0, 0, 728.91%, 170, 0, 0, 936.67, 89272, 43910, 728.91%, 1866, 1866
1706881258, 5, 49, 308, 0, 0, 728.91%, 171, 0, 0, 1296.67, 89486, 44085, 728.91%, 1866, 1866
1706881258, 5, 53, 308, 0, 0, 728.91%, 172, 0, 0, 1313.33, 89720, 44245, 728.91%, 1866, 1866
1706881258, 5, 63, 308, 0, 0, 728.91%, 172, 0, 0, 1020.00, 89937, 44334, 728.91%, 1866, 1866
1706881259, 5, 75, 308, 0, 0, 728.91%, 172, 0, 0, 1160.00, 90186, 44433, 728.91%, 1866, 1866
1706881259, 5, 80, 308, 0, 0, 728.91%, 173, 0, 0, 1153.33, 90396, 44569, 728.91%, 1866, 1866
1706881259, 5, 80, 308, 0, 0, 728.91%, 173, 0, 0, 1086.67, 90585, 44706, 728.91%, 1866, 1866
1706881260, 5, 81, 308, 0, 0, 728.91%, 173, 0, 0, 1396.67, 90882, 44828, 728.91%, 1866, 1866
1706881260, 5, 89, 308, 0, 0, 728.91%, 173, 0, 0, 1320.00, 91147, 44959, 728.91%, 1866, 1866
1706881260, 5, 98, 308, 0, 0, 728.91%, 173, 0, 0, 1123.33, 91339, 45104, 728.91%, 1866, 1866
1706881261, 5, 108, 308, 0, 0, 728.91%, 173, 0, 0, 1096.67, 91552, 45220, 728.91%, 1866, 1866
1706881261, 5, 114, 308, 0, 0, 728.91%, 173, 0, 0, 763.33, 91711, 45290, 728.91%, 1866, 1866
1706881261, 5, 121, 308, 0, 0, 728.91%, 174, 0, 0, 853.33, 91887, 45370, 728.91%, 1866, 1866
1706881261, 5, 129, 308, 0, 0, 728.91%, 174, 0, 0, 963.33, 92077, 45469, 728.91%, 1866, 1866
1706881262, 5, 138, 308, 0, 0, 728.91%, 174, 0, 0, 1123.33, 92277, 45606, 728.91%, 1866, 1866
1706881262, 5, 146, 308, 0, 0, 728.91%, 175, 0, 0, 920.00, 92431, 45728, 728.91%, 1866, 1866
1706881262, 5, 152, 308, 0, 0, 728.91%, 175, 0, 0, 858.70, 92585, 45811, 728.91%, 1866, 1866
