# unix_time, cycles_done, cur_path, paths_total, pending_total, pending_favs, map_size, unique_crashes, unique_hangs, max_depth, execs_per_sec, valid_inputs, invalid_inputs, valid_cov, all_covered_probes, valid_covered_probes
1706881086, 0, 0, 1, 0, 0, 323.44%, 0, 0, 0, 0.27, 1, 0, 323.44%, 828, 828
1706881086, 0, 0, 16, 0, 0, 596.48%, 3, 0, 0, 98.84, 31, 4, 596.48%, 1527, 1527
1706881087, 0, 0, 26, 0, 0, 714.06%, 4, 0, 0, 163.46, 74, 12, 714.06%, 1828, 1828
1706881087, 0, 0, 32, 0, 0, 718.75%, 9, 0, 0, 145.21, 106, 24, 718.75%, 1840, 1840
1706881087, 0, 0, 38, 0, 0, 721.09%, 12, 0, 0, 385.09, 211, 43, 721.09%, 1846, 1846
1706881087, 0, 0, 43, 0, 0, 721.09%, 13, 0, 0, 272.73, 290, 54, 721.09%, 1846, 1846
1706881088, 0, 0, 48, 0, 0, 721.09%, 14, 0, 0, 170.83, 357, 69, 721.09%, 1846, 1846
1706881088, 0, 1, 52, 0, 0, 721.09%, 16, 0, 0, 276.92, 437, 79, 721.09%, 1846, 1846
1706881089, 0, 1, 55, 0, 0, 721.09%, 17, 0, 0, 332.28, 532, 89, 721.09%, 1846, 1846
1706881089, 0, 1, 59, 0, 0, 721.09%, 20, 0, 0, 335.50, 619, 105, 721.09%, 1846, 1846
1706881089, 0, 1, 61, 0, 0, 721.88%, 20, 0, 0, 135.22, 657, 110, 721.88%, 1848, 1848
1706881090, 0, 2, 64, 0, 0, 721.88%, 23, 0, 0, 378.38, 767, 126, 721.88%, 1848, 1848
1706881090, 0, 2, 64, 0, 0, 721.88%, 23, 0, 0, 530.30, 909, 159, 721.88%, 1848, 1848
1706881090, 0, 3, 67, 0, 0, 721.88%, 23, 0, 0, 727.85, 1095, 203, 721.88%, 1848, 1848
1706881091, 0, 4, 69, 0, 0, 721.88%, 24, 0, 0, 398.18, 1208, 221, 721.88%, 1848, 1848
1706881091, 0, 4, 71, 0, 0, 723.05%, 24, 0, 0, 215.23, 1260, 234, 723.05%, 1851, 1851
1706881091, 0, 4, 72, 0, 0, 723.05%, 24, 0, 0, 66.67, 1294, 242, 723.05%, 1851, 1851
1706881092, 0, 4, 72, 0, 0, 723.05%, 24, 0, 0, 243.90, 1354, 262, 723.05%, 1851, 1851
1706881092, 0, 4, 74, 0, 0, 723.05%, 25, 0, 0, 314.37, 1430, 291, 723.05%, 1851, 1851
1706881092, 0, 5, 78, 0, 0, 723.05%, 25, 0, 0, 366.67, 1534, 308, 723.05%, 1851, 1851
1706881093, 0, 5, 79, 0, 0, 723.05%, 26, 0, 0, 320.00, 1612, 326, 723.05%, 1851, 1851
1706881093, 0, 6, 79, 0, 0, 723.05%, 26, 0, 0, 612.70, 1790, 341, 723.05%, 1851, 1851
1706881093, 0, 6, 79, 0, 0, 723.05%, 26, 0, 0, 374.30, 1913, 352, 723.05%, 1851, 1851
1706881094, 0, 6, 80, 0, 0, 723.05%, 26, 0, 0, 241.04, 1980, 359, 723.05%, 1851, 1851
1706881094, 0, 7, 81, 0, 0, 723.05%, 26, 0, 0, 546.30, 2143, 373, 723.05%, 1851, 1851
1706881094, 0, 7, 82, 0, 0, 723.05%, 26, 0, 0, 436.67, 2260, 387, 723.05%, 1851, 1851
1706881095, 0, 8, 83, 0, 0, 723.05%, 26, 0, 0, 633.33, 2419, 418, 723.05%, 1851, 1851
1706881095, 0, 8, 84, 0, 0, 723.05%, 26, 0, 0, 266.45, 2478, 440, 723.05%, 1851, 1851
1706881095, 0, 9, 85, 0, 0, 723.05%, 26, 0, 0, 375.00, 2590, 463, 723.05%, 1851, 1851
1706881096, 0, 9, 85, 0, 0, 723.05%, 27, 0, 0, 673.33, 2751, 504, 723.05%, 1851, 1851
1706881096, 0, 10, 89, 0, 0, 723.05%, 27, 0, 0, 720.00, 2943, 528, 723.05%, 1851, 1851
1706881096, 0, 11, 90, 0, 0, 723.05%, 27, 0, 0, 748.39, 3164, 539, 723.05%, 1851, 1851
1706881097, 0, 11, 91, 0, 0, 723.05%, 28, 0, 0, 743.33, 3358, 568, 723.05%, 1851, 1851
1706881097, 0, 12, 91, 0, 0, 723.05%, 28, 0, 0, 471.98, 3488, 598, 723.05%, 1851, 1851
1706881097, 0, 13, 93, 0, 0, 723.05%, 29, 0, 0, 686.67, 3647, 645, 723.05%, 1851, 1851
1706881097, 0, 15, 94, 0, 0, 723.05%, 30, 0, 0, 946.67, 3895, 681, 723.05%, 1851, 1851
1706881098, 0, 16, 95, 0, 0, 723.05%, 32, 0, 0, 888.52, 4149, 698, 723.05%, 1851, 1851
1706881098, 0, 16, 101, 0, 0, 723.05%, 33, 0, 0, 213.33, 4199, 712, 723.05%, 1851, 1851
1706881098, 0, 16, 103, 0, 0, 723.05%, 34, 0, 0, 186.63, 4243, 735, 723.05%, 1851, 1851
1706881099, 0, 16, 103, 0, 0, 723.05%, 35, 0, 0, 49.11, 4265, 746, 723.05%, 1851, 1851
1706881100, 0, 16, 106, 0, 0, 723.05%, 35, 0, 0, 70.04, 4294, 764, 723.05%, 1851, 1851
1706881100, 0, 16, 108, 0, 0, 723.05%, 36, 0, 0, 266.67, 4349, 789, 723.05%, 1851, 1851
1706881101, 0, 16, 109, 0, 0, 723.05%, 38, 0, 0, 174.74, 4408, 813, 723.05%, 1851, 1851
1706881101, 0, 16, 111, 0, 0, 723.05%, 38, 0, 0, 275.23, 4472, 839, 723.05%, 1851, 1851
1706881101, 0, 16, 111, 0, 0, 723.05%, 40, 0, 0, 300.33, 4537, 865, 723.05%, 1851, 1851
1706881102, 0, 16, 113, 0, 0, 723.05%, 41, 0, 0, 325.78, 4623, 894, 723.05%, 1851, 1851
1706881102, 0, 16, 114, 0, 0, 723.05%, 41, 0, 0, 245.45, 4691, 907, 723.05%, 1851, 1851
1706881102, 0, 19, 115, 0, 0, 723.05%, 41, 0, 0, 1180.00, 4980, 972, 723.05%, 1851, 1851
1706881102, 0, 24, 117, 0, 0, 723.05%, 43, 0, 0, 520.00, 5091, 1017, 723.05%, 1851, 1851
1706881103, 0, 24, 121, 0, 0, 723.05%, 44, 0, 0, 450.00, 5176, 1067, 723.05%, 1851, 1851
1706881103, 0, 24, 123, 0, 0, 723.05%, 44, 0, 0, 277.23, 5237, 1090, 723.05%, 1851, 1851
1706881103, 0, 24, 124, 0, 0, 723.05%, 44, 0, 0, 279.76, 5298, 1123, 723.05%, 1851, 1851
1706881104, 0, 24, 124, 0, 0, 723.05%, 46, 0, 0, 242.24, 5369, 1169, 723.05%, 1851, 1851
1706881104, 0, 24, 126, 0, 0, 723.05%, 49, 0, 0, 496.75, 5463, 1228, 723.05%, 1851, 1851
1706881104, 0, 25, 127, 0, 0, 723.05%, 49, 0, 0, 801.98, 5686, 1248, 723.05%, 1851, 1851
1706881105, 0, 26, 127, 0, 0, 723.05%, 49, 0, 0, 700.00, 5867, 1277, 723.05%, 1851, 1851
1706881105, 0, 27, 127, 0, 0, 723.05%, 50, 0, 0, 629.97, 6029, 1321, 723.05%, 1851, 1851
1706881105, 0, 31, 127, 0, 0, 723.05%, 51, 0, 0, 423.33, 6128, 1349, 723.05%, 1851, 1851
1706881106, 0, 31, 130, 0, 0, 723.05%, 51, 0, 0, 408.50, 6214, 1388, 723.05%, 1851, 1851
1706881106, 0, 31, 130, 0, 0, 723.05%, 52, 0, 0, 373.33, 6299, 1415, 723.05%, 1851, 1851
1706881106, 0, 31, 130, 0, 0, 723.05%, 53, 0, 0, 126.67, 6329, 1423, 723.05%, 1851, 1851
1706881107, 0, 31, 131, 0, 0, 723.05%, 54, 0, 0, 406.67, 6417, 1457, 723.05%, 1851, 1851
1706881107, 0, 31, 134, 0, 0, 723.44%, 55, 0, 0, 323.33, 6483, 1488, 723.44%, 1852, 1852
1706881107, 0, 31, 134, 0, 0, 723.44%, 55, 0, 0, 295.68, 6544, 1516, 723.44%, 1852, 1852
1706881108, 0, 34, 136, 0, 0, 723.44%, 55, 0, 0, 379.94, 6642, 1543, 723.44%, 1852, 1852
1706881108, 0, 34, 138, 0, 0, 723.44%, 56, 0, 0, 363.33, 6724, 1570, 723.44%, 1852, 1852
1706881108, 0, 34, 138, 0, 0, 723.44%, 56, 0, 0, 285.71, 6783, 1605, 723.44%, 1852, 1852
1706881108, 0, 34, 139, 0, 0, 723.44%, 56, 0, 0, 513.33, 6890, 1652, 723.44%, 1852, 1852
1706881109, 0, 34, 141, 0, 0, 723.44%, 56, 0, 0, 443.33, 6971, 1704, 723.44%, 1852, 1852
1706881109, 0, 34, 141, 0, 0, 723.44%, 57, 0, 0, 161.68, 7009, 1720, 723.44%, 1852, 1852
1706881109, 0, 34, 141, 0, 0, 723.44%, 57, 0, 0, 430.00, 7094, 1764, 723.44%, 1852, 1852
1706881110, 0, 37, 143, 0, 0, 723.44%, 58, 0, 0, 475.25, 7192, 1810, 723.44%, 1852, 1852
1706881110, 0, 37, 144, 0, 0, 723.44%, 58, 0, 0, 550.00, 7298, 1869, 723.44%, 1852, 1852
1706881110, 0, 37, 144, 0, 0, 723.44%, 58, 0, 0, 550.82, 7403, 1932, 723.44%, 1852, 1852
1706881111, 0, 37, 144, 0, 0, 723.44%, 58, 0, 0, 465.84, 7500, 1985, 723.44%, 1852, 1852
1706881111, 0, 37, 144, 0, 0, 723.44%, 58, 0, 0, 501.59, 7612, 2031, 723.44%, 1852, 1852
1706881111, 0, 38, 144, 0, 0, 723.44%, 60, 0, 0, 351.44, 7684, 2069, 723.44%, 1852, 1852
1706881112, 0, 42, 145, 0, 0, 723.44%, 62, 0, 0, 593.33, 7788, 2143, 723.44%, 1852, 1852
1706881112, 0, 45, 146, 0, 0, 723.44%, 64, 0, 0, 357.83, 7865, 2178, 723.44%, 1852, 1852
1706881112, 0, 54, 146, 0, 0, 723.44%, 64, 0, 0, 760.00, 8024, 2247, 723.44%, 1852, 1852
1706881112, 0, 57, 147, 0, 0, 723.44%, 64, 0, 0, 345.51, 8095, 2280, 723.44%, 1852, 1852
1706881113, 0, 59, 151, 0, 0, 723.44%, 64, 0, 0, 646.67, 8217, 2352, 723.44%, 1852, 1852
1706881113, 0, 59, 152, 0, 0, 723.44%, 64, 0, 0, 443.77, 8320, 2395, 723.44%, 1852, 1852
1706881113, 0, 59, 152, 0, 0, 723.44%, 65, 0, 0, 365.92, 8393, 2453, 723.44%, 1852, 1852
1706881114, 0, 59, 152, 0, 0, 723.44%, 65, 0, 0, 220.00, 8437, 2475, 723.44%, 1852, 1852
1706881114, 0, 59, 153, 0, 0, 723.44%, 65, 0, 0, 521.59, 8549, 2520, 723.44%, 1852, 1852
1706881114, 0, 62, 155, 0, 0, 723.44%, 65, 0, 0, 663.33, 8664, 2604, 723.44%, 1852, 1852
1706881115, 0, 67, 156, 0, 0, 723.44%, 65, 0, 0, 625.83, 8788, 2669, 723.44%, 1852, 1852
1706881115, 0, 71, 156, 0, 0, 723.44%, 65, 0, 0, 1282.39, 9094, 2749, 723.44%, 1852, 1852
1706881115, 0, 76, 159, 0, 0, 723.44%, 65, 0, 0, 626.67, 9214, 2817, 723.44%, 1852, 1852
1706881116, 0, 82, 162, 0, 0, 724.61%, 66, 0, 0, 716.67, 9353, 2893, 724.61%, 1855, 1855
1706881116, 0, 87, 162, 0, 0, 724.61%, 68, 0, 0, 717.61, 9459, 3003, 724.61%, 1855, 1855
1706881116, 0, 93, 163, 0, 0, 724.61%, 68, 0, 0, 516.67, 9571, 3046, 724.61%, 1855, 1855
1706881116, 0, 96, 163, 0, 0, 724.61%, 68, 0, 0, 485.05, 9669, 3094, 724.61%, 1855, 1855
1706881117, 0, 100, 166, 0, 0, 724.61%, 68, 0, 0, 421.93, 9756, 3134, 724.61%, 1855, 1855
1706881117, 0, 105, 166, 0, 0, 724.61%, 69, 0, 0, 700.00, 9901, 3199, 724.61%, 1855, 1855
1706881117, 0, 110, 167, 0, 0, 724.61%, 70, 0, 0, 703.33, 10030, 3281, 724.61%, 1855, 1855
1706881118, 0, 116, 172, 0, 0, 724.61%, 70, 0, 0, 720.00, 10176, 3351, 724.61%, 1855, 1855
1706881118, 0, 123, 174, 0, 0, 724.61%, 71, 0, 0, 803.99, 10331, 3438, 724.61%, 1855, 1855
1706881118, 0, 127, 175, 0, 0, 724.61%, 73, 0, 0, 550.96, 10444, 3498, 724.61%, 1855, 1855
1706881119, 0, 131, 178, 0, 0, 726.56%, 73, 0, 0, 556.63, 10553, 3561, 726.56%, 1860, 1860
1706881119, 0, 131, 180, 0, 0, 726.56%, 73, 0, 0, 530.00, 10652, 3621, 726.56%, 1860, 1860
1706881119, 0, 131, 182, 0, 0, 728.13%, 73, 0, 0, 626.67, 10779, 3682, 728.13%, 1864, 1864
1706881120, 0, 131, 183, 0, 0, 729.30%, 73, 0, 0, 637.87, 10898, 3755, 729.30%, 1867, 1867
1706881120, 0, 131, 186, 0, 0, 729.30%, 74, 0, 0, 556.67, 10995, 3825, 729.30%, 1867, 1867
1706881120, 0, 135, 189, 0, 0, 729.30%, 74, 0, 0, 703.33, 11116, 3915, 729.30%, 1867, 1867
1706881120, 0, 141, 191, 0, 0, 729.30%, 74, 0, 0, 843.33, 11281, 4003, 729.30%, 1867, 1867
1706881121, 0, 148, 193, 0, 0, 729.30%, 74, 0, 0, 753.33, 11430, 4080, 729.30%, 1867, 1867
1706881121, 0, 154, 195, 0, 0, 729.30%, 75, 0, 0, 880.00, 11589, 4185, 729.30%, 1867, 1867
1706881121, 0, 161, 197, 0, 0, 729.30%, 78, 0, 0, 796.67, 11718, 4295, 729.30%, 1867, 1867
1706881122, 0, 161, 201, 0, 0, 729.30%, 79, 0, 0, 553.33, 11800, 4379, 729.30%, 1867, 1867
1706881122, 0, 161, 201, 0, 0, 729.30%, 81, 0, 0, 540.00, 11887, 4454, 729.30%, 1867, 1867
1706881122, 0, 161, 204, 0, 0, 729.30%, 81, 0, 0, 480.00, 11966, 4519, 729.30%, 1867, 1867
1706881123, 0, 161, 204, 0, 0, 729.30%, 81, 0, 0, 555.92, 12043, 4611, 729.30%, 1867, 1867
1706881123, 0, 161, 204, 0, 0, 729.30%, 81, 0, 0, 564.78, 12119, 4705, 729.30%, 1867, 1867
1706881123, 0, 167, 204, 0, 0, 729.30%, 85, 0, 0, 703.33, 12255, 4780, 729.30%, 1867, 1867
1706881123, 0, 173, 204, 0, 0, 729.30%, 86, 0, 0, 823.33, 12414, 4868, 729.30%, 1867, 1867
1706881124, 0, 175, 204, 0, 0, 729.30%, 86, 0, 0, 704.32, 12540, 4954, 729.30%, 1867, 1867
1706881124, 0, 175, 204, 0, 0, 729.30%, 86, 0, 0, 656.67, 12668, 5023, 729.30%, 1867, 1867
1706881124, 0, 175, 204, 0, 0, 729.30%, 86, 0, 0, 673.33, 12783, 5110, 729.30%, 1867, 1867
1706881125, 0, 175, 206, 0, 0, 729.30%, 86, 0, 0, 647.84, 12908, 5180, 729.30%, 1867, 1867
1706881125, 0, 176, 206, 0, 0, 729.30%, 87, 0, 0, 670.00, 13030, 5259, 729.30%, 1867, 1867
1706881125, 0, 176, 206, 0, 0, 729.30%, 88, 0, 0, 684.39, 13145, 5350, 729.30%, 1867, 1867
1706881126, 0, 176, 207, 0, 0, 729.30%, 88, 0, 0, 666.67, 13257, 5438, 729.30%, 1867, 1867
1706881126, 0, 176, 208, 0, 0, 729.30%, 88, 0, 0, 670.00, 13369, 5527, 729.30%, 1867, 1867
1706881126, 0, 179, 208, 0, 0, 729.30%, 89, 0, 0, 663.33, 13479, 5616, 729.30%, 1867, 1867
1706881126, 0, 180, 208, 0, 0, 729.30%, 89, 0, 0, 680.00, 13607, 5692, 729.30%, 1867, 1867
1706881127, 0, 180, 209, 0, 0, 729.30%, 89, 0, 0, 556.25, 13703, 5774, 729.30%, 1867, 1867
1706881127, 0, 180, 210, 0, 0, 729.30%, 89, 0, 0, 554.82, 13797, 5847, 729.30%, 1867, 1867
1706881127, 0, 180, 210, 0, 0, 729.30%, 89, 0, 0, 683.33, 13925, 5924, 729.30%, 1867, 1867
1706881128, 0, 181, 210, 0, 0, 729.30%, 89, 0, 0, 700.00, 14053, 6006, 729.30%, 1867, 1867
1706881128, 0, 181, 210, 0, 0, 729.30%, 89, 0, 0, 631.23, 14173, 6076, 729.30%, 1867, 1867
1706881128, 0, 181, 210, 0, 0, 729.30%, 89, 0, 0, 636.67, 14299, 6141, 729.30%, 1867, 1867
1706881129, 0, 181, 210, 0, 0, 729.30%, 90, 0, 0, 573.33, 14399, 6213, 729.30%, 1867, 1867
1706881129, 0, 182, 210, 0, 0, 729.30%, 90, 0, 0, 633.33, 14517, 6285, 729.30%, 1867, 1867
1706881129, 0, 182, 210, 0, 0, 729.30%, 90, 0, 0, 671.10, 14648, 6356, 729.30%, 1867, 1867
1706881129, 0, 182, 210, 0, 0, 729.30%, 90, 0, 0, 684.39, 14780, 6430, 729.30%, 1867, 1867
1706881130, 0, 182, 210, 0, 0, 729.30%, 90, 0, 0, 664.45, 14917, 6493, 729.30%, 1867, 1867
1706881130, 0, 184, 210, 0, 0, 729.30%, 90, 0, 0, 683.33, 15049, 6566, 729.30%, 1867, 1867
1706881130, 0, 189, 212, 0, 0, 729.30%, 93, 0, 0, 620.00, 15150, 6651, 729.30%, 1867, 1867
1706881131, 0, 194, 213, 0, 0, 729.30%, 94, 0, 0, 764.12, 15271, 6760, 729.30%, 1867, 1867
1706881131, 0, 199, 214, 0, 0, 729.30%, 95, 0, 0, 666.67, 15387, 6844, 729.30%, 1867, 1867
1706881131, 0, 203, 214, 0, 0, 729.30%, 95, 0, 0, 495.02, 15465, 6915, 729.30%, 1867, 1867
1706881132, 0, 207, 214, 0, 0, 729.30%, 95, 0, 0, 536.67, 15547, 6994, 729.30%, 1867, 1867
1706881132, 0, 211, 217, 0, 0, 729.30%, 98, 0, 0, 610.00, 15637, 7087, 729.30%, 1867, 1867
1706881132, 0, 216, 219, 0, 0, 729.30%, 99, 0, 0, 556.67, 15732, 7159, 729.30%, 1867, 1867
1706881132, 1, 0, 220, 0, 0, 729.30%, 99, 0, 0, 1080.00, 15966, 7249, 729.30%, 1867, 1867
1706881133, 1, 2, 221, 0, 0, 729.30%, 99, 0, 0, 2333.33, 16564, 7351, 729.30%, 1867, 1867
1706881133, 1, 4, 221, 0, 0, 729.30%, 100, 0, 0, 2446.67, 17139, 7510, 729.30%, 1867, 1867
1706881133, 1, 7, 221, 0, 0, 729.30%, 100, 0, 0, 2270.00, 17745, 7585, 729.30%, 1867, 1867
1706881134, 1, 8, 221, 0, 0, 729.30%, 101, 0, 0, 2223.33, 18326, 7671, 729.30%, 1867, 1867
1706881134, 1, 10, 221, 0, 0, 729.30%, 101, 0, 0, 2053.16, 18845, 7770, 729.30%, 1867, 1867
1706881134, 1, 14, 221, 0, 0, 729.30%, 103, 0, 0, 2346.67, 19437, 7882, 729.30%, 1867, 1867
1706881135, 1, 16, 221, 0, 0, 729.30%, 103, 0, 0, 1816.67, 19927, 7937, 729.30%, 1867, 1867
1706881135, 1, 16, 221, 0, 0, 729.30%, 103, 0, 0, 864.69, 20113, 8013, 729.30%, 1867, 1867
1706881135, 1, 16, 221, 0, 0, 729.30%, 103, 0, 0, 973.33, 20334, 8084, 729.30%, 1867, 1867
1706881135, 1, 20, 221, 0, 0, 729.30%, 103, 0, 0, 1583.33, 20710, 8183, 729.30%, 1867, 1867
1706881136, 1, 24, 221, 0, 0, 729.30%, 105, 0, 0, 1273.33, 20965, 8310, 729.30%, 1867, 1867
1706881136, 1, 25, 221, 0, 0, 729.30%, 105, 0, 0, 1253.33, 21196, 8455, 729.30%, 1867, 1867
1706881136, 1, 31, 221, 0, 0, 729.30%, 105, 0, 0, 2316.67, 21817, 8529, 729.30%, 1867, 1867
1706881137, 1, 31, 221, 0, 0, 729.30%, 105, 0, 0, 993.33, 22030, 8614, 729.30%, 1867, 1867
1706881137, 1, 31, 221, 0, 0, 729.30%, 105, 0, 0, 950.00, 22240, 8689, 729.30%, 1867, 1867
1706881137, 1, 34, 221, 0, 0, 729.30%, 105, 0, 0, 1093.33, 22456, 8801, 729.30%, 1867, 1867
1706881138, 1, 34, 221, 0, 0, 729.30%, 105, 0, 0, 946.67, 22631, 8910, 729.30%, 1867, 1867
1706881138, 1, 34, 221, 0, 0, 729.30%, 105, 0, 0, 903.33, 22806, 9006, 729.30%, 1867, 1867
1706881138, 1, 37, 221, 0, 0, 729.30%, 105, 0, 0, 1030.00, 23013, 9108, 729.30%, 1867, 1867
1706881138, 1, 37, 221, 0, 0, 729.30%, 105, 0, 0, 1033.33, 23212, 9219, 729.30%, 1867, 1867
1706881139, 1, 40, 221, 0, 0, 729.30%, 106, 0, 0, 1000.00, 23411, 9320, 729.30%, 1867, 1867
1706881139, 1, 48, 221, 0, 0, 729.30%, 107, 0, 0, 856.67, 23575, 9413, 729.30%, 1867, 1867
1706881139, 1, 58, 221, 0, 0, 729.30%, 107, 0, 0, 966.67, 23790, 9488, 729.30%, 1867, 1867
1706881140, 1, 59, 221, 0, 0, 729.30%, 107, 0, 0, 1090.00, 24000, 9605, 729.30%, 1867, 1867
1706881140, 1, 59, 221, 0, 0, 729.30%, 107, 0, 0, 1223.33, 24235, 9737, 729.30%, 1867, 1867
1706881140, 1, 66, 221, 0, 0, 729.30%, 108, 0, 0, 1090.00, 24444, 9855, 729.30%, 1867, 1867
1706881141, 1, 72, 221, 0, 0, 729.30%, 108, 0, 0, 1529.61, 24791, 9973, 729.30%, 1867, 1867
1706881141, 1, 79, 221, 0, 0, 729.30%, 108, 0, 0, 870.00, 24967, 10058, 729.30%, 1867, 1867
1706881141, 1, 86, 221, 0, 0, 729.30%, 108, 0, 0, 916.67, 25128, 10172, 729.30%, 1867, 1867
1706881141, 1, 94, 221, 0, 0, 729.30%, 108, 0, 0, 870.00, 25309, 10252, 729.30%, 1867, 1867
1706881142, 1, 101, 221, 0, 0, 729.30%, 108, 0, 0, 893.33, 25494, 10335, 729.30%, 1867, 1867
1706881142, 1, 107, 221, 0, 0, 729.30%, 108, 0, 0, 836.67, 25681, 10399, 729.30%, 1867, 1867
1706881142, 1, 114, 222, 0, 0, 729.30%, 108, 0, 0, 883.33, 25862, 10483, 729.30%, 1867, 1867
1706881143, 1, 123, 222, 0, 0, 729.30%, 110, 0, 0, 1056.67, 26067, 10595, 729.30%, 1867, 1867
1706881143, 1, 130, 222, 0, 0, 729.30%, 112, 0, 0, 893.33, 26249, 10681, 729.30%, 1867, 1867
1706881143, 1, 131, 222, 0, 0, 729.30%, 112, 0, 0, 617.94, 26364, 10752, 729.30%, 1867, 1867
1706881144, 1, 131, 222, 0, 0, 729.30%, 112, 0, 0, 661.13, 26490, 10825, 729.30%, 1867, 1867
1706881144, 1, 131, 222, 0, 0, 729.30%, 112, 0, 0, 630.00, 26607, 10897, 729.30%, 1867, 1867
1706881144, 1, 131, 222, 0, 0, 729.30%, 112, 0, 0, 637.87, 26731, 10965, 729.30%, 1867, 1867
1706881144, 1, 134, 222, 0, 0, 729.30%, 112, 0, 0, 606.67, 26851, 11027, 729.30%, 1867, 1867
1706881145, 1, 140, 222, 0, 0, 729.30%, 112, 0, 0, 773.33, 26994, 11116, 729.30%, 1867, 1867
1706881145, 1, 148, 222, 0, 0, 729.30%, 112, 0, 0, 923.33, 27179, 11208, 729.30%, 1867, 1867
1706881145, 1, 154, 223, 0, 0, 729.30%, 115, 0, 0, 893.33, 27338, 11317, 729.30%, 1867, 1867
1706881146, 1, 161, 223, 0, 0, 729.30%, 116, 0, 0, 814.57, 27477, 11424, 729.30%, 1867, 1867
1706881146, 1, 161, 224, 0, 0, 729.30%, 117, 0, 0, 578.07, 27561, 11514, 729.30%, 1867, 1867
1706881146, 1, 161, 224, 0, 0, 729.30%, 117, 0, 0, 580.00, 27655, 11594, 729.30%, 1867, 1867
1706881147, 1, 161, 224, 0, 0, 729.30%, 117, 0, 0, 500.00, 27732, 11667, 729.30%, 1867, 1867
1706881147, 1, 161, 224, 0, 0, 729.30%, 118, 0, 0, 453.33, 27804, 11731, 729.30%, 1867, 1867
1706881147, 1, 161, 224, 0, 0, 729.30%, 118, 0, 0, 483.33, 27880, 11800, 729.30%, 1867, 1867
1706881147, 1, 166, 224, 0, 0, 729.30%, 118, 0, 0, 626.67, 28004, 11864, 729.30%, 1867, 1867
1706881148, 1, 171, 224, 0, 0, 729.30%, 118, 0, 0, 733.33, 28142, 11946, 729.30%, 1867, 1867
1706881148, 1, 175, 224, 0, 0, 729.30%, 118, 0, 0, 731.48, 28294, 12031, 729.30%, 1867, 1867
1706881148, 1, 175, 224, 0, 0, 729.30%, 118, 0, 0, 450.00, 28386, 12074, 729.30%, 1867, 1867
1706881149, 1, 175, 224, 0, 0, 729.30%, 118, 0, 0, 426.67, 28460, 12128, 729.30%, 1867, 1867
1706881149, 1, 175, 224, 0, 0, 729.30%, 118, 0, 0, 556.67, 28571, 12184, 729.30%, 1867, 1867
1706881149, 1, 175, 224, 0, 0, 729.30%, 118, 0, 0, 601.31, 28690, 12249, 729.30%, 1867, 1867
1706881150, 1, 176, 224, 0, 0, 729.30%, 118, 0, 0, 556.67, 28797, 12309, 729.30%, 1867, 1867
1706881150, 1, 176, 224, 0, 0, 729.30%, 118, 0, 0, 541.53, 28893, 12376, 729.30%, 1867, 1867
1706881150, 1, 176, 224, 0, 0, 729.30%, 118, 0, 0, 633.33, 29004, 12455, 729.30%, 1867, 1867
1706881150, 1, 176, 224, 0, 0, 729.30%, 118, 0, 0, 670.00, 29113, 12547, 729.30%, 1867, 1867
1706881151, 1, 177, 224, 0, 0, 729.30%, 118, 0, 0, 646.67, 29230, 12624, 729.30%, 1867, 1867
1706881151, 1, 180, 224, 0, 0, 729.30%, 118, 0, 0, 661.13, 29353, 12700, 729.30%, 1867, 1867
1706881151, 1, 180, 224, 0, 0, 729.30%, 118, 0, 0, 633.33, 29461, 12782, 729.30%, 1867, 1867
1706881152, 1, 180, 224, 0, 0, 729.30%, 118, 0, 0, 657.81, 29584, 12857, 729.30%, 1867, 1867
1706881152, 1, 180, 224, 0, 0, 729.30%, 119, 0, 0, 674.42, 29708, 12936, 729.30%, 1867, 1867
1706881152, 1, 181, 224, 0, 0, 729.30%, 119, 0, 0, 670.00, 29831, 13014, 729.30%, 1867, 1867
1706881153, 1, 181, 224, 0, 0, 729.30%, 119, 0, 0, 656.67, 29967, 13075, 729.30%, 1867, 1867
1706881153, 1, 181, 224, 0, 0, 729.30%, 119, 0, 0, 596.67, 30084, 13137, 729.30%, 1867, 1867
1706881153, 1, 181, 224, 0, 0, 729.30%, 119, 0, 0, 630.00, 30205, 13205, 729.30%, 1867, 1867
1706881153, 1, 181, 224, 0, 0, 729.30%, 119, 0, 0, 626.67, 30322, 13276, 729.30%, 1867, 1867
1706881154, 1, 182, 224, 0, 0, 729.30%, 119, 0, 0, 682.12, 30457, 13347, 729.30%, 1867, 1867
1706881154, 1, 182, 224, 0, 0, 729.30%, 119, 0, 0, 636.67, 30576, 13419, 729.30%, 1867, 1867
1706881154, 1, 182, 224, 0, 0, 729.30%, 119, 0, 0, 656.67, 30703, 13489, 729.30%, 1867, 1867
1706881155, 1, 182, 224, 0, 0, 729.30%, 119, 0, 0, 670.00, 30831, 13562, 729.30%, 1867, 1867
1706881155, 1, 187, 224, 0, 0, 729.30%, 120, 0, 0, 668.87, 30955, 13640, 729.30%, 1867, 1867
1706881155, 1, 192, 225, 0, 0, 729.30%, 120, 0, 0, 740.00, 31085, 13732, 729.30%, 1867, 1867
1706881156, 1, 197, 225, 0, 0, 729.30%, 122, 0, 0, 643.33, 31195, 13815, 729.30%, 1867, 1867
1706881156, 1, 201, 226, 0, 0, 729.30%, 122, 0, 0, 554.82, 31274, 13903, 729.30%, 1867, 1867
1706881156, 1, 206, 228, 0, 0, 729.30%, 122, 0, 0, 600.00, 31373, 13984, 729.30%, 1867, 1867
1706881157, 1, 210, 231, 0, 0, 729.30%, 122, 0, 0, 564.78, 31468, 14059, 729.30%, 1867, 1867
1706881157, 1, 214, 232, 0, 0, 729.30%, 123, 0, 0, 543.33, 31550, 14140, 729.30%, 1867, 1867
1706881157, 1, 218, 232, 0, 0, 729.30%, 123, 0, 0, 546.67, 31645, 14209, 729.30%, 1867, 1867
1706881157, 1, 225, 232, 0, 0, 729.30%, 123, 0, 0, 730.00, 31786, 14287, 729.30%, 1867, 1867
1706881158, 1, 228, 234, 0, 0, 729.30%, 123, 0, 0, 423.84, 31866, 14335, 729.30%, 1867, 1867
1706881158, 1, 232, 236, 0, 0, 729.30%, 123, 0, 0, 511.63, 31953, 14402, 729.30%, 1867, 1867
1706881158, 1, 235, 238, 0, 0, 729.30%, 124, 0, 0, 426.67, 32016, 14467, 729.30%, 1867, 1867
1706881159, 2, 0, 238, 0, 0, 729.30%, 124, 0, 0, 880.00, 32201, 14546, 729.30%, 1867, 1867
1706881159, 2, 2, 238, 0, 0, 729.30%, 124, 0, 0, 2436.67, 32849, 14629, 729.30%, 1867, 1867
1706881159, 2, 4, 238, 0, 0, 729.30%, 124, 0, 0, 2553.33, 33466, 14778, 729.30%, 1867, 1867
1706881160, 2, 7, 238, 0, 0, 729.30%, 124, 0, 0, 2673.33, 34192, 14854, 729.30%, 1867, 1867
1706881160, 2, 9, 238, 0, 0, 729.30%, 124, 0, 0, 2416.67, 34792, 14979, 729.30%, 1867, 1867
1706881160, 2, 12, 238, 0, 0, 729.30%, 125, 0, 0, 2556.67, 35481, 15057, 729.30%, 1867, 1867
1706881160, 2, 15, 238, 0, 0, 729.30%, 125, 0, 0, 2420.00, 36110, 15154, 729.30%, 1867, 1867
1706881161, 2, 16, 238, 0, 0, 729.30%, 125, 0, 0, 1023.33, 36351, 15220, 729.30%, 1867, 1867
1706881161, 2, 16, 238, 0, 0, 729.30%, 125, 0, 0, 1033.33, 36583, 15298, 729.30%, 1867, 1867
1706881161, 2, 19, 238, 0, 0, 729.30%, 125, 0, 0, 1353.33, 36886, 15401, 729.30%, 1867, 1867
1706881162, 2, 24, 238, 0, 0, 729.30%, 125, 0, 0, 1716.67, 37265, 15537, 729.30%, 1867, 1867
1706881162, 2, 24, 238, 0, 0, 729.30%, 125, 0, 0, 1243.33, 37496, 15679, 729.30%, 1867, 1867
1706881162, 2, 27, 238, 0, 0, 729.30%, 126, 0, 0, 2220.00, 38086, 15755, 729.30%, 1867, 1867
1706881163, 2, 31, 238, 0, 0, 729.30%, 126, 0, 0, 1220.00, 38339, 15868, 729.30%, 1867, 1867
1706881163, 2, 31, 238, 0, 0, 729.30%, 126, 0, 0, 1000.00, 38565, 15942, 729.30%, 1867, 1867
1706881163, 2, 34, 238, 0, 0, 729.30%, 127, 0, 0, 1083.33, 38788, 16044, 729.30%, 1867, 1867
1706881163, 2, 34, 238, 0, 0, 729.30%, 127, 0, 0, 996.67, 38989, 16142, 729.30%, 1867, 1867
1706881164, 2, 35, 238, 0, 0, 729.30%, 127, 0, 0, 1056.67, 39194, 16254, 729.30%, 1867, 1867
1706881164, 2, 37, 238, 0, 0, 729.30%, 127, 0, 0, 1090.00, 39415, 16360, 729.30%, 1867, 1867
1706881164, 2, 37, 238, 0, 0, 729.30%, 127, 0, 0, 1126.67, 39634, 16479, 729.30%, 1867, 1867
1706881165, 2, 43, 238, 0, 0, 729.30%, 127, 0, 0, 1010.00, 39807, 16609, 729.30%, 1867, 1867
1706881165, 2, 53, 238, 0, 0, 729.30%, 127, 0, 0, 1013.33, 40019, 16701, 729.30%, 1867, 1867
1706881165, 2, 59, 238, 0, 0, 729.30%, 127, 0, 0, 806.67, 40173, 16789, 729.30%, 1867, 1867
1706881166, 2, 59, 238, 0, 0, 729.30%, 128, 0, 0, 1180.00, 40410, 16906, 729.30%, 1867, 1867
1706881166, 2, 60, 238, 0, 0, 729.30%, 128, 0, 0, 1183.33, 40637, 17034, 729.30%, 1867, 1867
1706881166, 2, 69, 238, 0, 0, 729.30%, 128, 0, 0, 1006.67, 40828, 17145, 729.30%, 1867, 1867
1706881166, 2, 75, 238, 0, 0, 729.30%, 128, 0, 0, 1596.67, 41211, 17241, 729.30%, 1867, 1867
1706881167, 2, 82, 238, 0, 0, 729.30%, 129, 0, 0, 916.67, 41383, 17344, 729.30%, 1867, 1867
1706881167, 2, 91, 238, 0, 0, 729.30%, 129, 0, 0, 996.67, 41573, 17453, 729.30%, 1867, 1867
1706881167, 2, 99, 238, 0, 0, 729.30%, 129, 0, 0, 963.33, 41767, 17548, 729.30%, 1867, 1867
1706881168, 2, 105, 238, 0, 0, 729.30%, 129, 0, 0, 873.33, 41951, 17626, 729.30%, 1867, 1867
1706881168, 2, 112, 238, 0, 0, 729.30%, 130, 0, 0, 860.00, 42123, 17712, 729.30%, 1867, 1867
1706881168, 2, 119, 238, 0, 0, 729.30%, 130, 0, 0, 840.00, 42293, 17794, 729.30%, 1867, 1867
1706881169, 2, 125, 238, 0, 0, 729.30%, 130, 0, 0, 788.96, 42451, 17879, 729.30%, 1867, 1867
1706881169, 2, 131, 238, 0, 0, 729.30%, 131, 0, 0, 784.05, 42610, 17956, 729.30%, 1867, 1867
1706881169, 2, 131, 238, 0, 0, 729.30%, 131, 0, 0, 656.67, 42723, 18040, 729.30%, 1867, 1867
1706881169, 2, 131, 238, 0, 0, 729.30%, 131, 0, 0, 620.00, 42849, 18100, 729.30%, 1867, 1867
1706881170, 2, 131, 239, 0, 0, 729.30%, 132, 0, 0, 603.33, 42972, 18158, 729.30%, 1867, 1867
1706881170, 2, 131, 239, 0, 0, 729.30%, 132, 0, 0, 636.67, 43092, 18229, 729.30%, 1867, 1867
1706881170, 2, 135, 239, 0, 0, 729.30%, 132, 0, 0, 576.67, 43189, 18305, 729.30%, 1867, 1867
1706881171, 2, 141, 239, 0, 0, 729.30%, 132, 0, 0, 810.00, 43344, 18393, 729.30%, 1867, 1867
1706881171, 2, 149, 239, 0, 0, 729.30%, 132, 0, 0, 900.00, 43505, 18502, 729.30%, 1867, 1867
1706881171, 2, 156, 239, 0, 0, 729.30%, 133, 0, 0, 936.67, 43667, 18621, 729.30%, 1867, 1867
1706881172, 2, 161, 239, 0, 0, 729.30%, 133, 0, 0, 783.33, 43790, 18733, 729.30%, 1867, 1867
1706881172, 2, 161, 239, 0, 0, 729.30%, 133, 0, 0, 594.68, 43882, 18820, 729.30%, 1867, 1867
1706881172, 2, 161, 239, 0, 0, 729.30%, 133, 0, 0, 580.00, 43974, 18902, 729.30%, 1867, 1867
1706881172, 2, 161, 239, 0, 0, 729.30%, 133, 0, 0, 598.01, 44062, 18994, 729.30%, 1867, 1867
1706881173, 2, 161, 239, 0, 0, 729.30%, 134, 0, 0, 593.33, 44159, 19075, 729.30%, 1867, 1867
1706881173, 2, 166, 239, 0, 0, 729.30%, 134, 0, 0, 714.29, 44292, 19157, 729.30%, 1867, 1867
1706881173, 2, 171, 239, 0, 0, 729.30%, 134, 0, 0, 691.03, 44426, 19231, 729.30%, 1867, 1867
1706881174, 2, 175, 239, 0, 0, 729.30%, 135, 0, 0, 826.67, 44570, 19335, 729.30%, 1867, 1867
1706881174, 2, 175, 239, 0, 0, 729.30%, 135, 0, 0, 696.67, 44692, 19422, 729.30%, 1867, 1867
1706881174, 2, 175, 239, 0, 0, 729.30%, 135, 0, 0, 551.50, 44794, 19486, 729.30%, 1867, 1867
1706881175, 2, 175, 239, 0, 0, 729.30%, 135, 0, 0, 653.33, 44910, 19566, 729.30%, 1867, 1867
1706881175, 2, 176, 239, 0, 0, 729.30%, 135, 0, 0, 673.33, 45033, 19645, 729.30%, 1867, 1867
1706881175, 2, 176, 239, 0, 0, 729.30%, 135, 0, 0, 636.67, 45147, 19722, 729.30%, 1867, 1867
1706881175, 2, 176, 239, 0, 0, 729.30%, 135, 0, 0, 604.65, 45256, 19795, 729.30%, 1867, 1867
1706881176, 2, 176, 239, 0, 0, 729.30%, 135, 0, 0, 626.67, 45358, 19881, 729.30%, 1867, 1867
1706881176, 2, 177, 239, 0, 0, 729.30%, 135, 0, 0, 656.67, 45480, 19956, 729.30%, 1867, 1867
1706881176, 2, 180, 239, 0, 0, 729.30%, 135, 0, 0, 674.42, 45598, 20041, 729.30%, 1867, 1867
1706881177, 2, 180, 239, 0, 0, 729.30%, 135, 0, 0, 614.62, 45712, 20112, 729.30%, 1867, 1867
1706881177, 2, 180, 239, 0, 0, 729.30%, 135, 0, 0, 633.33, 45831, 20183, 729.30%, 1867, 1867
1706881177, 2, 180, 239, 0, 0, 729.30%, 135, 0, 0, 654.49, 45942, 20269, 729.30%, 1867, 1867
1706881178, 2, 181, 239, 0, 0, 729.30%, 135, 0, 0, 640.00, 46056, 20347, 729.30%, 1867, 1867
1706881178, 2, 181, 239, 0, 0, 729.30%, 135, 0, 0, 548.08, 46164, 20410, 729.30%, 1867, 1867
1706881178, 2, 181, 239, 0, 0, 729.30%, 135, 0, 0, 646.67, 46273, 20495, 729.30%, 1867, 1867
1706881178, 2, 181, 239, 0, 0, 729.30%, 135, 0, 0, 593.33, 46383, 20563, 729.30%, 1867, 1867
1706881179, 2, 181, 239, 0, 0, 729.30%, 135, 0, 0, 550.00, 46493, 20618, 729.30%, 1867, 1867
1706881179, 2, 182, 239, 0, 0, 729.30%, 135, 0, 0, 616.67, 46609, 20687, 729.30%, 1867, 1867
1706881179, 2, 182, 239, 0, 0, 729.30%, 135, 0, 0, 634.55, 46722, 20765, 729.30%, 1867, 1867
1706881180, 2, 182, 239, 0, 0, 729.30%, 135, 0, 0, 637.87, 46845, 20834, 729.30%, 1867, 1867
1706881180, 2, 182, 239, 0, 0, 729.30%, 135, 0, 0, 686.67, 46965, 20920, 729.30%, 1867, 1867
1706881180, 2, 184, 239, 0, 0, 729.30%, 135, 0, 0, 603.33, 47082, 20984, 729.30%, 1867, 1867
1706881181, 2, 189, 239, 0, 0, 729.30%, 135, 0, 0, 677.74, 47178, 21092, 729.30%, 1867, 1867
1706881181, 2, 195, 240, 0, 0, 729.30%, 135, 0, 0, 730.00, 47297, 21192, 729.30%, 1867, 1867
1706881181, 2, 198, 240, 0, 0, 729.30%, 135, 0, 0, 466.89, 47375, 21255, 729.30%, 1867, 1867
1706881181, 2, 201, 241, 0, 0, 729.30%, 135, 0, 0, 433.33, 47456, 21304, 729.30%, 1867, 1867
1706881182, 2, 205, 241, 0, 0, 729.30%, 135, 0, 0, 451.83, 47529, 21367, 729.30%, 1867, 1867
1706881182, 2, 209, 241, 0, 0, 729.30%, 135, 0, 0, 543.33, 47621, 21438, 729.30%, 1867, 1867
1706881182, 2, 212, 242, 0, 0, 729.30%, 135, 0, 0, 415.84, 47689, 21496, 729.30%, 1867, 1867
1706881183, 2, 215, 242, 0, 0, 729.30%, 135, 0, 0, 486.67, 47779, 21552, 729.30%, 1867, 1867
1706881183, 2, 218, 242, 0, 0, 729.30%, 135, 0, 0, 322.58, 47844, 21607, 729.30%, 1867, 1867
1706881183, 2, 225, 242, 0, 0, 729.30%, 135, 0, 0, 683.33, 47972, 21684, 729.30%, 1867, 1867
1706881184, 2, 228, 242, 0, 0, 729.30%, 135, 0, 0, 395.35, 48045, 21730, 729.30%, 1867, 1867
1706881184, 2, 231, 242, 0, 0, 729.30%, 135, 0, 0, 483.44, 48124, 21797, 729.30%, 1867, 1867
1706881184, 2, 235, 242, 0, 0, 729.30%, 136, 0, 0, 464.29, 48193, 21871, 729.30%, 1867, 1867
1706881185, 2, 238, 243, 0, 0, 729.30%, 136, 0, 0, 490.00, 48273, 21938, 729.30%, 1867, 1867
1706881185, 2, 242, 244, 0, 0, 729.30%, 136, 0, 0, 534.88, 48351, 22021, 729.30%, 1867, 1867
1706881185, 3, 0, 244, 0, 0, 729.30%, 136, 0, 0, 1640.00, 48752, 22112, 729.30%, 1867, 1867
1706881185, 3, 2, 244, 0, 0, 729.30%, 136, 0, 0, 2410.00, 49336, 22251, 729.30%, 1867, 1867
1706881186, 3, 5, 244, 0, 0, 729.30%, 136, 0, 0, 2576.67, 49957, 22403, 729.30%, 1867, 1867
1706881186, 3, 8, 244, 0, 0, 729.30%, 136, 0, 0, 2558.14, 50646, 22484, 729.30%, 1867, 1867
1706881186, 3, 10, 244, 0, 0, 729.30%, 136, 0, 0, 2786.67, 51358, 22608, 729.30%, 1867, 1867
1706881187, 3, 14, 244, 0, 0, 729.30%, 136, 0, 0, 2630.00, 52029, 22726, 729.30%, 1867, 1867
1706881187, 3, 16, 244, 0, 0, 729.30%, 137, 0, 0, 1830.00, 52515, 22789, 729.30%, 1867, 1867
1706881187, 3, 16, 244, 0, 0, 729.30%, 137, 0, 0, 1023.33, 52746, 22865, 729.30%, 1867, 1867
1706881188, 3, 16, 244, 0, 0, 729.30%, 137, 0, 0, 973.33, 52963, 22940, 729.30%, 1867, 1867
1706881188, 3, 24, 244, 0, 0, 729.30%, 137, 0, 0, 1753.33, 53393, 23036, 729.30%, 1867, 1867
1706881188, 3, 24, 244, 0, 0, 729.30%, 137, 0, 0, 1126.67, 53592, 23175, 729.30%, 1867, 1867
1706881188, 3, 25, 244, 0, 0, 729.30%, 137, 0, 0, 1436.67, 53924, 23274, 729.30%, 1867, 1867
1706881189, 3, 31, 244, 0, 0, 729.30%, 137, 0, 0, 2143.33, 54468, 23373, 729.30%, 1867, 1867
1706881189, 3, 31, 244, 0, 0, 729.30%, 137, 0, 0, 1083.33, 54705, 23461, 729.30%, 1867, 1867
1706881189, 3, 34, 244, 0, 0, 729.30%, 137, 0, 0, 1100.00, 54944, 23552, 729.30%, 1867, 1867
1706881190, 3, 34, 244, 0, 0, 729.30%, 137, 0, 0, 1063.33, 55150, 23665, 729.30%, 1867, 1867
1706881190, 3, 34, 244, 0, 0, 729.30%, 137, 0, 0, 1033.33, 55361, 23764, 729.30%, 1867, 1867
1706881190, 3, 37, 244, 0, 0, 729.30%, 137, 0, 0, 1126.67, 55582, 23881, 729.30%, 1867, 1867
1706881191, 3, 37, 244, 0, 0, 729.30%, 137, 0, 0, 1146.67, 55795, 24012, 729.30%, 1867, 1867
1706881191, 3, 40, 244, 0, 0, 729.30%, 137, 0, 0, 1093.33, 56001, 24134, 729.30%, 1867, 1867
1706881191, 3, 52, 244, 0, 0, 729.30%, 137, 0, 0, 1196.67, 56246, 24248, 729.30%, 1867, 1867
1706881191, 3, 59, 244, 0, 0, 729.30%, 137, 0, 0, 1053.33, 56455, 24355, 729.30%, 1867, 1867
1706881192, 3, 59, 244, 0, 0, 729.30%, 138, 0, 0, 1233.33, 56712, 24468, 729.30%, 1867, 1867
1706881192, 3, 61, 244, 0, 0, 729.30%, 138, 0, 0, 1163.33, 56934, 24595, 729.30%, 1867, 1867
1706881192, 3, 70, 244, 0, 0, 729.30%, 140, 0, 0, 1403.33, 57225, 24725, 729.30%, 1867, 1867
1706881193, 3, 77, 244, 0, 0, 729.30%, 140, 0, 0, 1406.67, 57536, 24836, 729.30%, 1867, 1867
1706881193, 3, 85, 244, 0, 0, 729.30%, 140, 0, 0, 833.85, 57700, 24943, 729.30%, 1867, 1867
1706881193, 3, 93, 244, 0, 0, 729.30%, 140, 0, 0, 940.00, 57875, 25050, 729.30%, 1867, 1867
1706881194, 3, 101, 244, 0, 0, 729.30%, 140, 0, 0, 953.33, 58081, 25130, 729.30%, 1867, 1867
1706881194, 3, 107, 244, 0, 0, 729.30%, 142, 0, 0, 867.11, 58264, 25208, 729.30%, 1867, 1867
1706881194, 3, 115, 244, 0, 0, 729.30%, 142, 0, 0, 986.67, 58456, 25312, 729.30%, 1867, 1867
1706881194, 3, 124, 244, 0, 0, 729.30%, 142, 0, 0, 1060.00, 58639, 25447, 729.30%, 1867, 1867
1706881195, 3, 131, 244, 0, 0, 729.30%, 143, 0, 0, 910.30, 58814, 25546, 729.30%, 1867, 1867
1706881195, 3, 131, 244, 0, 0, 729.30%, 143, 0, 0, 660.00, 58932, 25626, 729.30%, 1867, 1867
1706881195, 3, 131, 244, 0, 0, 729.30%, 143, 0, 0, 660.00, 59065, 25691, 729.30%, 1867, 1867
1706881196, 3, 131, 244, 0, 0, 729.30%, 143, 0, 0, 640.00, 59186, 25762, 729.30%, 1867, 1867
1706881196, 3, 131, 244, 0, 0, 729.30%, 143, 0, 0, 642.38, 59314, 25828, 729.30%, 1867, 1867
1706881196, 3, 136, 244, 0, 0, 729.30%, 143, 0, 0, 746.67, 59446, 25920, 729.30%, 1867, 1867
1706881197, 3, 144, 244, 0, 0, 729.30%, 143, 0, 0, 936.67, 59622, 26025, 729.30%, 1867, 1867
1706881197, 3, 151, 244, 0, 0, 729.30%, 143, 0, 0, 883.33, 59790, 26122, 729.30%, 1867, 1867
1706881197, 3, 159, 244, 0, 0, 729.30%, 144, 0, 0, 996.67, 59956, 26255, 729.30%, 1867, 1867
1706881197, 3, 161, 244, 0, 0, 729.30%, 144, 0, 0, 640.00, 60056, 26347, 729.30%, 1867, 1867
1706881198, 3, 161, 244, 0, 0, 729.30%, 144, 0, 0, 561.46, 60133, 26439, 729.30%, 1867, 1867
1706881198, 3, 161, 244, 0, 0, 729.30%, 144, 0, 0, 524.92, 60223, 26507, 729.30%, 1867, 1867
1706881198, 3, 161, 244, 0, 0, 729.30%, 144, 0, 0, 518.27, 60305, 26581, 729.30%, 1867, 1867
1706881199, 3, 161, 244, 0, 0, 729.30%, 144, 0, 0, 536.67, 60398, 26649, 729.30%, 1867, 1867
1706881199, 3, 166, 244, 0, 0, 729.30%, 146, 0, 0, 756.67, 60520, 26754, 729.30%, 1867, 1867
1706881199, 3, 172, 244, 0, 0, 729.30%, 146, 0, 0, 810.00, 60679, 26838, 729.30%, 1867, 1867
1706881200, 3, 175, 244, 0, 0, 729.30%, 146, 0, 0, 770.00, 60824, 26924, 729.30%, 1867, 1867
1706881200, 3, 175, 244, 0, 0, 729.30%, 146, 0, 0, 676.67, 60951, 27000, 729.30%, 1867, 1867
1706881200, 3, 175, 244, 0, 0, 729.30%, 146, 0, 0, 620.00, 61079, 27058, 729.30%, 1867, 1867
1706881200, 3, 175, 244, 0, 0, 729.30%, 146, 0, 0, 661.13, 61208, 27128, 729.30%, 1867, 1867
1706881201, 3, 176, 244, 0, 0, 729.30%, 146, 0, 0, 631.23, 61316, 27210, 729.30%, 1867, 1867
1706881201, 3, 176, 244, 0, 0, 729.30%, 146, 0, 0, 633.33, 61421, 27295, 729.30%, 1867, 1867
1706881201, 3, 176, 244, 0, 0, 729.30%, 146, 0, 0, 670.00, 61535, 27382, 729.30%, 1867, 1867
1706881202, 3, 176, 244, 0, 0, 729.30%, 146, 0, 0, 631.23, 61644, 27463, 729.30%, 1867, 1867
1706881202, 3, 178, 244, 0, 0, 729.30%, 146, 0, 0, 623.33, 61751, 27543, 729.30%, 1867, 1867
1706881202, 3, 180, 244, 0, 0, 729.30%, 146, 0, 0, 663.33, 61878, 27615, 729.30%, 1867, 1867
1706881203, 3, 180, 244, 0, 0, 729.30%, 146, 0, 0, 663.33, 62004, 27688, 729.30%, 1867, 1867
1706881203, 3, 180, 244, 0, 0, 729.30%, 146, 0, 0, 665.56, 62128, 27765, 729.30%, 1867, 1867
1706881203, 3, 180, 244, 0, 0, 729.30%, 146, 0, 0, 603.33, 62246, 27828, 729.30%, 1867, 1867
1706881203, 3, 181, 244, 0, 0, 729.30%, 146, 0, 0, 617.94, 62364, 27896, 729.30%, 1867, 1867
1706881204, 3, 181, 244, 0, 0, 729.30%, 146, 0, 0, 676.67, 62496, 27967, 729.30%, 1867, 1867
1706881204, 3, 181, 244, 0, 0, 729.30%, 146, 0, 0, 661.13, 62631, 28031, 729.30%, 1867, 1867
1706881204, 3, 181, 244, 0, 0, 729.30%, 146, 0, 0, 660.00, 62767, 28093, 729.30%, 1867, 1867
1706881205, 3, 182, 244, 0, 0, 729.30%, 146, 0, 0, 651.16, 62897, 28159, 729.30%, 1867, 1867
1706881205, 3, 182, 244, 0, 0, 729.30%, 146, 0, 0, 686.67, 63023, 28239, 729.30%, 1867, 1867
1706881205, 3, 182, 244, 0, 0, 729.30%, 146, 0, 0, 636.67, 63147, 28306, 729.30%, 1867, 1867
1706881206, 3, 182, 244, 0, 0, 729.30%, 146, 0, 0, 680.00, 63283, 28374, 729.30%, 1867, 1867
1706881206, 3, 183, 244, 0, 0, 729.30%, 146, 0, 0, 650.00, 63402, 28450, 729.30%, 1867, 1867
1706881206, 3, 188, 244, 0, 0, 729.30%, 147, 0, 0, 633.33, 63518, 28524, 729.30%, 1867, 1867
1706881206, 3, 194, 244, 0, 0, 729.30%, 147, 0, 0, 783.33, 63654, 28623, 729.30%, 1867, 1867
1706881207, 3, 199, 244, 0, 0, 729.30%, 147, 0, 0, 644.52, 63779, 28692, 729.30%, 1867, 1867
1706881207, 3, 203, 244, 0, 0, 729.30%, 147, 0, 0, 553.33, 63874, 28763, 729.30%, 1867, 1867
1706881207, 3, 207, 244, 0, 0, 729.30%, 147, 0, 0, 630.00, 63972, 28854, 729.30%, 1867, 1867
1706881208, 3, 212, 244, 0, 0, 729.30%, 148, 0, 0, 581.40, 64068, 28933, 729.30%, 1867, 1867
1706881208, 3, 216, 244, 0, 0, 729.30%, 148, 0, 0, 596.67, 64160, 29020, 729.30%, 1867, 1867
1706881208, 3, 223, 244, 0, 0, 729.30%, 148, 0, 0, 710.00, 64286, 29107, 729.30%, 1867, 1867
1706881209, 3, 226, 245, 0, 0, 729.30%, 148, 0, 0, 480.13, 64361, 29177, 729.30%, 1867, 1867
1706881209, 3, 230, 245, 0, 0, 729.30%, 148, 0, 0, 553.33, 64449, 29255, 729.30%, 1867, 1867
1706881209, 3, 234, 245, 0, 0, 729.30%, 148, 0, 0, 513.33, 64524, 29334, 729.30%, 1867, 1867
1706881209, 3, 237, 246, 0, 0, 729.30%, 148, 0, 0, 430.00, 64603, 29384, 729.30%, 1867, 1867
1706881210, 3, 242, 246, 0, 0, 729.30%, 149, 0, 0, 576.67, 64697, 29463, 729.30%, 1867, 1867
1706881210, 3, 245, 249, 0, 0, 729.30%, 149, 0, 0, 453.95, 64772, 29526, 729.30%, 1867, 1867
1706881210, 3, 249, 250, 0, 0, 729.30%, 149, 0, 0, 493.33, 64836, 29610, 729.30%, 1867, 1867
1706881211, 4, 1, 250, 0, 0, 729.30%, 150, 0, 0, 1840.00, 65268, 29730, 729.30%, 1867, 1867
1706881211, 4, 3, 250, 0, 0, 729.30%, 150, 0, 0, 2496.67, 65887, 29860, 729.30%, 1867, 1867
1706881211, 4, 5, 250, 0, 0, 729.30%, 151, 0, 0, 2373.33, 66454, 30005, 729.30%, 1867, 1867
1706881212, 4, 8, 250, 0, 0, 729.30%, 151, 0, 0, 2663.33, 67171, 30087, 729.30%, 1867, 1867
1706881212, 4, 10, 250, 0, 0, 729.30%, 151, 0, 0, 2596.67, 67830, 30207, 729.30%, 1867, 1867
1706881212, 4, 14, 250, 0, 0, 729.30%, 151, 0, 0, 2543.33, 68499, 30301, 729.30%, 1867, 1867
1706881212, 4, 16, 250, 0, 0, 729.30%, 151, 0, 0, 1740.00, 68954, 30368, 729.30%, 1867, 1867
1706881213, 4, 16, 250, 0, 0, 729.30%, 151, 0, 0, 1026.67, 69169, 30461, 729.30%, 1867, 1867
1706881213, 4, 16, 250, 0, 0, 729.30%, 151, 0, 0, 983.33, 69382, 30543, 729.30%, 1867, 1867
1706881213, 4, 24, 250, 0, 0, 729.30%, 151, 0, 0, 1727.57, 69787, 30658, 729.30%, 1867, 1867
1706881214, 4, 24, 250, 0, 0, 729.30%, 152, 0, 0, 1173.33, 70015, 30782, 729.30%, 1867, 1867
1706881214, 4, 25, 250, 0, 0, 729.30%, 153, 0, 0, 1486.67, 70341, 30902, 729.30%, 1867, 1867
1706881214, 4, 31, 250, 0, 0, 729.30%, 153, 0, 0, 1870.43, 70816, 30990, 729.30%, 1867, 1867
1706881215, 4, 31, 250, 0, 0, 729.30%, 154, 0, 0, 1043.33, 71038, 31081, 729.30%, 1867, 1867
1706881215, 4, 31, 250, 0, 0, 729.30%, 154, 0, 0, 1103.33, 71272, 31178, 729.30%, 1867, 1867
1706881215, 4, 34, 250, 0, 0, 729.30%, 154, 0, 0, 963.70, 71489, 31253, 729.30%, 1867, 1867
1706881215, 4, 34, 250, 0, 0, 729.30%, 154, 0, 0, 863.33, 71653, 31348, 729.30%, 1867, 1867
1706881216, 4, 34, 250, 0, 0, 729.30%, 154, 0, 0, 933.33, 71844, 31437, 729.30%, 1867, 1867
1706881216, 4, 37, 250, 0, 0, 729.30%, 154, 0, 0, 820.00, 72009, 31518, 729.30%, 1867, 1867
1706881216, 4, 37, 250, 0, 0, 729.30%, 154, 0, 0, 936.67, 72203, 31605, 729.30%, 1867, 1867
1706881217, 4, 37, 250, 0, 0, 729.30%, 155, 0, 0, 903.65, 72373, 31707, 729.30%, 1867, 1867
1706881217, 4, 44, 250, 0, 0, 729.30%, 155, 0, 0, 930.00, 72542, 31817, 729.30%, 1867, 1867
1706881217, 4, 55, 250, 0, 0, 729.30%, 155, 0, 0, 1016.67, 72748, 31916, 729.30%, 1867, 1867
1706881218, 4, 59, 250, 0, 0, 729.30%, 155, 0, 0, 1093.33, 72962, 32030, 729.30%, 1867, 1867
1706881218, 4, 59, 250, 0, 0, 729.30%, 155, 0, 0, 1030.00, 73161, 32140, 729.30%, 1867, 1867
1706881218, 4, 61, 250, 0, 0, 729.30%, 155, 0, 0, 1040.00, 73361, 32252, 729.30%, 1867, 1867
1706881218, 4, 70, 250, 0, 0, 729.30%, 155, 0, 0, 1466.67, 73661, 32392, 729.30%, 1867, 1867
1706881219, 4, 77, 250, 0, 0, 729.30%, 155, 0, 0, 1240.00, 73939, 32486, 729.30%, 1867, 1867
1706881219, 4, 85, 250, 0, 0, 729.30%, 156, 0, 0, 1003.33, 74106, 32620, 729.30%, 1867, 1867
1706881219, 4, 94, 250, 0, 0, 729.30%, 156, 0, 0, 1010.00, 74315, 32714, 729.30%, 1867, 1867
1706881220, 4, 102, 250, 0, 0, 729.30%, 156, 0, 0, 983.33, 74508, 32816, 729.30%, 1867, 1867
1706881220, 4, 108, 250, 0, 0, 729.30%, 156, 0, 0, 766.67, 74674, 32880, 729.30%, 1867, 1867
1706881220, 4, 116, 250, 0, 0, 729.30%, 156, 0, 0, 983.33, 74884, 32965, 729.30%, 1867, 1867
1706881221, 4, 124, 250, 0, 0, 729.30%, 157, 0, 0, 1016.67, 75070, 33084, 729.30%, 1867, 1867
1706881221, 4, 131, 250, 0, 0, 729.30%, 158, 0, 0, 906.67, 75250, 33176, 729.30%, 1867, 1867
1706881221, 4, 131, 250, 0, 0, 729.30%, 158, 0, 0, 654.49, 75373, 33250, 729.30%, 1867, 1867
1706881221, 4, 131, 250, 0, 0, 729.30%, 158, 0, 0, 706.67, 75500, 33335, 729.30%, 1867, 1867
1706881222, 4, 131, 250, 0, 0, 729.30%, 158, 0, 0, 643.33, 75629, 33399, 729.30%, 1867, 1867
1706881222, 4, 131, 250, 0, 0, 729.30%, 158, 0, 0, 663.33, 75754, 33473, 729.30%, 1867, 1867
1706881222, 4, 137, 250, 0, 0, 729.30%, 158, 0, 0, 723.33, 75875, 33569, 729.30%, 1867, 1867
1706881223, 4, 144, 250, 0, 0, 729.30%, 158, 0, 0, 903.33, 76056, 33659, 729.30%, 1867, 1867
1706881223, 4, 151, 250, 0, 0, 729.30%, 158, 0, 0, 886.67, 76220, 33761, 729.30%, 1867, 1867
1706881223, 4, 157, 250, 0, 0, 729.30%, 158, 0, 0, 727.57, 76345, 33855, 729.30%, 1867, 1867
1706881224, 4, 161, 250, 0, 0, 729.30%, 158, 0, 0, 660.07, 76450, 33950, 729.30%, 1867, 1867
1706881224, 4, 161, 250, 0, 0, 729.30%, 158, 0, 0, 546.67, 76530, 34034, 729.30%, 1867, 1867
1706881224, 4, 161, 250, 0, 0, 729.30%, 159, 0, 0, 498.34, 76620, 34094, 729.30%, 1867, 1867
1706881225, 4, 161, 250, 0, 0, 729.30%, 159, 0, 0, 173.25, 76652, 34119, 729.30%, 1867, 1867
1706881225, 4, 161, 250, 0, 0, 729.30%, 159, 0, 0, 540.00, 76733, 34200, 729.30%, 1867, 1867
1706881225, 4, 161, 250, 0, 0, 729.30%, 159, 0, 0, 561.46, 76813, 34289, 729.30%, 1867, 1867
1706881225, 4, 166, 250, 0, 0, 729.30%, 159, 0, 0, 756.67, 76937, 34392, 729.30%, 1867, 1867
1706881226, 4, 171, 250, 0, 0, 729.30%, 159, 0, 0, 707.64, 77067, 34475, 729.30%, 1867, 1867
1706881226, 4, 175, 250, 0, 0, 729.30%, 160, 0, 0, 750.00, 77203, 34564, 729.30%, 1867, 1867
1706881226, 4, 175, 250, 0, 0, 729.30%, 160, 0, 0, 606.67, 77310, 34639, 729.30%, 1867, 1867
1706881227, 4, 175, 250, 0, 0, 729.30%, 160, 0, 0, 616.67, 77420, 34714, 729.30%, 1867, 1867
1706881227, 4, 175, 250, 0, 0, 729.30%, 160, 0, 0, 594.68, 77533, 34780, 729.30%, 1867, 1867
1706881227, 4, 176, 250, 0, 0, 729.30%, 160, 0, 0, 656.67, 77649, 34861, 729.30%, 1867, 1867
1706881228, 4, 176, 250, 0, 0, 729.30%, 160, 0, 0, 647.84, 77757, 34948, 729.30%, 1867, 1867
1706881228, 4, 176, 250, 0, 0, 729.30%, 160, 0, 0, 644.52, 77876, 35023, 729.30%, 1867, 1867
1706881228, 4, 176, 250, 0, 0, 729.30%, 160, 0, 0, 670.00, 77981, 35119, 729.30%, 1867, 1867
1706881228, 4, 176, 250, 0, 0, 729.30%, 160, 0, 0, 633.33, 78095, 35195, 729.30%, 1867, 1867
1706881229, 4, 180, 250, 0, 0, 729.30%, 160, 0, 0, 511.63, 78186, 35258, 729.30%, 1867, 1867
1706881229, 4, 180, 250, 0, 0, 729.30%, 160, 0, 0, 328.95, 78247, 35297, 729.30%, 1867, 1867
1706881229, 4, 180, 250, 0, 0, 729.30%, 160, 0, 0, 578.07, 78350, 35368, 729.30%, 1867, 1867
1706881230, 4, 180, 250, 0, 0, 729.30%, 160, 0, 0, 694.35, 78467, 35460, 729.30%, 1867, 1867
1706881230, 4, 180, 250, 0, 0, 729.30%, 160, 0, 0, 616.67, 78580, 35532, 729.30%, 1867, 1867
1706881230, 4, 181, 250, 0, 0, 729.30%, 160, 0, 0, 676.67, 78695, 35620, 729.30%, 1867, 1867
1706881231, 4, 181, 250, 0, 0, 729.30%, 160, 0, 0, 643.33, 78822, 35686, 729.30%, 1867, 1867
1706881231, 4, 181, 250, 0, 0, 729.30%, 160, 0, 0, 640.00, 78938, 35762, 729.30%, 1867, 1867
1706881231, 4, 181, 250, 0, 0, 729.30%, 160, 0, 0, 640.00, 79056, 35836, 729.30%, 1867, 1867
1706881231, 4, 182, 250, 0, 0, 729.30%, 160, 0, 0, 651.16, 79183, 35905, 729.30%, 1867, 1867
1706881232, 4, 182, 250, 0, 0, 729.30%, 160, 0, 0, 686.67, 79303, 35991, 729.30%, 1867, 1867
1706881232, 4, 182, 250, 0, 0, 729.30%, 160, 0, 0, 656.67, 79435, 36056, 729.30%, 1867, 1867
1706881232, 4, 182, 250, 0, 0, 729.30%, 160, 0, 0, 680.00, 79559, 36136, 729.30%, 1867, 1867
1706881233, 4, 183, 250, 0, 0, 729.30%, 160, 0, 0, 663.33, 79681, 36213, 729.30%, 1867, 1867
1706881233, 4, 187, 250, 0, 0, 729.30%, 160, 0, 0, 646.67, 79807, 36281, 729.30%, 1867, 1867
1706881233, 4, 193, 250, 0, 0, 729.30%, 160, 0, 0, 700.00, 79934, 36364, 729.30%, 1867, 1867
1706881234, 4, 198, 250, 0, 0, 729.30%, 160, 0, 0, 694.35, 80043, 36464, 729.30%, 1867, 1867
1706881234, 4, 202, 250, 0, 0, 729.30%, 161, 0, 0, 558.14, 80131, 36544, 729.30%, 1867, 1867
1706881234, 4, 206, 250, 0, 0, 729.30%, 161, 0, 0, 566.67, 80227, 36618, 729.30%, 1867, 1867
1706881234, 4, 210, 250, 0, 0, 729.30%, 161, 0, 0, 573.33, 80319, 36698, 729.30%, 1867, 1867
1706881235, 4, 214, 250, 0, 0, 729.30%, 161, 0, 0, 551.50, 80415, 36768, 729.30%, 1867, 1867
1706881235, 4, 220, 250, 0, 0, 729.30%, 161, 0, 0, 610.00, 80520, 36846, 729.30%, 1867, 1867
1706881235, 4, 226, 252, 0, 0, 729.30%, 161, 0, 0, 737.54, 80653, 36935, 729.30%, 1867, 1867
1706881236, 4, 230, 252, 0, 0, 729.30%, 161, 0, 0, 536.42, 80750, 37000, 729.30%, 1867, 1867
1706881236, 4, 233, 252, 0, 0, 729.30%, 162, 0, 0, 496.67, 80824, 37075, 729.30%, 1867, 1867
1706881236, 4, 237, 252, 0, 0, 729.30%, 162, 0, 0, 483.33, 80911, 37133, 729.30%, 1867, 1867
1706881237, 4, 241, 253, 0, 0, 729.30%, 162, 0, 0, 571.43, 81001, 37215, 729.30%, 1867, 1867
1706881237, 4, 245, 253, 0, 0, 729.30%, 162, 0, 0, 411.96, 81068, 37272, 729.30%, 1867, 1867
1706881237, 4, 248, 253, 0, 0, 729.30%, 162, 0, 0, 460.26, 81145, 37334, 729.30%, 1867, 1867
1706881237, 5, 0, 254, 0, 0, 729.30%, 162, 0, 0, 810.00, 81323, 37399, 729.30%, 1867, 1867
1706881238, 5, 1, 254, 0, 0, 729.30%, 162, 0, 0, 2506.67, 81968, 37506, 729.30%, 1867, 1867
1706881238, 5, 4, 254, 0, 0, 729.30%, 162, 0, 0, 2536.67, 82591, 37644, 729.30%, 1867, 1867
1706881238, 5, 7, 254, 0, 0, 729.30%, 162, 0, 0, 2643.33, 83301, 37727, 729.30%, 1867, 1867
1706881239, 5, 9, 254, 0, 0, 729.30%, 162, 0, 0, 2436.67, 83924, 37835, 729.30%, 1867, 1867
1706881239, 5, 12, 254, 0, 0, 729.30%, 162, 0, 0, 2756.67, 84645, 37941, 729.30%, 1867, 1867
1706881239, 5, 15, 254, 0, 0, 729.30%, 162, 0, 0, 2770.00, 85364, 38053, 729.30%, 1867, 1867
1706881240, 5, 16, 254, 0, 0, 729.30%, 163, 0, 0, 1049.83, 85608, 38125, 729.30%, 1867, 1867
1706881240, 5, 16, 254, 0, 0, 729.30%, 163, 0, 0, 1069.77, 85846, 38209, 729.30%, 1867, 1867
1706881240, 5, 23, 254, 0, 0, 729.30%, 163, 0, 0, 1816.67, 86273, 38327, 729.30%, 1867, 1867
1706881240, 5, 24, 255, 0, 0, 730.86%, 163, 0, 0, 1286.67, 86531, 38455, 730.86%, 1871, 1871
1706881241, 5, 25, 255, 0, 0, 730.86%, 163, 0, 0, 1603.33, 86883, 38584, 730.86%, 1871, 1871
1706881241, 5, 31, 255, 0, 0, 730.86%, 164, 0, 0, 2170.00, 87424, 38694, 730.86%, 1871, 1871
1706881241, 5, 31, 255, 0, 0, 730.86%, 164, 0, 0, 983.33, 87638, 38775, 730.86%, 1871, 1871
1706881242, 5, 32, 255, 0, 0, 730.86%, 164, 0, 0, 1040.00, 87869, 38856, 730.86%, 1871, 1871
1706881242, 5, 34, 255, 0, 0, 730.86%, 165, 0, 0, 1076.67, 88092, 38956, 730.86%, 1871, 1871
1706881242, 5, 34, 255, 0, 0, 730.86%, 165, 0, 0, 943.33, 88261, 39070, 730.86%, 1871, 1871
1706881243, 5, 37, 255, 0, 0, 730.86%, 165, 0, 0, 1160.00, 88485, 39194, 730.86%, 1871, 1871
1706881243, 5, 37, 255, 0, 0, 730.86%, 165, 0, 0, 1196.67, 88721, 39317, 730.86%, 1871, 1871
1706881243, 5, 40, 255, 0, 0, 730.86%, 165, 0, 0, 1160.00, 88956, 39430, 730.86%, 1871, 1871
1706881243, 5, 50, 255, 0, 0, 730.86%, 165, 0, 0, 1056.67, 89149, 39554, 730.86%, 1871, 1871
1706881244, 5, 59, 255, 0, 0, 730.86%, 165, 0, 0, 1043.33, 89365, 39651, 730.86%, 1871, 1871
1706881244, 5, 59, 255, 0, 0, 730.86%, 165, 0, 0, 1366.67, 89632, 39794, 730.86%, 1871, 1871
1706881244, 5, 61, 255, 0, 0, 730.86%, 165, 0, 0, 1243.33, 89864, 39935, 730.86%, 1871, 1871
1706881245, 5, 70, 255, 0, 0, 730.86%, 166, 0, 0, 1543.33, 90201, 40061, 730.86%, 1871, 1871
1706881245, 5, 78, 255, 0, 0, 730.86%, 166, 0, 0, 1316.67, 90488, 40169, 730.86%, 1871, 1871
1706881245, 5, 87, 255, 0, 0, 730.86%, 166, 0, 0, 1100.00, 90683, 40304, 730.86%, 1871, 1871
1706881246, 5, 96, 255, 0, 0, 730.86%, 166, 0, 0, 983.39, 90887, 40396, 730.86%, 1871, 1871
1706881246, 5, 103, 255, 0, 0, 730.86%, 166, 0, 0, 986.67, 91098, 40481, 730.86%, 1871, 1871
1706881246, 5, 111, 255, 0, 0, 730.86%, 167, 0, 0, 976.67, 91290, 40582, 730.86%, 1871, 1871
1706881246, 5, 120, 255, 0, 0, 730.86%, 167, 0, 0, 1143.33, 91511, 40704, 730.86%, 1871, 1871
1706881247, 5, 127, 255, 0, 0, 730.86%, 167, 0, 0, 843.33, 91682, 40786, 730.86%, 1871, 1871
1706881247, 5, 131, 255, 0, 0, 730.86%, 167, 0, 0, 813.33, 91850, 40862, 730.86%, 1871, 1871
1706881247, 5, 131, 255, 0, 0, 730.86%, 167, 0, 0, 727.57, 91981, 40950, 730.86%, 1871, 1871
1706881248, 5, 131, 255, 0, 0, 730.86%, 167, 0, 0, 700.00, 92119, 41022, 730.86%, 1871, 1871
1706881248, 5, 131, 255, 0, 0, 730.86%, 167, 0, 0, 690.00, 92246, 41102, 730.86%, 1871, 1871
1706881248, 5, 134, 256, 0, 0, 730.86%, 168, 0, 0, 673.33, 92355, 41195, 730.86%, 1871, 1871
1706881249, 5, 141, 256, 0, 0, 730.86%, 168, 0, 0, 860.00, 92520, 41288, 730.86%, 1871, 1871
1706881249, 5, 149, 256, 0, 0, 730.86%, 168, 0, 0, 923.33, 92676, 41409, 730.86%, 1871, 1871
1706881249, 5, 155, 256, 0, 0, 730.86%, 168, 0, 0, 805.83, 92815, 41519, 730.86%, 1871, 1871
1706881249, 5, 161, 256, 0, 0, 730.86%, 168, 0, 0, 750.00, 92943, 41616, 730.86%, 1871, 1871
1706881250, 5, 161, 256, 0, 0, 730.86%, 168, 0, 0, 573.33, 93024, 41707, 730.86%, 1871, 1871
1706881250, 5, 161, 256, 0, 0, 730.86%, 168, 0, 0, 490.00, 93101, 41777, 730.86%, 1871, 1871
1706881250, 5, 161, 256, 0, 0, 730.86%, 168, 0, 0, 418.30, 93168, 41838, 730.86%, 1871, 1871
1706881251, 5, 161, 256, 0, 0, 730.86%, 168, 0, 0, 485.05, 93239, 41913, 730.86%, 1871, 1871
1706881251, 5, 161, 256, 0, 0, 730.86%, 168, 0, 0, 315.36, 93300, 41969, 730.86%, 1871, 1871
1706881251, 5, 163, 256, 0, 0, 730.86%, 168, 0, 0, 540.00, 93379, 42052, 730.86%, 1871, 1871
1706881252, 5, 170, 256, 0, 0, 730.86%, 168, 0, 0, 830.00, 93548, 42132, 730.86%, 1871, 1871
1706881252, 5, 175, 256, 0, 0, 730.86%, 168, 0, 0, 773.77, 93682, 42234, 730.86%, 1871, 1871
1706881252, 5, 175, 256, 0, 0, 730.86%, 168, 0, 0, 674.42, 93807, 42312, 730.86%, 1871, 1871
1706881253, 5, 175, 256, 0, 0, 730.86%, 169, 0, 0, 500.00, 93909, 42360, 730.86%, 1871, 1871
1706881253, 5, 175, 256, 0, 0, 730.86%, 169, 0, 0, 696.67, 94035, 42443, 730.86%, 1871, 1871
1706881253, 5, 175, 256, 0, 0, 730.86%, 169, 0, 0, 653.33, 94168, 42506, 730.86%, 1871, 1871
1706881253, 5, 176, 256, 0, 0, 730.86%, 169, 0, 0, 657.81, 94282, 42590, 730.86%, 1871, 1871
1706881254, 5, 176, 256, 0, 0, 730.86%, 169, 0, 0, 640.00, 94391, 42673, 730.86%, 1871, 1871
1706881254, 5, 176, 256, 0, 0, 730.86%, 170, 0, 0, 650.00, 94506, 42753, 730.86%, 1871, 1871
1706881254, 5, 176, 256, 0, 0, 730.86%, 171, 0, 0, 650.00, 94617, 42837, 730.86%, 1871, 1871
1706881255, 5, 180, 256, 0, 0, 730.86%, 171, 0, 0, 666.67, 94722, 42932, 730.86%, 1871, 1871
1706881255, 5, 180, 256, 0, 0, 730.86%, 171, 0, 0, 681.06, 94839, 43020, 730.86%, 1871, 1871
1706881255, 5, 180, 256, 0, 0, 730.86%, 171, 0, 0, 620.00, 94944, 43101, 730.86%, 1871, 1871
1706881256, 5, 180, 256, 0, 0, 730.86%, 171, 0, 0, 663.33, 95053, 43191, 730.86%, 1871, 1871
1706881256, 5, 180, 256, 0, 0, 730.86%, 171, 0, 0, 634.55, 95163, 43272, 730.86%, 1871, 1871
1706881256, 5, 181, 256, 0, 0, 730.86%, 171, 0, 0, 606.67, 95273, 43344, 730.86%, 1871, 1871
1706881256, 5, 181, 256, 0, 0, 730.86%, 171, 0, 0, 671.10, 95402, 43417, 730.86%, 1871, 1871
1706881257, 5, 181, 256, 0, 0, 730.86%, 171, 0, 0, 643.33, 95524, 43488, 730.86%, 1871, 1871
1706881257, 5, 181, 256, 0, 0, 730.86%, 171, 0, 0, 683.33, 95657, 43560, 730.86%, 1871, 1871
1706881257, 5, 182, 256, 0, 0, 730.86%, 171, 0, 0, 601.33, 95780, 43618, 730.86%, 1871, 1871
1706881258, 5, 182, 256, 0, 0, 730.86%, 171, 0, 0, 655.63, 95912, 43684, 730.86%, 1871, 1871
1706881258, 5, 182, 256, 0, 0, 730.86%, 171, 0, 0, 677.74, 96032, 43768, 730.86%, 1871, 1871
1706881258, 5, 182, 256, 0, 0, 730.86%, 171, 0, 0, 681.06, 96158, 43847, 730.86%, 1871, 1871
1706881259, 5, 185, 256, 0, 0, 730.86%, 171, 0, 0, 643.33, 96278, 43920, 730.86%, 1871, 1871
1706881259, 5, 190, 256, 0, 0, 730.86%, 171, 0, 0, 633.33, 96391, 43997, 730.86%, 1871, 1871
1706881259, 5, 196, 256, 0, 0, 730.86%, 171, 0, 0, 833.33, 96526, 44112, 730.86%, 1871, 1871
1706881259, 5, 200, 256, 0, 0, 730.86%, 171, 0, 0, 426.67, 96608, 44158, 730.86%, 1871, 1871
1706881260, 5, 203, 256, 0, 0, 730.86%, 171, 0, 0, 513.33, 96693, 44227, 730.86%, 1871, 1871
1706881260, 5, 208, 256, 0, 0, 730.86%, 172, 0, 0, 670.00, 96795, 44326, 730.86%, 1871, 1871
1706881260, 5, 212, 257, 0, 0, 730.86%, 172, 0, 0, 570.00, 96891, 44401, 730.86%, 1871, 1871
1706881261, 5, 216, 257, 0, 0, 730.86%, 172, 0, 0, 466.67, 96969, 44463, 730.86%, 1871, 1871
1706881261, 5, 222, 257, 0, 0, 730.86%, 172, 0, 0, 610.00, 97092, 44523, 730.86%, 1871, 1871
1706881261, 5, 226, 257, 0, 0, 730.86%, 172, 0, 0, 593.33, 97171, 44622, 730.86%, 1871, 1871
1706881262, 5, 230, 257, 0, 0, 730.86%, 172, 0, 0, 546.67, 97262, 44695, 730.86%, 1871, 1871
1706881262, 5, 234, 257, 0, 0, 730.86%, 172, 0, 0, 521.59, 97330, 44784, 730.86%, 1871, 1871
1706881262, 5, 238, 257, 0, 0, 730.86%, 172, 0, 0, 488.37, 97408, 44853, 730.86%, 1871, 1871
1706881262, 5, 238, 257, 0, 0, 730.86%, 172, 0, 0, 736.84, 97416, 44859, 730.86%, 1871, 1871
