# unix_time, cycles_done, cur_path, paths_total, pending_total, pending_favs, map_size, unique_crashes, unique_hangs, max_depth, execs_per_sec, valid_inputs, invalid_inputs, valid_cov, all_covered_probes, valid_covered_probes
1705968992, 0, 0, 1, 0, 0, 273.05%, 0, 0, 0, 0.17, 1, 0, 273.05%, 699, 699
1705968992, 0, 0, 13, 0, 0, 443.75%, 0, 0, 0, 70.59, 25, 0, 443.75%, 1136, 1136
1705968993, 0, 0, 22, 0, 0, 557.81%, 0, 0, 0, 54.49, 42, 0, 557.81%, 1428, 1428
1705968993, 0, 0, 33, 0, 0, 574.22%, 0, 0, 0, 115.51, 75, 2, 559.38%, 1470, 1432
1705968993, 0, 0, 44, 0, 0, 580.08%, 0, 0, 0, 121.72, 122, 6, 560.16%, 1485, 1434
1705968994, 0, 0, 51, 0, 0, 584.77%, 0, 0, 0, 82.84, 146, 10, 560.16%, 1497, 1434
1705968994, 0, 0, 63, 0, 0, 591.41%, 0, 0, 0, 179.74, 198, 13, 560.94%, 1514, 1436
1705968994, 0, 0, 69, 0, 0, 592.58%, 0, 0, 0, 180.00, 249, 16, 561.72%, 1517, 1438
1705968995, 0, 0, 73, 0, 0, 592.58%, 0, 0, 0, 128.28, 289, 20, 562.11%, 1517, 1439
1705968995, 0, 0, 84, 0, 0, 596.88%, 0, 0, 0, 263.33, 365, 23, 562.50%, 1528, 1440
1705968995, 0, 0, 89, 0, 0, 598.05%, 0, 0, 0, 194.36, 423, 27, 562.50%, 1531, 1440
1705968996, 0, 1, 94, 0, 0, 598.44%, 0, 0, 0, 131.22, 480, 28, 564.06%, 1532, 1444
1705968996, 0, 1, 98, 0, 0, 600.78%, 0, 0, 0, 198.28, 546, 31, 564.06%, 1538, 1444
1705968996, 0, 1, 103, 0, 0, 601.56%, 0, 0, 0, 267.53, 640, 40, 564.45%, 1540, 1445
1705968997, 0, 1, 106, 0, 0, 601.56%, 0, 0, 0, 142.51, 695, 43, 564.45%, 1540, 1445
1705968997, 0, 2, 110, 0, 0, 601.56%, 0, 0, 0, 219.51, 761, 49, 564.45%, 1540, 1445
1705968998, 0, 2, 118, 0, 0, 603.91%, 0, 0, 0, 470.00, 894, 57, 564.84%, 1546, 1446
1705968998, 0, 3, 124, 0, 0, 607.42%, 0, 0, 0, 366.49, 1025, 66, 566.02%, 1555, 1449
1705968998, 0, 3, 125, 0, 0, 607.42%, 0, 0, 0, 121.47, 1066, 68, 566.02%, 1555, 1449
1705968999, 0, 3, 125, 0, 0, 607.42%, 0, 0, 0, 243.33, 1135, 72, 566.02%, 1555, 1449
1705968999, 0, 4, 128, 0, 0, 608.20%, 0, 0, 0, 426.67, 1259, 76, 566.41%, 1557, 1450
1705968999, 0, 4, 131, 0, 0, 608.20%, 0, 0, 0, 152.42, 1323, 78, 566.41%, 1557, 1450
1705969000, 0, 4, 131, 0, 0, 608.20%, 0, 0, 0, 315.46, 1423, 78, 566.41%, 1557, 1450
1705969000, 0, 5, 133, 0, 0, 608.20%, 1, 0, 0, 274.75, 1556, 81, 566.41%, 1557, 1450
1705969000, 0, 5, 135, 0, 0, 608.98%, 1, 0, 0, 291.78, 1651, 89, 566.41%, 1559, 1450
1705969001, 0, 5, 136, 0, 0, 609.38%, 1, 0, 0, 346.67, 1747, 97, 566.41%, 1560, 1450
1705969001, 0, 6, 139, 0, 0, 611.33%, 1, 0, 0, 283.78, 1860, 110, 566.80%, 1565, 1451
1705969002, 0, 7, 144, 0, 0, 613.28%, 1, 0, 0, 650.14, 2068, 138, 567.19%, 1570, 1452
1705969002, 0, 7, 153, 0, 0, 613.67%, 2, 0, 0, 510.00, 2207, 152, 567.58%, 1571, 1453
1705969002, 0, 8, 159, 0, 0, 622.27%, 2, 0, 0, 190.14, 2305, 162, 584.38%, 1593, 1496
1705969003, 0, 8, 161, 0, 0, 623.83%, 2, 0, 0, 379.08, 2399, 184, 584.38%, 1597, 1496
1705969003, 0, 10, 165, 0, 0, 624.61%, 2, 0, 0, 415.34, 2515, 198, 584.77%, 1599, 1497
1705969003, 0, 10, 166, 0, 0, 624.61%, 2, 0, 0, 480.60, 2664, 210, 584.77%, 1599, 1497
1705969004, 0, 11, 169, 0, 0, 624.61%, 2, 0, 0, 403.33, 2777, 218, 585.16%, 1599, 1498
1705969004, 0, 11, 172, 0, 0, 624.61%, 3, 0, 0, 403.33, 2886, 230, 585.16%, 1599, 1498
1705969004, 0, 13, 174, 0, 0, 624.61%, 3, 0, 0, 418.30, 3008, 236, 585.16%, 1599, 1498
1705969005, 0, 13, 174, 0, 0, 624.61%, 3, 0, 0, 257.23, 3080, 244, 585.16%, 1599, 1498
1705969005, 0, 13, 174, 0, 0, 624.61%, 3, 0, 0, 256.67, 3151, 250, 585.16%, 1599, 1498
1705969005, 0, 14, 177, 0, 0, 624.61%, 3, 0, 0, 455.41, 3277, 267, 585.16%, 1599, 1498
1705969006, 0, 14, 177, 0, 0, 624.61%, 3, 0, 0, 261.46, 3367, 274, 585.16%, 1599, 1498
1705969006, 0, 14, 179, 0, 0, 624.61%, 3, 0, 0, 233.33, 3429, 282, 585.16%, 1599, 1498
1705969006, 0, 14, 181, 0, 0, 624.61%, 4, 0, 0, 345.30, 3541, 295, 585.16%, 1599, 1498
1705969007, 0, 14, 182, 0, 0, 624.61%, 4, 0, 0, 180.00, 3593, 297, 585.16%, 1599, 1498
1705969007, 0, 14, 182, 0, 0, 624.61%, 5, 0, 0, 353.33, 3687, 309, 585.16%, 1599, 1498
1705969008, 0, 14, 183, 0, 0, 624.61%, 5, 0, 0, 98.53, 3748, 315, 585.16%, 1599, 1498
1705969008, 0, 15, 184, 0, 0, 624.61%, 5, 0, 0, 266.67, 3827, 320, 585.16%, 1599, 1498
1705969008, 0, 15, 185, 0, 0, 624.61%, 5, 0, 0, 290.63, 3913, 327, 585.16%, 1599, 1498
1705969008, 0, 15, 186, 0, 0, 624.61%, 5, 0, 0, 162.32, 3964, 332, 585.16%, 1599, 1498
1705969009, 0, 15, 187, 0, 0, 625.39%, 5, 0, 0, 229.03, 4027, 340, 586.33%, 1601, 1501
1705969009, 0, 15, 188, 0, 0, 625.39%, 6, 0, 0, 263.16, 4096, 351, 586.33%, 1601, 1501
1705969009, 0, 15, 189, 0, 0, 625.39%, 6, 0, 0, 175.50, 4148, 352, 586.33%, 1601, 1501
1705969010, 0, 15, 190, 0, 0, 625.39%, 7, 0, 0, 267.41, 4237, 359, 586.33%, 1601, 1501
1705969010, 0, 15, 192, 0, 0, 625.39%, 7, 0, 0, 370.97, 4344, 367, 586.33%, 1601, 1501
1705969010, 0, 18, 193, 0, 0, 625.39%, 7, 0, 0, 436.67, 4464, 378, 586.33%, 1601, 1501
1705969011, 0, 20, 194, 0, 0, 625.39%, 8, 0, 0, 225.90, 4531, 386, 586.33%, 1601, 1501
1705969011, 0, 20, 195, 0, 0, 625.39%, 9, 0, 0, 335.40, 4630, 395, 586.33%, 1601, 1501
1705969011, 0, 20, 196, 0, 0, 625.39%, 9, 0, 0, 322.48, 4721, 403, 586.33%, 1601, 1501
1705969012, 0, 20, 197, 0, 0, 625.39%, 9, 0, 0, 167.10, 4778, 411, 586.33%, 1601, 1501
1705969012, 0, 20, 197, 0, 0, 625.39%, 9, 0, 0, 202.05, 4855, 413, 586.33%, 1601, 1501
1705969013, 0, 20, 198, 0, 0, 625.39%, 9, 0, 0, 23.58, 4870, 415, 586.33%, 1601, 1501
1705969013, 0, 20, 200, 0, 0, 625.39%, 9, 0, 0, 159.64, 4922, 416, 586.33%, 1601, 1501
1705969013, 0, 20, 201, 0, 0, 625.39%, 9, 0, 0, 576.67, 5084, 427, 586.33%, 1601, 1501
1705969014, 0, 23, 201, 0, 0, 625.39%, 9, 0, 0, 310.87, 5181, 473, 586.33%, 1601, 1501
1705969014, 0, 24, 202, 0, 0, 625.39%, 9, 0, 0, 520.00, 5269, 541, 586.33%, 1601, 1501
1705969015, 0, 24, 202, 0, 0, 625.39%, 9, 0, 0, 138.28, 5345, 547, 586.33%, 1601, 1501
1705969015, 0, 24, 203, 0, 0, 625.39%, 9, 0, 0, 317.61, 5436, 557, 586.33%, 1601, 1501
1705969015, 0, 24, 204, 0, 0, 625.39%, 9, 0, 0, 413.33, 5557, 560, 586.33%, 1601, 1501
1705969016, 0, 24, 204, 0, 0, 625.39%, 9, 0, 0, 360.00, 5659, 566, 586.33%, 1601, 1501
1705969016, 0, 24, 204, 0, 0, 625.39%, 10, 0, 0, 343.95, 5758, 575, 586.33%, 1601, 1501
1705969016, 0, 24, 204, 0, 0, 625.39%, 11, 0, 0, 257.43, 5829, 582, 586.33%, 1601, 1501
1705969017, 0, 25, 204, 0, 0, 625.39%, 11, 0, 0, 647.73, 6001, 638, 586.33%, 1601, 1501
1705969017, 0, 31, 205, 0, 0, 625.78%, 11, 0, 0, 890.00, 6211, 695, 586.72%, 1602, 1502
1705969017, 0, 31, 209, 0, 0, 626.56%, 11, 0, 0, 509.75, 6366, 723, 587.50%, 1604, 1504
1705969018, 0, 36, 210, 0, 0, 626.95%, 11, 0, 0, 460.84, 6478, 764, 587.50%, 1605, 1504
1705969018, 0, 38, 213, 0, 0, 627.73%, 11, 0, 0, 1073.33, 6669, 895, 587.50%, 1607, 1504
1705969018, 0, 39, 213, 0, 0, 627.73%, 11, 0, 0, 436.67, 6768, 927, 587.50%, 1607, 1504
1705969019, 0, 39, 213, 0, 0, 627.73%, 11, 0, 0, 227.67, 6843, 931, 587.50%, 1607, 1504
1705969019, 0, 39, 215, 0, 0, 628.13%, 11, 0, 0, 86.84, 6909, 931, 587.89%, 1608, 1505
1705969020, 0, 39, 215, 0, 0, 628.13%, 11, 0, 0, 144.63, 7010, 935, 587.89%, 1608, 1505
1705969020, 0, 39, 215, 0, 0, 628.13%, 11, 0, 0, 496.67, 7154, 940, 587.89%, 1608, 1505
1705969021, 0, 39, 216, 0, 0, 628.13%, 11, 0, 0, 175.24, 7259, 944, 587.89%, 1608, 1505
1705969021, 0, 44, 217, 0, 0, 628.13%, 11, 0, 0, 607.14, 7427, 963, 587.89%, 1608, 1505
1705969022, 0, 46, 217, 0, 0, 628.13%, 11, 0, 0, 1016.67, 7610, 1085, 587.89%, 1608, 1505
1705969022, 0, 49, 221, 0, 0, 628.13%, 11, 0, 0, 720.31, 7858, 1213, 587.89%, 1608, 1505
1705969023, 0, 52, 225, 0, 0, 628.13%, 11, 0, 0, 259.26, 7939, 1223, 587.89%, 1608, 1505
1705969023, 0, 54, 228, 0, 0, 628.13%, 11, 0, 0, 525.32, 8081, 1247, 587.89%, 1608, 1505
1705969023, 0, 54, 229, 0, 0, 628.13%, 11, 0, 0, 473.33, 8206, 1264, 587.89%, 1608, 1505
1705969023, 0, 54, 230, 0, 0, 628.13%, 11, 0, 0, 503.01, 8355, 1282, 587.89%, 1608, 1505
1705969024, 0, 58, 230, 0, 0, 628.13%, 11, 0, 0, 562.87, 8516, 1309, 587.89%, 1608, 1505
1705969024, 0, 59, 231, 0, 0, 628.52%, 11, 0, 0, 910.00, 8692, 1406, 587.89%, 1609, 1505
1705969024, 0, 62, 233, 0, 0, 628.52%, 11, 0, 0, 427.22, 8779, 1454, 587.89%, 1609, 1505
1705969025, 0, 64, 234, 0, 0, 630.08%, 11, 0, 0, 836.67, 8949, 1535, 587.89%, 1613, 1505
1705969025, 0, 64, 235, 0, 0, 630.08%, 11, 0, 0, 221.36, 9046, 1552, 587.89%, 1613, 1505
1705969026, 0, 64, 235, 0, 0, 630.08%, 11, 0, 0, 301.32, 9121, 1568, 587.89%, 1613, 1505
1705969026, 0, 64, 235, 0, 0, 630.08%, 11, 0, 0, 283.33, 9202, 1572, 587.89%, 1613, 1505
1705969026, 0, 64, 235, 0, 0, 630.08%, 11, 0, 0, 290.00, 9280, 1581, 587.89%, 1613, 1505
1705969026, 0, 64, 235, 0, 0, 630.08%, 11, 0, 0, 230.00, 9341, 1589, 587.89%, 1613, 1505
1705969027, 0, 64, 238, 0, 0, 630.08%, 11, 0, 0, 260.73, 9411, 1598, 587.89%, 1613, 1505
1705969027, 0, 64, 238, 0, 0, 630.08%, 11, 0, 0, 233.33, 9476, 1603, 587.89%, 1613, 1505
1705969027, 0, 64, 238, 0, 0, 630.08%, 11, 0, 0, 126.44, 9515, 1608, 587.89%, 1613, 1505
1705969028, 0, 64, 238, 0, 0, 630.08%, 11, 0, 0, 96.03, 9543, 1609, 587.89%, 1613, 1505
1705969028, 0, 65, 239, 0, 0, 630.47%, 11, 0, 0, 56.50, 9557, 1615, 587.89%, 1614, 1505
1705969029, 0, 65, 239, 0, 0, 630.47%, 11, 0, 0, 22.82, 9567, 1616, 587.89%, 1614, 1505
1705969029, 0, 65, 239, 0, 0, 630.47%, 11, 0, 0, 137.25, 9604, 1621, 587.89%, 1614, 1505
1705969029, 0, 65, 239, 0, 0, 630.47%, 11, 0, 0, 95.54, 9629, 1626, 587.89%, 1614, 1505
1705969030, 0, 65, 239, 0, 0, 630.47%, 11, 0, 0, 66.48, 9649, 1630, 587.89%, 1614, 1505
1705969030, 0, 65, 239, 0, 0, 630.47%, 11, 0, 0, 12.94, 9652, 1631, 587.89%, 1614, 1505
1705969030, 0, 65, 239, 0, 0, 630.47%, 11, 0, 0, 23.92, 9662, 1631, 587.89%, 1614, 1505
1705969031, 0, 65, 239, 0, 0, 630.47%, 11, 0, 0, 13.62, 9666, 1632, 587.89%, 1614, 1505
1705969031, 0, 65, 239, 0, 0, 630.47%, 11, 0, 0, 49.02, 9681, 1632, 587.89%, 1614, 1505
1705969031, 0, 65, 239, 0, 0, 630.47%, 11, 0, 0, 60.24, 9701, 1632, 587.89%, 1614, 1505
1705969032, 0, 65, 239, 0, 0, 630.47%, 11, 0, 0, 6.94, 9705, 1633, 587.89%, 1614, 1505
1705969032, 0, 65, 239, 0, 0, 630.47%, 11, 0, 0, 16.13, 9710, 1633, 587.89%, 1614, 1505
1705969033, 0, 65, 239, 0, 0, 630.47%, 11, 0, 0, 16.67, 9713, 1635, 587.89%, 1614, 1505
1705969033, 0, 65, 239, 0, 0, 630.47%, 11, 0, 0, 111.11, 9754, 1640, 587.89%, 1614, 1505
1705969033, 0, 65, 240, 0, 0, 630.47%, 11, 0, 0, 283.33, 9827, 1652, 587.89%, 1614, 1505
1705969034, 0, 65, 240, 0, 0, 630.47%, 11, 0, 0, 226.67, 9881, 1666, 587.89%, 1614, 1505
1705969034, 0, 65, 241, 0, 0, 630.47%, 11, 0, 0, 430.68, 10005, 1688, 588.28%, 1614, 1506
1705969034, 0, 67, 243, 0, 0, 630.47%, 12, 0, 0, 465.05, 10134, 1712, 588.28%, 1614, 1506
1705969035, 0, 73, 243, 0, 0, 630.47%, 12, 0, 0, 1436.67, 10512, 1765, 588.28%, 1614, 1506
1705969035, 0, 77, 243, 0, 0, 630.47%, 12, 0, 0, 687.17, 10731, 1803, 588.28%, 1614, 1506
1705969035, 0, 80, 243, 0, 0, 630.47%, 12, 0, 0, 558.36, 10865, 1846, 588.28%, 1614, 1506
1705969036, 0, 82, 243, 0, 0, 630.47%, 12, 0, 0, 880.00, 11053, 1922, 588.28%, 1614, 1506
1705969036, 0, 82, 244, 0, 0, 630.47%, 13, 0, 0, 534.53, 11169, 1984, 589.06%, 1614, 1508
1705969036, 0, 85, 244, 0, 0, 630.47%, 13, 0, 0, 447.45, 11268, 2034, 589.06%, 1614, 1508
1705969037, 0, 86, 244, 0, 0, 630.47%, 13, 0, 0, 632.45, 11391, 2102, 589.06%, 1614, 1508
1705969037, 0, 90, 244, 0, 0, 630.47%, 13, 0, 0, 290.83, 11506, 2117, 589.06%, 1614, 1508
1705969037, 0, 92, 245, 0, 0, 630.47%, 13, 0, 0, 353.33, 11603, 2126, 589.06%, 1614, 1508
1705969038, 0, 92, 245, 0, 0, 630.47%, 13, 0, 0, 378.74, 11711, 2132, 589.06%, 1614, 1508
1705969038, 0, 92, 245, 0, 0, 630.47%, 13, 0, 0, 165.56, 11757, 2136, 589.06%, 1614, 1508
1705969038, 0, 92, 246, 0, 0, 630.47%, 13, 0, 0, 213.33, 11816, 2141, 589.06%, 1614, 1508
1705969038, 0, 92, 246, 0, 0, 630.47%, 13, 0, 0, 166.67, 11862, 2145, 589.06%, 1614, 1508
1705969039, 0, 92, 246, 0, 0, 630.47%, 13, 0, 0, 270.00, 11934, 2154, 589.06%, 1614, 1508
1705969039, 0, 92, 247, 0, 0, 630.47%, 13, 0, 0, 309.21, 12021, 2161, 589.06%, 1614, 1508
1705969039, 0, 92, 247, 0, 0, 630.47%, 13, 0, 0, 213.82, 12082, 2165, 589.06%, 1614, 1508
1705969040, 0, 92, 247, 0, 0, 630.47%, 13, 0, 0, 133.33, 12121, 2166, 589.06%, 1614, 1508
1705969040, 0, 92, 247, 0, 0, 630.47%, 13, 0, 0, 53.73, 12139, 2166, 589.06%, 1614, 1508
1705969040, 0, 94, 247, 0, 0, 630.47%, 13, 0, 0, 265.85, 12241, 2173, 589.06%, 1614, 1508
1705969041, 0, 94, 247, 0, 0, 630.47%, 13, 0, 0, 373.33, 12324, 2202, 589.06%, 1614, 1508
1705969041, 0, 94, 247, 0, 0, 630.47%, 13, 0, 0, 112.60, 12352, 2216, 589.06%, 1614, 1508
1705969041, 0, 95, 247, 0, 0, 630.47%, 13, 0, 0, 116.92, 12379, 2227, 589.06%, 1614, 1508
1705969042, 0, 95, 247, 0, 0, 630.47%, 13, 0, 0, 57.80, 12392, 2234, 589.06%, 1614, 1508
1705969042, 0, 95, 247, 0, 0, 630.47%, 13, 0, 0, 88.63, 12420, 2259, 589.06%, 1614, 1508
1705969043, 0, 95, 247, 0, 0, 630.47%, 13, 0, 0, 8.26, 12422, 2260, 589.06%, 1614, 1508
1705969043, 0, 95, 247, 0, 0, 630.47%, 13, 0, 0, 81.57, 12438, 2271, 589.06%, 1614, 1508
1705969044, 0, 95, 247, 0, 0, 630.47%, 13, 0, 0, 2.28, 12438, 2272, 589.06%, 1614, 1508
1705969044, 0, 95, 247, 0, 0, 630.47%, 13, 0, 0, 182.98, 12489, 2307, 589.06%, 1614, 1508
1705969045, 0, 96, 247, 0, 0, 630.47%, 13, 0, 0, 98.30, 12517, 2331, 589.06%, 1614, 1508
1705969046, 0, 96, 247, 0, 0, 630.47%, 13, 0, 0, 13.17, 12530, 2336, 589.06%, 1614, 1508
1705969053, 0, 96, 247, 0, 0, 630.47%, 13, 0, 0, 0.14, 12531, 2336, 589.06%, 1614, 1508
1705969060, 0, 96, 247, 0, 0, 630.47%, 13, 0, 0, 0.14, 12532, 2336, 589.06%, 1614, 1508
1705969082, 0, 96, 247, 0, 0, 630.47%, 13, 0, 0, 0.05, 12533, 2336, 589.06%, 1614, 1508
1705969086, 0, 96, 247, 0, 0, 630.47%, 13, 0, 0, 0.27, 12533, 2337, 589.06%, 1614, 1508
1705969086, 0, 96, 247, 0, 0, 630.47%, 13, 0, 0, 9.98, 12536, 2342, 589.06%, 1614, 1508
1705969087, 0, 96, 247, 0, 0, 630.47%, 13, 0, 0, 1.59, 12537, 2342, 589.06%, 1614, 1508
1705969088, 0, 96, 247, 0, 0, 630.47%, 13, 0, 0, 37.57, 12554, 2351, 589.06%, 1614, 1508
1705969089, 0, 99, 247, 0, 0, 630.47%, 13, 0, 0, 182.26, 12651, 2404, 589.06%, 1614, 1508
1705969089, 0, 100, 247, 0, 0, 630.47%, 13, 0, 0, 284.09, 12766, 2414, 589.06%, 1614, 1508
1705969089, 0, 100, 247, 0, 0, 630.47%, 13, 0, 0, 118.81, 12821, 2419, 589.06%, 1614, 1508
1705969090, 0, 100, 247, 0, 0, 630.47%, 13, 0, 0, 2.75, 12822, 2419, 589.06%, 1614, 1508
1705969090, 0, 102, 247, 0, 0, 630.47%, 13, 0, 0, 261.76, 12970, 2438, 589.06%, 1614, 1508
1705969133, 0, 104, 248, 0, 0, 630.47%, 13, 0, 0, 4.28, 13078, 2514, 589.06%, 1614, 1508
1705969139, 0, 104, 248, 0, 0, 630.47%, 13, 0, 0, 0.19, 13079, 2514, 589.06%, 1614, 1508
1705969142, 0, 104, 248, 0, 0, 630.47%, 13, 0, 0, 0.29, 13080, 2514, 589.06%, 1614, 1508
1705969146, 0, 104, 248, 0, 0, 630.47%, 13, 0, 0, 0.27, 13081, 2514, 589.06%, 1614, 1508
1705969154, 0, 104, 248, 0, 0, 630.47%, 13, 0, 0, 0.12, 13082, 2514, 589.06%, 1614, 1508
1705969162, 0, 104, 248, 0, 0, 630.47%, 13, 0, 0, 0.12, 13083, 2514, 589.06%, 1614, 1508
1705969165, 0, 104, 248, 0, 0, 630.47%, 13, 0, 0, 0.36, 13084, 2514, 589.06%, 1614, 1508
1705969166, 0, 106, 248, 0, 0, 630.47%, 13, 0, 0, 166.67, 13126, 2522, 589.06%, 1614, 1508
1705969166, 0, 107, 248, 0, 0, 630.47%, 13, 0, 0, 16.64, 13130, 2527, 589.06%, 1614, 1508
1705969168, 0, 107, 248, 0, 0, 630.47%, 13, 0, 0, 0.72, 13131, 2527, 589.06%, 1614, 1508
1705969176, 0, 111, 249, 0, 0, 630.47%, 13, 0, 0, 34.75, 13384, 2559, 589.06%, 1614, 1508
1705969180, 0, 111, 249, 0, 0, 630.47%, 13, 0, 0, 1.24, 13389, 2559, 589.06%, 1614, 1508
1705969186, 0, 115, 250, 0, 0, 630.47%, 13, 0, 0, 49.46, 13622, 2642, 589.06%, 1614, 1508
1705969196, 0, 116, 251, 0, 0, 630.47%, 13, 0, 0, 1.21, 13632, 2644, 589.06%, 1614, 1508
1705969205, 0, 116, 252, 0, 0, 630.47%, 13, 0, 0, 0.71, 13637, 2645, 589.06%, 1614, 1508
1705969209, 0, 117, 253, 0, 0, 630.47%, 13, 0, 0, 7.41, 13669, 2647, 590.23%, 1614, 1511
1705969210, 0, 117, 253, 0, 0, 630.47%, 14, 0, 0, 3.95, 13672, 2648, 590.23%, 1614, 1511
1705969211, 0, 117, 254, 0, 0, 630.47%, 14, 0, 0, 1.75, 13673, 2648, 591.80%, 1614, 1515
1705969212, 0, 118, 255, 0, 0, 630.47%, 14, 0, 0, 213.28, 13808, 2709, 592.58%, 1614, 1517
1705969215, 0, 118, 256, 0, 0, 630.47%, 14, 0, 0, 3.71, 13816, 2713, 592.97%, 1614, 1518
1705969236, 0, 123, 257, 0, 0, 630.47%, 14, 0, 0, 15.37, 14011, 2836, 592.97%, 1614, 1518
1705969238, 0, 123, 258, 0, 0, 630.47%, 14, 0, 0, 40.10, 14107, 2841, 592.97%, 1614, 1518
1705969242, 0, 123, 259, 0, 0, 630.47%, 14, 0, 0, 1.08, 14111, 2841, 592.97%, 1614, 1518
1705969244, 0, 123, 260, 0, 0, 630.47%, 14, 0, 0, 0.95, 14113, 2841, 592.97%, 1614, 1518
1705969245, 0, 123, 261, 0, 0, 630.47%, 14, 0, 0, 34.60, 14140, 2844, 592.97%, 1614, 1518
1705969246, 0, 123, 262, 0, 0, 630.47%, 14, 0, 0, 8.00, 14153, 2845, 592.97%, 1614, 1518
1705969247, 0, 123, 262, 0, 0, 630.47%, 14, 0, 0, 90.51, 14192, 2847, 592.97%, 1614, 1518
1705969249, 0, 123, 263, 0, 0, 630.47%, 14, 0, 0, 20.27, 14238, 2849, 592.97%, 1614, 1518
1705969250, 0, 123, 263, 0, 0, 630.47%, 15, 0, 0, 23.14, 14245, 2851, 592.97%, 1614, 1518
1705969250, 0, 123, 263, 0, 0, 630.47%, 15, 0, 0, 59.21, 14262, 2852, 592.97%, 1614, 1518
1705969250, 0, 123, 265, 0, 0, 630.47%, 15, 0, 0, 85.59, 14299, 2856, 593.36%, 1614, 1519
1705969251, 0, 123, 265, 0, 0, 630.47%, 15, 0, 0, 520.00, 14445, 2866, 593.36%, 1614, 1519
1705969251, 0, 123, 266, 0, 0, 630.47%, 15, 0, 0, 276.32, 14586, 2872, 593.36%, 1614, 1519
1705969252, 0, 124, 267, 0, 0, 630.47%, 15, 0, 0, 111.11, 14620, 2874, 593.36%, 1614, 1519
1705969252, 0, 127, 267, 0, 0, 630.47%, 15, 0, 0, 1763.33, 15048, 2975, 593.36%, 1614, 1519
1705969252, 0, 131, 268, 0, 0, 630.47%, 15, 0, 0, 301.28, 15178, 2986, 593.36%, 1614, 1519
1705969253, 0, 132, 269, 0, 0, 630.47%, 15, 0, 0, 67.28, 15199, 2987, 593.36%, 1614, 1519
1705969253, 0, 133, 269, 0, 0, 630.47%, 15, 0, 0, 366.67, 15295, 3001, 593.36%, 1614, 1519
1705969254, 0, 136, 269, 0, 0, 630.47%, 15, 0, 0, 1124.75, 15665, 3199, 593.36%, 1614, 1519
1705969255, 0, 136, 269, 0, 0, 630.47%, 16, 0, 0, 66.48, 15739, 3218, 593.36%, 1614, 1519
1705969257, 0, 136, 270, 0, 0, 630.47%, 16, 0, 0, 43.78, 15819, 3227, 593.36%, 1614, 1519
1705969257, 0, 136, 270, 0, 0, 630.47%, 16, 0, 0, 243.40, 15889, 3240, 593.36%, 1614, 1519
1705969258, 0, 136, 270, 0, 0, 630.47%, 16, 0, 0, 121.79, 15921, 3246, 593.36%, 1614, 1519
1705969258, 0, 136, 270, 0, 0, 630.47%, 16, 0, 0, 95.54, 15946, 3251, 593.36%, 1614, 1519
1705969258, 0, 136, 271, 0, 0, 630.47%, 16, 0, 0, 2.16, 15947, 3251, 593.36%, 1614, 1519
1705969259, 0, 136, 272, 0, 0, 630.47%, 16, 0, 0, 63.04, 15970, 3257, 593.36%, 1614, 1519
1705969259, 0, 136, 272, 0, 0, 630.47%, 16, 0, 0, 76.47, 15994, 3259, 593.36%, 1614, 1519
1705969260, 0, 136, 272, 0, 0, 630.47%, 16, 0, 0, 49.34, 16007, 3261, 593.36%, 1614, 1519
1705969260, 0, 136, 272, 0, 0, 630.47%, 16, 0, 0, 93.33, 16034, 3262, 593.36%, 1614, 1519
1705969260, 0, 136, 272, 0, 0, 630.47%, 16, 0, 0, 83.53, 16063, 3268, 593.36%, 1614, 1519
1705969261, 0, 136, 272, 0, 0, 630.47%, 16, 0, 0, 33.94, 16074, 3270, 593.36%, 1614, 1519
1705969261, 0, 136, 272, 0, 0, 630.47%, 16, 0, 0, 19.74, 16079, 3271, 593.36%, 1614, 1519
1705969261, 0, 136, 272, 0, 0, 630.47%, 16, 0, 0, 126.25, 16108, 3280, 593.36%, 1614, 1519
1705969262, 0, 136, 272, 0, 0, 630.47%, 16, 0, 0, 98.77, 16135, 3285, 593.36%, 1614, 1519
1705969262, 0, 136, 272, 0, 0, 630.47%, 16, 0, 0, 9.27, 16143, 3285, 593.36%, 1614, 1519
1705969263, 0, 137, 272, 0, 0, 630.47%, 16, 0, 0, 776.67, 16327, 3334, 593.36%, 1614, 1519
1705969263, 0, 141, 272, 0, 0, 630.47%, 16, 0, 0, 3056.67, 16946, 3632, 593.36%, 1614, 1519
1705969263, 0, 143, 272, 0, 0, 630.47%, 16, 0, 0, 2063.33, 17367, 3830, 593.36%, 1614, 1519
1705969264, 0, 149, 272, 0, 0, 630.47%, 16, 0, 0, 1233.33, 17631, 3936, 593.36%, 1614, 1519
1705969266, 0, 151, 272, 0, 0, 630.47%, 17, 0, 0, 16.56, 17663, 3947, 593.36%, 1614, 1519
1705969266, 0, 152, 273, 0, 0, 631.25%, 17, 0, 0, 850.00, 17898, 3967, 593.36%, 1616, 1519
1705969267, 0, 152, 273, 0, 0, 631.25%, 17, 0, 0, 1370.00, 18286, 3990, 593.36%, 1616, 1519
1705969269, 0, 154, 274, 0, 0, 631.25%, 17, 0, 0, 35.70, 18351, 4002, 593.36%, 1616, 1519
1705969270, 0, 154, 275, 0, 0, 631.25%, 17, 0, 0, 2.86, 18354, 4002, 593.36%, 1616, 1519
1705969270, 0, 154, 275, 0, 0, 631.25%, 17, 0, 0, 229.65, 18430, 4005, 593.36%, 1616, 1519
1705969271, 0, 154, 276, 0, 0, 631.25%, 17, 0, 0, 30.27, 18461, 4006, 593.36%, 1616, 1519
1705969272, 0, 154, 276, 0, 0, 631.25%, 17, 0, 0, 491.69, 18599, 4016, 593.36%, 1616, 1519
1705969272, 0, 154, 277, 0, 0, 631.25%, 17, 0, 0, 51.49, 18615, 4019, 593.36%, 1616, 1519
1705969272, 0, 154, 278, 0, 0, 631.25%, 17, 0, 0, 180.00, 18668, 4020, 593.36%, 1616, 1519
1705969274, 0, 154, 280, 0, 0, 631.25%, 17, 0, 0, 44.73, 18732, 4023, 593.36%, 1616, 1519
1705969274, 0, 154, 280, 0, 0, 631.25%, 17, 0, 0, 430.17, 18880, 4029, 593.36%, 1616, 1519
1705969275, 0, 156, 281, 0, 0, 631.25%, 17, 0, 0, 966.87, 19107, 4123, 593.75%, 1616, 1520
1705969275, 0, 156, 282, 0, 0, 632.03%, 17, 0, 0, 364.49, 19176, 4171, 594.53%, 1618, 1522
1705969276, 0, 156, 282, 0, 0, 632.03%, 17, 0, 0, 24.22, 19187, 4181, 594.53%, 1618, 1522
1705969276, 0, 158, 282, 0, 0, 632.03%, 17, 0, 0, 1205.98, 19460, 4271, 594.53%, 1618, 1522
1705969276, 0, 158, 285, 0, 0, 632.03%, 17, 0, 0, 335.46, 19560, 4276, 594.53%, 1618, 1522
1705969277, 0, 158, 285, 0, 0, 632.03%, 18, 0, 0, 550.00, 19720, 4281, 594.53%, 1618, 1522
1705969277, 0, 158, 285, 0, 0, 632.03%, 18, 0, 0, 51.67, 19750, 4282, 594.53%, 1618, 1522
1705969278, 0, 158, 285, 0, 0, 632.03%, 18, 0, 0, 478.13, 19904, 4292, 594.53%, 1618, 1522
1705969278, 0, 158, 286, 0, 0, 632.03%, 18, 0, 0, 378.74, 20013, 4297, 594.53%, 1618, 1522
1705969278, 0, 160, 286, 0, 0, 632.03%, 18, 0, 0, 381.97, 20148, 4340, 594.53%, 1618, 1522
1705969279, 0, 160, 286, 0, 0, 632.03%, 18, 0, 0, 473.33, 20246, 4384, 594.53%, 1618, 1522
1705969279, 0, 164, 286, 0, 0, 632.03%, 18, 0, 0, 1680.00, 20662, 4472, 594.53%, 1618, 1522
1705969280, 0, 164, 287, 0, 0, 632.42%, 18, 0, 0, 54.11, 20693, 4493, 594.92%, 1619, 1523
1705969280, 0, 166, 287, 0, 0, 632.42%, 18, 0, 0, 210.36, 20739, 4512, 594.92%, 1619, 1523
1705969281, 0, 171, 287, 0, 0, 632.42%, 18, 0, 0, 1336.67, 21110, 4542, 594.92%, 1619, 1523
1705969281, 0, 174, 287, 0, 0, 632.42%, 18, 0, 0, 167.68, 21157, 4550, 594.92%, 1619, 1523
1705969282, 0, 174, 287, 0, 0, 632.42%, 18, 0, 0, 34.70, 21178, 4551, 594.92%, 1619, 1523
1705969282, 0, 174, 288, 0, 0, 632.42%, 18, 0, 0, 9.62, 21182, 4552, 594.92%, 1619, 1523
1705969283, 0, 181, 288, 0, 0, 632.42%, 18, 0, 0, 223.14, 21290, 4579, 594.92%, 1619, 1523
1705969283, 0, 186, 288, 0, 0, 632.42%, 18, 0, 0, 1423.33, 21605, 4691, 594.92%, 1619, 1523
1705969283, 0, 186, 288, 0, 0, 632.42%, 18, 0, 0, 599.16, 21803, 4780, 594.92%, 1619, 1523
1705969284, 0, 187, 289, 0, 0, 632.42%, 18, 0, 0, 87.28, 21873, 4804, 594.92%, 1619, 1523
1705969285, 0, 188, 289, 0, 0, 632.42%, 18, 0, 0, 67.99, 21912, 4806, 594.92%, 1619, 1523
1705969285, 0, 195, 289, 0, 0, 632.42%, 19, 0, 0, 548.17, 22024, 4859, 594.92%, 1619, 1523
1705969286, 0, 196, 289, 0, 0, 632.42%, 19, 0, 0, 45.61, 22050, 4859, 594.92%, 1619, 1523
1705969286, 0, 197, 289, 0, 0, 632.42%, 19, 0, 0, 141.48, 22092, 4861, 594.92%, 1619, 1523
1705969287, 0, 202, 290, 0, 0, 632.42%, 19, 0, 0, 415.14, 22236, 4876, 594.92%, 1619, 1523
1705969287, 0, 207, 290, 0, 0, 632.42%, 19, 0, 0, 2897.44, 22972, 5044, 594.92%, 1619, 1523
1705969287, 0, 208, 291, 0, 0, 632.42%, 19, 0, 0, 745.72, 23232, 5089, 594.92%, 1619, 1523
1705969288, 0, 209, 291, 0, 0, 632.42%, 19, 0, 0, 503.33, 23316, 5156, 594.92%, 1619, 1523
1705969288, 0, 212, 291, 0, 0, 632.42%, 19, 0, 0, 1230.00, 23505, 5336, 594.92%, 1619, 1523
1705969288, 0, 214, 291, 0, 0, 632.42%, 19, 0, 0, 860.00, 23746, 5353, 594.92%, 1619, 1523
1705969289, 0, 214, 291, 0, 0, 632.42%, 19, 0, 0, 864.69, 23996, 5365, 594.92%, 1619, 1523
1705969289, 0, 214, 291, 0, 0, 632.42%, 19, 0, 0, 500.00, 24135, 5376, 594.92%, 1619, 1523
1705969290, 0, 214, 291, 0, 0, 632.42%, 19, 0, 0, 4.47, 24141, 5376, 594.92%, 1619, 1523
1705969291, 0, 218, 292, 0, 0, 632.42%, 19, 0, 0, 177.84, 24245, 5394, 594.92%, 1619, 1523
1705969291, 0, 220, 293, 0, 0, 632.42%, 19, 0, 0, 129.59, 24294, 5405, 594.92%, 1619, 1523
1705969292, 0, 224, 294, 0, 0, 632.42%, 19, 0, 0, 346.59, 24396, 5425, 594.92%, 1619, 1523
1705969292, 0, 232, 294, 0, 0, 632.42%, 19, 0, 0, 1156.15, 24661, 5508, 594.92%, 1619, 1523
1705969293, 0, 233, 294, 0, 0, 632.42%, 20, 0, 0, 232.92, 24755, 5564, 594.92%, 1619, 1523
1705969293, 0, 234, 294, 0, 0, 632.42%, 20, 0, 0, 794.70, 24908, 5651, 594.92%, 1619, 1523
1705969293, 0, 238, 294, 0, 0, 632.42%, 20, 0, 0, 593.33, 25032, 5705, 594.92%, 1619, 1523
1705969294, 0, 238, 294, 0, 0, 632.42%, 20, 0, 0, 256.94, 25106, 5742, 594.92%, 1619, 1523
1705969294, 0, 238, 294, 0, 0, 632.42%, 20, 0, 0, 400.00, 25190, 5778, 594.92%, 1619, 1523
1705969294, 0, 240, 294, 0, 0, 632.42%, 20, 0, 0, 1020.00, 25422, 5852, 594.92%, 1619, 1523
1705969295, 0, 240, 294, 0, 0, 632.42%, 20, 0, 0, 916.67, 25650, 5899, 594.92%, 1619, 1523
1705969295, 0, 240, 294, 0, 0, 632.42%, 20, 0, 0, 866.67, 25869, 5940, 594.92%, 1619, 1523
1705969295, 0, 243, 294, 0, 0, 632.42%, 20, 0, 0, 297.92, 25986, 5966, 594.92%, 1619, 1523
1705969296, 0, 243, 294, 0, 0, 632.42%, 20, 0, 0, 31.55, 26005, 5967, 594.92%, 1619, 1523
1705969297, 0, 243, 294, 0, 0, 632.42%, 20, 0, 0, 72.99, 26040, 5972, 594.92%, 1619, 1523
1705969297, 0, 243, 294, 0, 0, 632.42%, 20, 0, 0, 1373.33, 26399, 6025, 594.92%, 1619, 1523
1705969298, 0, 246, 294, 0, 0, 632.42%, 20, 0, 0, 169.33, 26545, 6038, 594.92%, 1619, 1523
1705969298, 0, 252, 294, 0, 0, 632.42%, 20, 0, 0, 876.67, 26767, 6079, 594.92%, 1619, 1523
1705969298, 0, 252, 294, 0, 0, 632.42%, 20, 0, 0, 880.00, 26999, 6111, 594.92%, 1619, 1523
1705969299, 0, 252, 294, 0, 0, 632.42%, 20, 0, 0, 193.12, 27068, 6115, 594.92%, 1619, 1523
1705969299, 0, 253, 294, 0, 0, 632.42%, 20, 0, 0, 1063.12, 27341, 6162, 594.92%, 1619, 1523
1705969299, 0, 253, 294, 0, 0, 632.42%, 20, 0, 0, 1130.00, 27647, 6195, 594.92%, 1619, 1523
1705969300, 0, 256, 294, 0, 0, 632.42%, 20, 0, 0, 2043.19, 28169, 6288, 594.92%, 1619, 1523
1705969300, 0, 261, 296, 0, 0, 632.42%, 20, 0, 0, 267.02, 28311, 6299, 594.92%, 1619, 1523
1705969304, 0, 263, 297, 0, 0, 632.42%, 20, 0, 0, 16.50, 28367, 6304, 594.92%, 1619, 1523
1705969306, 0, 263, 297, 0, 0, 632.42%, 20, 0, 0, 78.82, 28538, 6322, 594.92%, 1619, 1523
1705969307, 0, 263, 297, 0, 0, 632.42%, 20, 0, 0, 783.33, 28754, 6341, 594.92%, 1619, 1523
1705969307, 0, 265, 297, 0, 0, 632.42%, 20, 0, 0, 923.33, 29010, 6362, 594.92%, 1619, 1523
1705969307, 0, 269, 298, 0, 0, 632.42%, 20, 0, 0, 334.20, 29130, 6370, 594.92%, 1619, 1523
1705969308, 0, 271, 301, 0, 0, 632.42%, 20, 0, 0, 226.63, 29201, 6379, 594.92%, 1619, 1523
1705969308, 0, 272, 301, 0, 0, 632.42%, 20, 0, 0, 616.67, 29305, 6460, 594.92%, 1619, 1523
1705969308, 0, 272, 301, 0, 0, 632.42%, 20, 0, 0, 680.31, 29445, 6586, 594.92%, 1619, 1523
1705969311, 0, 273, 302, 0, 0, 632.42%, 20, 0, 0, 23.79, 29481, 6610, 594.92%, 1619, 1523
1705969311, 0, 277, 305, 0, 0, 632.42%, 20, 0, 0, 446.67, 29610, 6615, 597.27%, 1619, 1529
1705969313, 0, 280, 308, 0, 0, 632.42%, 20, 0, 0, 54.62, 29684, 6622, 597.27%, 1619, 1529
1705969313, 0, 280, 309, 0, 0, 632.42%, 20, 0, 0, 676.67, 29868, 6641, 597.27%, 1619, 1529
1705969313, 0, 280, 309, 0, 0, 632.42%, 20, 0, 0, 607.97, 30034, 6658, 597.27%, 1619, 1529
1705969314, 0, 280, 309, 0, 0, 632.42%, 20, 0, 0, 713.33, 30226, 6680, 597.27%, 1619, 1529
1705969315, 0, 281, 310, 0, 0, 632.42%, 20, 0, 0, 205.00, 30477, 6724, 597.27%, 1619, 1529
1705969315, 0, 283, 310, 0, 0, 632.42%, 20, 0, 0, 1310.00, 30817, 6777, 597.27%, 1619, 1529
1705969316, 0, 291, 311, 0, 0, 632.42%, 20, 0, 0, 1584.72, 31244, 6827, 597.27%, 1619, 1529
1705969316, 0, 295, 311, 0, 0, 632.42%, 20, 0, 0, 414.49, 31381, 6833, 597.27%, 1619, 1529
1705969316, 0, 302, 312, 0, 0, 632.42%, 20, 0, 0, 720.00, 31560, 6870, 597.27%, 1619, 1529
1705969317, 0, 302, 312, 0, 0, 632.42%, 20, 0, 0, 593.33, 31715, 6893, 597.27%, 1619, 1529
1705969317, 0, 302, 313, 0, 0, 632.42%, 20, 0, 0, 436.67, 31825, 6914, 597.27%, 1619, 1529
1705969317, 0, 302, 313, 0, 0, 632.42%, 20, 0, 0, 338.87, 31912, 6929, 597.27%, 1619, 1529
1705969317, 0, 302, 313, 0, 0, 632.42%, 20, 0, 0, 563.33, 32056, 6954, 597.27%, 1619, 1529
1705969318, 0, 305, 314, 0, 0, 632.42%, 21, 0, 0, 323.33, 32145, 6962, 597.27%, 1619, 1529
1705969319, 0, 307, 315, 0, 0, 632.42%, 21, 0, 0, 67.63, 32201, 6967, 597.27%, 1619, 1529
1705969319, 0, 308, 316, 0, 0, 632.42%, 21, 0, 0, 156.15, 32243, 6972, 597.27%, 1619, 1529
1705969319, 0, 313, 316, 0, 0, 632.42%, 21, 0, 0, 474.68, 32378, 6987, 597.27%, 1619, 1529
1705969322, 0, 314, 317, 0, 0, 632.42%, 21, 0, 0, 11.89, 32412, 6991, 597.27%, 1619, 1529
1705969324, 1, 0, 318, 0, 0, 632.42%, 21, 0, 0, 39.13, 32477, 6996, 597.27%, 1619, 1529
1705969325, 1, 0, 318, 0, 0, 632.42%, 21, 0, 0, 334.24, 32708, 7010, 597.27%, 1619, 1529
1705969325, 1, 2, 318, 0, 0, 632.42%, 21, 0, 0, 2263.33, 33342, 7055, 597.27%, 1619, 1529
1705969326, 1, 5, 318, 0, 0, 632.42%, 22, 0, 0, 1541.02, 34093, 7093, 597.27%, 1619, 1529
1705969326, 1, 7, 318, 0, 0, 632.42%, 22, 0, 0, 894.32, 34505, 7138, 597.27%, 1619, 1529
1705969327, 1, 12, 318, 0, 0, 632.42%, 22, 0, 0, 3306.67, 35407, 7228, 597.27%, 1619, 1529
1705969327, 1, 14, 318, 0, 0, 632.42%, 22, 0, 0, 1006.67, 35687, 7250, 597.27%, 1619, 1529
1705969328, 1, 14, 318, 0, 0, 632.42%, 22, 0, 0, 243.47, 35896, 7274, 597.27%, 1619, 1529
1705969328, 1, 14, 318, 0, 0, 632.42%, 22, 0, 0, 993.33, 36168, 7300, 597.27%, 1619, 1529
1705969329, 1, 15, 318, 0, 0, 632.42%, 22, 0, 0, 412.56, 36337, 7315, 597.27%, 1619, 1529
1705969329, 1, 15, 318, 0, 0, 632.42%, 22, 0, 0, 926.67, 36586, 7344, 597.27%, 1619, 1529
1705969329, 1, 15, 318, 0, 0, 632.42%, 22, 0, 0, 817.28, 36814, 7362, 597.27%, 1619, 1529
1705969330, 1, 20, 318, 0, 0, 632.42%, 23, 0, 0, 176.93, 36963, 7371, 597.27%, 1619, 1529
1705969331, 1, 20, 318, 0, 0, 632.42%, 23, 0, 0, 238.45, 37174, 7387, 597.27%, 1619, 1529
1705969332, 1, 20, 318, 0, 0, 632.42%, 23, 0, 0, 1.72, 37175, 7387, 597.27%, 1619, 1529
1705969332, 1, 20, 318, 0, 0, 632.42%, 23, 0, 0, 490.00, 37313, 7396, 597.27%, 1619, 1529
1705969332, 1, 23, 318, 0, 0, 632.42%, 23, 0, 0, 813.33, 37537, 7416, 597.27%, 1619, 1529
1705969333, 1, 24, 318, 0, 0, 632.42%, 23, 0, 0, 1126.58, 37777, 7532, 597.27%, 1619, 1529
1705969333, 1, 24, 318, 0, 0, 632.42%, 23, 0, 0, 343.41, 37897, 7537, 597.27%, 1619, 1529
1705969333, 1, 24, 318, 0, 0, 632.42%, 23, 0, 0, 890.00, 38150, 7551, 597.27%, 1619, 1529
1705969334, 1, 31, 318, 0, 0, 632.42%, 23, 0, 0, 2210.00, 38696, 7668, 597.27%, 1619, 1529
1705969334, 1, 31, 318, 0, 0, 632.42%, 23, 0, 0, 3.14, 38697, 7668, 597.27%, 1619, 1529
1705969334, 1, 39, 318, 0, 0, 632.42%, 23, 0, 0, 1319.11, 39109, 7905, 597.27%, 1619, 1529
1705969335, 1, 39, 318, 0, 0, 632.42%, 23, 0, 0, 1116.67, 39421, 7928, 597.27%, 1619, 1529
1705969335, 1, 39, 318, 0, 0, 632.42%, 23, 0, 0, 1086.67, 39729, 7946, 597.27%, 1619, 1529
1705969335, 1, 54, 318, 0, 0, 632.42%, 23, 0, 0, 2966.67, 40340, 8225, 597.27%, 1619, 1529
1705969337, 1, 54, 318, 0, 0, 632.42%, 24, 0, 0, 110.17, 40535, 8250, 597.27%, 1619, 1529
1705969338, 1, 59, 318, 0, 0, 632.42%, 24, 0, 0, 2273.33, 41077, 8390, 597.27%, 1619, 1529
1705969338, 1, 64, 319, 0, 0, 633.20%, 24, 0, 0, 857.14, 41384, 8521, 597.27%, 1621, 1529
1705969339, 1, 64, 320, 0, 0, 633.20%, 24, 0, 0, 92.50, 41473, 8538, 598.05%, 1621, 1531
1705969340, 1, 64, 320, 0, 0, 633.20%, 24, 0, 0, 423.33, 41586, 8552, 598.05%, 1621, 1531
1705969340, 1, 64, 320, 0, 0, 633.20%, 24, 0, 0, 184.51, 41661, 8558, 598.05%, 1621, 1531
1705969340, 1, 64, 320, 0, 0, 633.20%, 25, 0, 0, 408.63, 41800, 8580, 598.05%, 1621, 1531
1705969341, 1, 65, 320, 0, 0, 633.20%, 25, 0, 0, 1226.67, 42117, 8631, 598.05%, 1621, 1531
1705969341, 1, 65, 320, 0, 0, 633.20%, 25, 0, 0, 1206.67, 42429, 8681, 598.05%, 1621, 1531
1705969341, 1, 71, 320, 0, 0, 633.20%, 25, 0, 0, 1490.00, 42821, 8736, 598.05%, 1621, 1531
1705969342, 1, 75, 320, 0, 0, 633.20%, 25, 0, 0, 929.94, 43085, 8764, 598.05%, 1621, 1531
1705969342, 1, 80, 320, 0, 0, 633.20%, 25, 0, 0, 855.42, 43311, 8822, 598.05%, 1621, 1531
1705969342, 1, 82, 320, 0, 0, 633.20%, 25, 0, 0, 1340.00, 43573, 8962, 598.05%, 1621, 1531
1705969343, 1, 88, 320, 0, 0, 633.20%, 25, 0, 0, 1074.40, 43826, 9070, 598.05%, 1621, 1531
1705969343, 1, 92, 320, 0, 0, 633.20%, 25, 0, 0, 327.22, 43917, 9086, 598.05%, 1621, 1531
1705969343, 1, 92, 320, 0, 0, 633.20%, 25, 0, 0, 193.48, 44007, 9091, 598.05%, 1621, 1531
1705969344, 1, 92, 320, 0, 0, 633.20%, 25, 0, 0, 737.54, 44221, 9099, 598.05%, 1621, 1531
1705969344, 1, 92, 320, 0, 0, 633.20%, 25, 0, 0, 786.67, 44445, 9111, 598.05%, 1621, 1531
1705969344, 1, 95, 320, 0, 0, 633.20%, 25, 0, 0, 1910.00, 44879, 9250, 598.05%, 1621, 1531
1705969348, 1, 98, 321, 0, 0, 633.20%, 25, 0, 0, 70.79, 45060, 9332, 598.05%, 1621, 1531
1705969350, 1, 102, 322, 0, 0, 633.20%, 25, 0, 0, 173.19, 45397, 9389, 598.05%, 1621, 1531
1705969351, 1, 102, 322, 0, 0, 633.20%, 25, 0, 0, 242.89, 45454, 9443, 598.05%, 1621, 1531
1705969351, 1, 111, 323, 0, 0, 633.20%, 25, 0, 0, 856.67, 45675, 9479, 598.05%, 1621, 1531
1705969351, 1, 116, 324, 0, 0, 633.20%, 25, 0, 0, 1600.00, 46068, 9566, 598.44%, 1621, 1532
1705969352, 1, 118, 324, 0, 0, 633.20%, 25, 0, 0, 296.67, 46141, 9582, 598.44%, 1621, 1532
1705969352, 1, 123, 325, 0, 0, 633.20%, 25, 0, 0, 1037.74, 46489, 9729, 600.39%, 1621, 1537
1705969353, 1, 123, 326, 0, 0, 633.59%, 25, 0, 0, 168.37, 46614, 9736, 600.78%, 1622, 1538
1705969353, 1, 123, 326, 0, 0, 633.59%, 25, 0, 0, 737.54, 46818, 9754, 600.78%, 1622, 1538
1705969353, 1, 123, 326, 0, 0, 633.59%, 25, 0, 0, 647.84, 46997, 9770, 600.78%, 1622, 1538
1705969354, 1, 123, 326, 0, 0, 633.59%, 25, 0, 0, 19.08, 47013, 9771, 600.78%, 1622, 1538
1705969357, 1, 123, 326, 0, 0, 633.59%, 26, 0, 0, 23.16, 47074, 9775, 600.78%, 1622, 1538
1705969357, 1, 133, 326, 0, 0, 633.59%, 26, 0, 0, 2406.67, 47672, 9899, 600.78%, 1622, 1538
1705969359, 1, 135, 327, 0, 0, 633.59%, 26, 0, 0, 330.10, 48059, 10056, 600.78%, 1622, 1538
1705969359, 1, 136, 327, 0, 0, 633.59%, 26, 0, 0, 856.67, 48239, 10133, 600.78%, 1622, 1538
1705969360, 1, 136, 327, 0, 0, 633.59%, 27, 0, 0, 52.43, 48274, 10139, 600.78%, 1622, 1538
1705969360, 1, 136, 327, 0, 0, 633.59%, 28, 0, 0, 333.33, 48356, 10158, 600.78%, 1622, 1538
1705969361, 1, 136, 327, 0, 0, 633.59%, 28, 0, 0, 780.00, 48560, 10188, 600.78%, 1622, 1538
1705969362, 1, 137, 328, 0, 0, 633.59%, 28, 0, 0, 253.99, 48764, 10223, 600.78%, 1622, 1538
1705969362, 1, 141, 328, 0, 0, 633.59%, 28, 0, 0, 3200.00, 49404, 10543, 600.78%, 1622, 1538
1705969362, 1, 143, 328, 0, 0, 633.59%, 29, 0, 0, 1302.55, 49697, 10659, 600.78%, 1622, 1538
1705969363, 1, 143, 329, 0, 0, 633.59%, 29, 0, 0, 383.33, 49771, 10700, 600.78%, 1622, 1538
1705969364, 1, 143, 329, 0, 0, 633.59%, 29, 0, 0, 193.49, 49906, 10773, 600.78%, 1622, 1538
1705969364, 1, 152, 329, 0, 0, 633.59%, 29, 0, 0, 1033.33, 50140, 10849, 600.78%, 1622, 1538
1705969364, 1, 152, 329, 0, 0, 633.59%, 29, 0, 0, 813.33, 50371, 10862, 600.78%, 1622, 1538
1705969365, 1, 152, 329, 0, 0, 633.59%, 29, 0, 0, 1206.67, 50714, 10881, 600.78%, 1622, 1538
1705969365, 1, 154, 329, 0, 0, 633.59%, 29, 0, 0, 430.00, 50827, 10897, 600.78%, 1622, 1538
1705969365, 1, 154, 329, 0, 0, 633.59%, 29, 0, 0, 265.37, 50903, 10903, 600.78%, 1622, 1538
1705969366, 1, 154, 329, 0, 0, 633.59%, 29, 0, 0, 455.70, 51040, 10910, 600.78%, 1622, 1538
1705969366, 1, 154, 329, 0, 0, 633.59%, 29, 0, 0, 421.93, 51158, 10919, 600.78%, 1622, 1538
1705969366, 1, 154, 329, 0, 0, 633.59%, 29, 0, 0, 488.37, 51296, 10928, 600.78%, 1622, 1538
1705969366, 1, 156, 329, 0, 0, 633.59%, 29, 0, 0, 1544.85, 51626, 11063, 600.78%, 1622, 1538
1705969367, 1, 158, 329, 0, 0, 633.59%, 29, 0, 0, 1375.00, 51951, 11156, 600.78%, 1622, 1538
1705969367, 1, 158, 329, 0, 0, 633.59%, 29, 0, 0, 580.00, 52119, 11162, 600.78%, 1622, 1538
1705969367, 1, 158, 329, 0, 0, 633.59%, 29, 0, 0, 511.63, 52266, 11169, 600.78%, 1622, 1538
1705969368, 1, 158, 329, 0, 0, 633.59%, 29, 0, 0, 609.27, 52438, 11181, 600.78%, 1622, 1538
1705969368, 1, 158, 329, 0, 0, 633.59%, 29, 0, 0, 75.31, 52473, 11182, 600.78%, 1622, 1538
1705969368, 1, 161, 330, 0, 0, 633.59%, 29, 0, 0, 1126.67, 52711, 11282, 600.78%, 1622, 1538
1705969369, 1, 167, 330, 0, 0, 633.59%, 29, 0, 0, 2150.00, 53229, 11409, 600.78%, 1622, 1538
1705969370, 1, 173, 330, 0, 0, 633.59%, 29, 0, 0, 448.62, 53596, 11448, 600.78%, 1622, 1538
1705969370, 1, 184, 330, 0, 0, 633.59%, 29, 0, 0, 799.34, 53786, 11501, 600.78%, 1622, 1538
1705969370, 1, 186, 330, 0, 0, 633.59%, 30, 0, 0, 470.00, 53895, 11533, 600.78%, 1622, 1538
1705969371, 1, 186, 330, 0, 0, 633.59%, 30, 0, 0, 389.03, 54013, 11564, 600.78%, 1622, 1538
1705969371, 1, 186, 330, 0, 0, 633.59%, 30, 0, 0, 1193.33, 54293, 11642, 600.78%, 1622, 1538
1705969371, 1, 193, 330, 0, 0, 633.59%, 30, 0, 0, 836.67, 54492, 11694, 600.78%, 1622, 1538
1705969372, 1, 199, 330, 0, 0, 633.59%, 31, 0, 0, 563.33, 54644, 11711, 600.78%, 1622, 1538
1705969372, 1, 205, 330, 0, 0, 633.59%, 31, 0, 0, 1526.67, 55045, 11768, 600.78%, 1622, 1538
1705969372, 1, 208, 330, 0, 0, 633.59%, 31, 0, 0, 2056.11, 55544, 11892, 600.78%, 1622, 1538
1705969372, 1, 214, 330, 0, 0, 633.59%, 31, 0, 0, 2604.58, 56056, 12177, 600.78%, 1622, 1538
1705969373, 1, 214, 330, 0, 0, 633.59%, 31, 0, 0, 630.00, 56233, 12189, 600.78%, 1622, 1538
1705969373, 1, 214, 330, 0, 0, 633.59%, 32, 0, 0, 578.07, 56396, 12200, 600.78%, 1622, 1538
1705969373, 1, 214, 330, 0, 0, 633.59%, 32, 0, 0, 641.20, 56581, 12208, 600.78%, 1622, 1538
1705969374, 1, 218, 330, 0, 0, 633.59%, 32, 0, 0, 677.52, 56767, 12230, 600.78%, 1622, 1538
1705969374, 1, 223, 331, 0, 0, 633.59%, 32, 0, 0, 405.32, 56862, 12257, 600.78%, 1622, 1538
1705969374, 1, 229, 331, 0, 0, 633.59%, 32, 0, 0, 590.48, 57021, 12284, 600.78%, 1622, 1538
1705969375, 1, 230, 331, 0, 0, 633.59%, 32, 0, 0, 450.00, 57100, 12340, 600.78%, 1622, 1538
1705969375, 1, 233, 331, 0, 0, 633.59%, 32, 0, 0, 777.05, 57265, 12412, 600.78%, 1622, 1538
1705969375, 1, 235, 331, 0, 0, 633.59%, 32, 0, 0, 826.67, 57440, 12485, 600.78%, 1622, 1538
1705969375, 1, 238, 331, 0, 0, 633.59%, 32, 0, 0, 973.33, 57625, 12592, 600.78%, 1622, 1538
1705969376, 1, 238, 331, 0, 0, 633.59%, 32, 0, 0, 150.00, 57656, 12606, 600.78%, 1622, 1538
1705969376, 1, 240, 331, 0, 0, 633.59%, 32, 0, 0, 993.33, 57863, 12697, 600.78%, 1622, 1538
1705969376, 1, 240, 331, 0, 0, 633.59%, 32, 0, 0, 873.79, 58094, 12736, 600.78%, 1622, 1538
1705969377, 1, 240, 331, 0, 0, 633.59%, 32, 0, 0, 382.86, 58200, 12764, 600.78%, 1622, 1538
1705969377, 1, 242, 331, 0, 0, 633.59%, 32, 0, 0, 786.67, 58403, 12797, 600.78%, 1622, 1538
1705969378, 1, 243, 331, 0, 0, 633.59%, 32, 0, 0, 400.98, 58613, 12832, 600.78%, 1622, 1538
1705969378, 1, 243, 331, 0, 0, 633.59%, 32, 0, 0, 350.00, 58705, 12845, 600.78%, 1622, 1538
1705969381, 1, 245, 331, 0, 0, 633.59%, 32, 0, 0, 120.76, 58989, 12896, 600.78%, 1622, 1538
1705969385, 1, 248, 332, 0, 0, 633.59%, 32, 0, 0, 19.07, 59065, 12910, 600.78%, 1622, 1538
1705969387, 1, 250, 332, 0, 0, 633.59%, 32, 0, 0, 28.33, 59105, 12924, 600.78%, 1622, 1538
1705969388, 1, 252, 332, 0, 0, 633.59%, 32, 0, 0, 1430.00, 59486, 12972, 600.78%, 1622, 1538
1705969388, 1, 253, 332, 0, 0, 633.59%, 32, 0, 0, 1723.33, 59955, 13020, 600.78%, 1622, 1538
1705969389, 1, 254, 332, 0, 0, 633.59%, 32, 0, 0, 359.34, 60270, 13078, 600.78%, 1622, 1538
1705969389, 1, 254, 332, 0, 0, 633.59%, 32, 0, 0, 154.14, 60342, 13088, 600.78%, 1622, 1538
1705969390, 1, 258, 332, 0, 0, 633.59%, 32, 0, 0, 1382.06, 60683, 13163, 600.78%, 1622, 1538
1705969392, 1, 259, 333, 0, 0, 633.59%, 32, 0, 0, 24.28, 60729, 13165, 600.78%, 1622, 1538
1705969392, 1, 262, 334, 0, 0, 633.59%, 32, 0, 0, 254.39, 60805, 13176, 600.78%, 1622, 1538
1705969394, 1, 263, 334, 0, 0, 633.59%, 32, 0, 0, 14.96, 60827, 13180, 600.78%, 1622, 1538
1705969397, 1, 263, 334, 0, 0, 633.59%, 32, 0, 0, 74.44, 61036, 13206, 600.78%, 1622, 1538
1705969397, 1, 264, 334, 0, 0, 633.59%, 32, 0, 0, 1428.57, 61438, 13234, 600.78%, 1622, 1538
1705969407, 1, 265, 335, 0, 0, 633.59%, 32, 0, 0, 2.78, 61463, 13236, 600.78%, 1622, 1538
1705969416, 1, 269, 336, 0, 0, 633.59%, 32, 0, 0, 14.55, 61589, 13246, 600.78%, 1622, 1538
1705969418, 1, 269, 336, 0, 0, 633.59%, 32, 0, 0, 2.36, 61592, 13246, 600.78%, 1622, 1538
1705969418, 1, 272, 336, 0, 0, 633.59%, 32, 0, 0, 1166.67, 61813, 13375, 600.78%, 1622, 1538
1705969419, 1, 274, 336, 0, 0, 633.59%, 32, 0, 0, 424.61, 61963, 13470, 600.78%, 1622, 1538
1705969419, 1, 276, 336, 0, 0, 633.59%, 32, 0, 0, 66.38, 62008, 13472, 600.78%, 1622, 1538
1705969420, 1, 278, 336, 0, 0, 633.59%, 32, 0, 0, 148.22, 62081, 13478, 600.78%, 1622, 1538
1705969420, 1, 280, 336, 0, 0, 633.59%, 32, 0, 0, 716.67, 62277, 13497, 600.78%, 1622, 1538
1705969420, 1, 280, 336, 0, 0, 633.59%, 32, 0, 0, 687.71, 62462, 13519, 600.78%, 1622, 1538
1705969421, 1, 280, 336, 0, 0, 633.59%, 32, 0, 0, 153.20, 62510, 13526, 600.78%, 1622, 1538
1705969421, 1, 280, 336, 0, 0, 633.59%, 32, 0, 0, 613.33, 62682, 13538, 600.78%, 1622, 1538
1705969421, 1, 281, 336, 0, 0, 633.59%, 32, 0, 0, 1510.00, 63064, 13609, 600.78%, 1622, 1538
1705969422, 1, 285, 336, 0, 0, 633.59%, 32, 0, 0, 1016.61, 63326, 13653, 600.78%, 1622, 1538
1705969422, 1, 287, 336, 0, 0, 633.59%, 32, 0, 0, 489.10, 63611, 13682, 600.78%, 1622, 1538
1705969423, 1, 294, 336, 0, 0, 633.59%, 32, 0, 0, 229.11, 63765, 13709, 600.78%, 1622, 1538
1705969423, 1, 300, 336, 0, 0, 633.59%, 32, 0, 0, 623.33, 63919, 13742, 600.78%, 1622, 1538
1705969424, 1, 302, 336, 0, 0, 633.59%, 32, 0, 0, 639.07, 64093, 13761, 600.78%, 1622, 1538
1705969424, 1, 302, 336, 0, 0, 633.59%, 32, 0, 0, 29.31, 64108, 13763, 600.78%, 1622, 1538
1705969425, 1, 302, 336, 0, 0, 633.59%, 32, 0, 0, 1.85, 64109, 13763, 600.78%, 1622, 1538
1705969425, 1, 302, 336, 0, 0, 633.59%, 32, 0, 0, 70.72, 64145, 13770, 600.78%, 1622, 1538
1705969426, 1, 302, 336, 0, 0, 633.59%, 32, 0, 0, 571.43, 64297, 13790, 600.78%, 1622, 1538
1705969426, 1, 302, 336, 0, 0, 633.59%, 32, 0, 0, 25.45, 64309, 13792, 600.78%, 1622, 1538
1705969427, 1, 302, 336, 0, 0, 633.59%, 32, 0, 0, 620.00, 64469, 13818, 600.78%, 1622, 1538
1705969427, 1, 306, 336, 0, 0, 633.59%, 32, 0, 0, 536.18, 64615, 13835, 600.78%, 1622, 1538
1705969428, 1, 307, 337, 0, 0, 633.59%, 32, 0, 0, 25.88, 64635, 13837, 600.78%, 1622, 1538
1705969428, 1, 308, 338, 0, 0, 633.59%, 32, 0, 0, 149.50, 64679, 13838, 600.78%, 1622, 1538
1705969431, 1, 312, 339, 0, 0, 633.59%, 32, 0, 0, 33.24, 64774, 13856, 600.78%, 1622, 1538
1705969432, 1, 316, 339, 0, 0, 633.59%, 33, 0, 0, 413.33, 64888, 13866, 600.78%, 1622, 1538
1705969432, 1, 318, 340, 0, 0, 634.38%, 33, 0, 0, 78.33, 64933, 13881, 601.56%, 1624, 1540
1705969433, 1, 318, 340, 0, 0, 634.38%, 33, 0, 0, 867.99, 65129, 13948, 601.56%, 1624, 1540
1705969433, 1, 318, 340, 0, 0, 634.38%, 33, 0, 0, 197.55, 65205, 13985, 601.56%, 1624, 1540
1705969434, 1, 319, 340, 0, 0, 634.38%, 33, 0, 0, 880.00, 65433, 14021, 601.56%, 1624, 1540
1705969434, 1, 319, 340, 0, 0, 634.38%, 33, 0, 0, 846.67, 65657, 14051, 601.56%, 1624, 1540
1705969434, 1, 319, 340, 0, 0, 634.38%, 33, 0, 0, 650.00, 65836, 14067, 601.56%, 1624, 1540
1705969436, 1, 323, 341, 0, 0, 634.38%, 33, 0, 0, 64.14, 65936, 14084, 601.95%, 1624, 1541
1705969437, 1, 323, 342, 0, 0, 634.38%, 33, 0, 0, 73.33, 66000, 14086, 602.34%, 1624, 1542
1705969437, 1, 324, 342, 0, 0, 634.38%, 33, 0, 0, 894.04, 66247, 14109, 602.34%, 1624, 1542
1705969438, 1, 324, 342, 0, 0, 634.38%, 33, 0, 0, 401.99, 66355, 14122, 602.34%, 1624, 1542
1705969438, 1, 324, 342, 0, 0, 634.38%, 33, 0, 0, 558.82, 66508, 14140, 602.34%, 1624, 1542
1705969439, 1, 324, 342, 0, 0, 634.38%, 33, 0, 0, 238.56, 66664, 14156, 602.34%, 1624, 1542
1705969439, 1, 325, 342, 0, 0, 634.38%, 33, 0, 0, 316.92, 66752, 14171, 602.34%, 1624, 1542
1705969439, 1, 325, 342, 0, 0, 634.38%, 33, 0, 0, 591.36, 66893, 14208, 602.34%, 1624, 1542
1705969440, 1, 325, 342, 0, 0, 634.38%, 33, 0, 0, 756.67, 67093, 14235, 602.34%, 1624, 1542
1705969440, 1, 327, 342, 0, 0, 634.38%, 33, 0, 0, 753.33, 67283, 14271, 602.34%, 1624, 1542
1705969440, 1, 330, 342, 0, 0, 634.38%, 33, 0, 0, 347.68, 67368, 14291, 602.34%, 1624, 1542
1705969440, 1, 333, 342, 0, 0, 634.38%, 33, 0, 0, 326.67, 67462, 14295, 602.34%, 1624, 1542
1705969441, 1, 337, 342, 0, 0, 634.38%, 33, 0, 0, 262.38, 67559, 14304, 602.34%, 1624, 1542
1705969441, 1, 339, 342, 0, 0, 634.38%, 33, 0, 0, 540.45, 67717, 14313, 602.34%, 1624, 1542
1705969441, 1, 339, 343, 0, 0, 634.38%, 33, 0, 0, 776.67, 67935, 14328, 602.34%, 1624, 1542
1705969442, 1, 339, 343, 0, 0, 634.38%, 33, 0, 0, 623.38, 68111, 14344, 602.34%, 1624, 1542
1705969443, 1, 341, 344, 0, 0, 634.38%, 33, 0, 0, 234.23, 68440, 14379, 602.73%, 1624, 1543
1705969444, 2, 0, 344, 0, 0, 634.38%, 33, 0, 0, 1756.67, 68901, 14445, 602.73%, 1624, 1543
1705969444, 2, 2, 344, 0, 0, 634.38%, 33, 0, 0, 2540.00, 69613, 14495, 602.73%, 1624, 1543
1705969444, 2, 4, 344, 0, 0, 634.38%, 33, 0, 0, 1473.33, 70041, 14509, 602.73%, 1624, 1543
1705969445, 2, 5, 344, 0, 0, 634.38%, 33, 0, 0, 1365.03, 70464, 14531, 602.73%, 1624, 1543
1705969445, 2, 7, 344, 0, 0, 634.38%, 33, 0, 0, 1950.00, 70990, 14590, 602.73%, 1624, 1543
1705969445, 2, 11, 344, 0, 0, 634.38%, 33, 0, 0, 1779.86, 71690, 14650, 602.73%, 1624, 1543
1705969446, 2, 14, 344, 0, 0, 634.38%, 33, 0, 0, 1105.42, 72027, 14680, 602.73%, 1624, 1543
1705969446, 2, 14, 344, 0, 0, 634.38%, 33, 0, 0, 1023.33, 72302, 14712, 602.73%, 1624, 1543
1705969446, 2, 14, 344, 0, 0, 634.38%, 33, 0, 0, 606.67, 72471, 14725, 602.73%, 1624, 1543
1705969447, 2, 15, 344, 0, 0, 634.38%, 33, 0, 0, 300.00, 72643, 14736, 602.73%, 1624, 1543
1705969447, 2, 15, 344, 0, 0, 634.38%, 33, 0, 0, 1126.67, 72950, 14767, 602.73%, 1624, 1543
1705969447, 2, 20, 344, 0, 0, 634.38%, 33, 0, 0, 1333.33, 73312, 14805, 602.73%, 1624, 1543
1705969449, 2, 20, 344, 0, 0, 634.38%, 33, 0, 0, 4.34, 73320, 14805, 602.73%, 1624, 1543
1705969450, 2, 20, 344, 0, 0, 634.38%, 33, 0, 0, 1083.33, 73628, 14822, 602.73%, 1624, 1543
1705969450, 2, 24, 344, 0, 0, 634.38%, 33, 0, 0, 1191.18, 73994, 14942, 602.73%, 1624, 1543
1705969450, 2, 24, 344, 0, 0, 634.38%, 33, 0, 0, 773.33, 74214, 14954, 602.73%, 1624, 1543
1705969451, 2, 24, 344, 0, 0, 634.38%, 33, 0, 0, 940.00, 74483, 14967, 602.73%, 1624, 1543
1705969451, 2, 27, 344, 0, 0, 634.38%, 33, 0, 0, 1319.08, 74813, 15038, 602.73%, 1624, 1543
1705969451, 2, 39, 344, 0, 0, 634.38%, 33, 0, 0, 3066.67, 75499, 15272, 602.73%, 1624, 1543
1705969451, 2, 39, 344, 0, 0, 634.38%, 33, 0, 0, 976.67, 75776, 15288, 602.73%, 1624, 1543
1705969452, 2, 39, 344, 0, 0, 634.38%, 33, 0, 0, 933.33, 76043, 15301, 602.73%, 1624, 1543
1705969452, 2, 49, 344, 0, 0, 634.38%, 33, 0, 0, 2710.00, 76589, 15568, 602.73%, 1624, 1543
1705969452, 2, 54, 344, 0, 0, 634.38%, 33, 0, 0, 766.67, 76784, 15603, 602.73%, 1624, 1543
1705969453, 2, 59, 344, 0, 0, 634.38%, 33, 0, 0, 2596.67, 77393, 15773, 602.73%, 1624, 1543
1705969453, 2, 64, 344, 0, 0, 634.38%, 33, 0, 0, 2010.00, 77819, 15950, 602.73%, 1624, 1543
1705969453, 2, 64, 344, 0, 0, 634.38%, 33, 0, 0, 490.00, 77951, 15965, 602.73%, 1624, 1543
1705969454, 2, 64, 344, 0, 0, 634.38%, 33, 0, 0, 900.00, 78180, 16006, 602.73%, 1624, 1543
1705969454, 2, 65, 344, 0, 0, 634.38%, 34, 0, 0, 481.04, 78385, 16042, 602.73%, 1624, 1543
1705969454, 2, 65, 344, 0, 0, 634.38%, 34, 0, 0, 22.67, 78394, 16042, 602.73%, 1624, 1543
1705969455, 2, 65, 344, 0, 0, 634.38%, 34, 0, 0, 1066.67, 78668, 16088, 602.73%, 1624, 1543
1705969455, 2, 69, 344, 0, 0, 634.38%, 34, 0, 0, 710.00, 78848, 16121, 602.73%, 1624, 1543
1705969455, 2, 69, 344, 0, 0, 634.38%, 34, 0, 0, 157.33, 78897, 16131, 602.73%, 1624, 1543
1705969456, 2, 78, 344, 0, 0, 634.38%, 34, 0, 0, 2026.67, 79443, 16193, 602.73%, 1624, 1543
1705969456, 2, 82, 344, 0, 0, 634.38%, 34, 0, 0, 1686.67, 79771, 16371, 602.73%, 1624, 1543
1705969456, 2, 85, 344, 0, 0, 634.38%, 34, 0, 0, 1069.06, 80026, 16503, 602.73%, 1624, 1543
1705969457, 2, 92, 344, 0, 0, 634.38%, 34, 0, 0, 966.67, 80283, 16536, 602.73%, 1624, 1543
1705969457, 2, 92, 344, 0, 0, 634.38%, 34, 0, 0, 455.15, 80410, 16546, 602.73%, 1624, 1543
1705969460, 2, 92, 344, 0, 0, 634.38%, 35, 0, 0, 11.75, 80439, 16550, 602.73%, 1624, 1543
1705969460, 2, 92, 344, 0, 0, 634.38%, 35, 0, 0, 350.00, 80539, 16555, 602.73%, 1624, 1543
1705969460, 2, 92, 344, 0, 0, 634.38%, 35, 0, 0, 701.00, 80739, 16566, 602.73%, 1624, 1543
1705969461, 2, 94, 345, 0, 0, 634.38%, 35, 0, 0, 1083.33, 81003, 16627, 602.73%, 1624, 1543
1705969461, 2, 100, 345, 0, 0, 634.38%, 35, 0, 0, 1881.97, 81374, 16830, 602.73%, 1624, 1543
1705969461, 2, 105, 345, 0, 0, 634.38%, 35, 0, 0, 1533.33, 81735, 16929, 602.73%, 1624, 1543
1705969462, 2, 114, 345, 0, 0, 634.38%, 35, 0, 0, 2100.00, 82251, 17043, 602.73%, 1624, 1543
1705969462, 2, 122, 345, 0, 0, 634.38%, 35, 0, 0, 1800.00, 82641, 17193, 602.73%, 1624, 1543
1705969462, 2, 123, 345, 0, 0, 634.38%, 35, 0, 0, 946.67, 82886, 17232, 602.73%, 1624, 1543
1705969462, 2, 123, 345, 0, 0, 634.38%, 35, 0, 0, 816.67, 83118, 17245, 602.73%, 1624, 1543
1705969463, 2, 126, 345, 0, 0, 634.38%, 35, 0, 0, 1486.67, 83471, 17338, 602.73%, 1624, 1543
1705969463, 2, 133, 345, 0, 0, 634.38%, 35, 0, 0, 1447.06, 84021, 17403, 602.73%, 1624, 1543
1705969464, 2, 136, 345, 0, 0, 634.38%, 35, 0, 0, 1856.67, 84399, 17582, 602.73%, 1624, 1543
1705969464, 2, 136, 345, 0, 0, 634.38%, 35, 0, 0, 1049.83, 84654, 17643, 602.73%, 1624, 1543
1705969464, 2, 137, 345, 0, 0, 634.38%, 35, 0, 0, 1173.33, 84950, 17699, 602.73%, 1624, 1543
1705969464, 2, 142, 345, 0, 0, 634.38%, 35, 0, 0, 3733.33, 85727, 18042, 602.73%, 1624, 1543
1705969467, 2, 142, 346, 0, 0, 634.38%, 35, 0, 0, 30.58, 85788, 18068, 603.13%, 1624, 1544
1705969468, 2, 143, 346, 0, 0, 634.38%, 35, 0, 0, 740.00, 85932, 18146, 603.13%, 1624, 1544
1705969468, 2, 144, 346, 0, 0, 634.38%, 35, 0, 0, 1276.67, 86168, 18293, 603.13%, 1624, 1544
1705969469, 2, 149, 346, 0, 0, 634.38%, 35, 0, 0, 171.95, 86300, 18313, 603.13%, 1624, 1544
1705969469, 2, 152, 346, 0, 0, 634.38%, 35, 0, 0, 796.67, 86507, 18345, 603.13%, 1624, 1544
1705969469, 2, 152, 346, 0, 0, 634.38%, 35, 0, 0, 960.00, 86783, 18357, 603.13%, 1624, 1544
1705969470, 2, 154, 346, 0, 0, 634.38%, 35, 0, 0, 796.67, 86997, 18382, 603.13%, 1624, 1544
1705969470, 2, 154, 346, 0, 0, 634.38%, 35, 0, 0, 259.07, 87091, 18388, 603.13%, 1624, 1544
1705969470, 2, 154, 346, 0, 0, 634.38%, 35, 0, 0, 661.13, 87283, 18395, 603.13%, 1624, 1544
1705969471, 2, 154, 346, 0, 0, 634.38%, 35, 0, 0, 680.00, 87472, 18410, 603.13%, 1624, 1544
1705969471, 2, 154, 346, 0, 0, 634.38%, 35, 0, 0, 35.00, 87486, 18410, 603.13%, 1624, 1544
1705969471, 2, 156, 346, 0, 0, 634.38%, 35, 0, 0, 1473.33, 87799, 18539, 603.13%, 1624, 1544
1705969472, 2, 158, 346, 0, 0, 634.38%, 35, 0, 0, 1534.88, 88155, 18645, 603.13%, 1624, 1544
1705969472, 2, 158, 346, 0, 0, 634.38%, 35, 0, 0, 687.71, 88356, 18651, 603.13%, 1624, 1544
1705969472, 2, 158, 346, 0, 0, 634.38%, 35, 0, 0, 753.33, 88572, 18661, 603.13%, 1624, 1544
1705969473, 2, 158, 346, 0, 0, 634.38%, 35, 0, 0, 631.07, 88761, 18667, 603.13%, 1624, 1544
1705969473, 2, 164, 346, 0, 0, 634.38%, 35, 0, 0, 2473.33, 89323, 18847, 603.13%, 1624, 1544
1705969473, 2, 171, 346, 0, 0, 634.38%, 35, 0, 0, 1716.67, 89760, 18925, 603.13%, 1624, 1544
1705969473, 2, 182, 346, 0, 0, 634.38%, 35, 0, 0, 856.67, 89962, 18980, 603.13%, 1624, 1544
1705969474, 2, 186, 347, 0, 0, 634.38%, 35, 0, 0, 713.33, 90126, 19030, 603.13%, 1624, 1544
1705969474, 2, 186, 347, 0, 0, 634.38%, 35, 0, 0, 570.97, 90263, 19070, 603.13%, 1624, 1544
1705969474, 2, 186, 347, 0, 0, 634.38%, 35, 0, 0, 680.00, 90420, 19117, 603.13%, 1624, 1544
1705969475, 2, 187, 347, 0, 0, 634.38%, 35, 0, 0, 700.00, 90575, 19172, 603.13%, 1624, 1544
1705969475, 2, 196, 347, 0, 0, 634.38%, 35, 0, 0, 608.56, 90728, 19218, 603.13%, 1624, 1544
1705969475, 2, 200, 347, 0, 0, 634.38%, 35, 0, 0, 446.67, 90852, 19228, 603.13%, 1624, 1544
1705969476, 2, 204, 347, 0, 0, 634.38%, 35, 0, 0, 876.67, 91088, 19255, 603.13%, 1624, 1544
1705969476, 2, 205, 347, 0, 0, 634.38%, 35, 0, 0, 840.49, 91302, 19315, 603.13%, 1624, 1544
1705969476, 2, 208, 347, 0, 0, 634.38%, 35, 0, 0, 1848.87, 91769, 19423, 603.13%, 1624, 1544
1705969477, 2, 214, 347, 0, 0, 634.38%, 35, 0, 0, 2486.67, 92226, 19712, 603.13%, 1624, 1544
1705969477, 2, 214, 347, 0, 0, 634.38%, 35, 0, 0, 853.33, 92468, 19726, 603.13%, 1624, 1544
1705969477, 2, 214, 347, 0, 0, 634.38%, 35, 0, 0, 621.26, 92647, 19734, 603.13%, 1624, 1544
1705969477, 2, 214, 347, 0, 0, 634.38%, 35, 0, 0, 466.67, 92779, 19742, 603.13%, 1624, 1544
1705969478, 2, 220, 347, 0, 0, 634.38%, 35, 0, 0, 623.33, 92935, 19773, 603.13%, 1624, 1544
1705969478, 2, 224, 347, 0, 0, 634.38%, 35, 0, 0, 430.00, 93039, 19798, 603.13%, 1624, 1544
1705969478, 2, 230, 347, 0, 0, 634.38%, 35, 0, 0, 916.67, 93249, 19863, 603.13%, 1624, 1544
1705969480, 2, 231, 347, 0, 0, 634.38%, 36, 0, 0, 20.97, 93266, 19882, 603.13%, 1624, 1544
1705969480, 2, 233, 347, 0, 0, 634.38%, 36, 0, 0, 1000.00, 93467, 19981, 603.13%, 1624, 1544
1705969481, 2, 238, 347, 0, 0, 634.38%, 36, 0, 0, 1100.00, 93686, 20092, 603.13%, 1624, 1544
1705969481, 2, 238, 347, 0, 0, 634.38%, 36, 0, 0, 1136.67, 93916, 20203, 603.13%, 1624, 1544
1705969481, 2, 240, 347, 0, 0, 634.38%, 36, 0, 0, 180.59, 93972, 20214, 603.13%, 1624, 1544
1705969482, 2, 240, 347, 0, 0, 634.38%, 36, 0, 0, 773.33, 94160, 20258, 603.13%, 1624, 1544
1705969482, 2, 240, 347, 0, 0, 634.38%, 36, 0, 0, 897.44, 94421, 20312, 603.13%, 1624, 1544
1705969482, 2, 243, 347, 0, 0, 634.38%, 36, 0, 0, 1326.67, 94769, 20362, 603.13%, 1624, 1544
1705969483, 2, 246, 347, 0, 0, 634.38%, 36, 0, 0, 1488.37, 95150, 20429, 603.13%, 1624, 1544
1705969483, 2, 250, 347, 0, 0, 634.38%, 37, 0, 0, 200.85, 95228, 20446, 603.13%, 1624, 1544
1705969483, 2, 252, 347, 0, 0, 634.38%, 37, 0, 0, 387.01, 95341, 20470, 603.13%, 1624, 1544
1705969484, 2, 252, 347, 0, 0, 634.38%, 37, 0, 0, 46.07, 95355, 20473, 603.13%, 1624, 1544
1705969484, 2, 252, 347, 0, 0, 634.38%, 37, 0, 0, 237.32, 95473, 20486, 603.13%, 1624, 1544
1705969486, 2, 252, 347, 0, 0, 634.38%, 38, 0, 0, 144.06, 95695, 20521, 603.13%, 1624, 1544
1705969489, 2, 253, 347, 0, 0, 634.38%, 39, 0, 0, 118.89, 95954, 20561, 603.13%, 1624, 1544
1705969489, 2, 255, 347, 0, 0, 634.38%, 39, 0, 0, 1667.39, 96599, 20683, 603.13%, 1624, 1544
1705969489, 2, 257, 347, 0, 0, 634.38%, 39, 0, 0, 670.00, 96764, 20719, 603.13%, 1624, 1544
1705969490, 2, 261, 347, 0, 0, 634.38%, 39, 0, 0, 410.88, 96883, 20736, 603.13%, 1624, 1544
1705969490, 2, 263, 347, 0, 0, 634.38%, 39, 0, 0, 646.67, 97063, 20750, 603.13%, 1624, 1544
1705969490, 2, 263, 347, 0, 0, 634.38%, 39, 0, 0, 713.33, 97260, 20767, 603.13%, 1624, 1544
1705969491, 2, 263, 347, 0, 0, 634.38%, 39, 0, 0, 743.33, 97463, 20787, 603.13%, 1624, 1544
1705969491, 2, 268, 347, 0, 0, 634.38%, 39, 0, 0, 660.00, 97645, 20803, 603.13%, 1624, 1544
1705969491, 2, 272, 347, 0, 0, 634.38%, 39, 0, 0, 480.89, 97775, 20824, 603.13%, 1624, 1544
1705969492, 2, 272, 347, 0, 0, 634.38%, 39, 0, 0, 491.96, 97856, 20896, 603.13%, 1624, 1544
1705969492, 2, 272, 347, 0, 0, 634.38%, 39, 0, 0, 298.30, 97916, 20941, 603.13%, 1624, 1544
1705969492, 2, 272, 347, 0, 0, 634.38%, 39, 0, 0, 313.33, 97969, 20982, 603.13%, 1624, 1544
1705969492, 2, 275, 347, 0, 0, 634.38%, 39, 0, 0, 514.95, 98081, 21025, 603.13%, 1624, 1544
1705969493, 2, 278, 347, 0, 0, 634.38%, 39, 0, 0, 350.99, 98181, 21031, 603.13%, 1624, 1544
1705969493, 2, 280, 347, 0, 0, 634.38%, 39, 0, 0, 340.00, 98273, 21041, 603.13%, 1624, 1544
1705969493, 2, 280, 348, 0, 0, 634.38%, 39, 0, 0, 328.21, 98389, 21053, 603.13%, 1624, 1544
1705969494, 2, 280, 348, 0, 0, 634.38%, 39, 0, 0, 440.40, 98514, 21061, 603.13%, 1624, 1544
1705969494, 2, 280, 349, 0, 0, 634.38%, 39, 0, 0, 153.19, 98619, 21064, 603.13%, 1624, 1544
1705969495, 2, 280, 349, 0, 0, 634.38%, 39, 0, 0, 463.33, 98745, 21077, 603.13%, 1624, 1544
1705969495, 2, 281, 349, 0, 0, 634.38%, 39, 0, 0, 983.33, 98989, 21128, 603.13%, 1624, 1544
1705969495, 2, 281, 349, 0, 0, 634.38%, 39, 0, 0, 785.50, 99212, 21165, 603.13%, 1624, 1544
1705969496, 2, 284, 349, 0, 0, 634.38%, 39, 0, 0, 653.85, 99381, 21200, 603.13%, 1624, 1544
1705969496, 2, 289, 349, 0, 0, 634.38%, 39, 0, 0, 1401.99, 99761, 21242, 603.13%, 1624, 1544
1705969496, 2, 293, 350, 0, 0, 634.38%, 39, 0, 0, 350.82, 99856, 21254, 603.13%, 1624, 1544
1705969497, 2, 299, 351, 0, 0, 634.38%, 39, 0, 0, 546.67, 100000, 21274, 603.52%, 1624, 1545
1705969497, 2, 302, 351, 0, 0, 634.38%, 39, 0, 0, 456.67, 100125, 21286, 603.52%, 1624, 1545
1705969497, 2, 302, 351, 0, 0, 634.38%, 39, 0, 0, 306.67, 100208, 21295, 603.52%, 1624, 1545
1705969498, 2, 302, 351, 0, 0, 634.38%, 39, 0, 0, 75.39, 100269, 21302, 603.52%, 1624, 1545
1705969499, 2, 302, 351, 0, 0, 634.38%, 39, 0, 0, 203.21, 100333, 21314, 603.52%, 1624, 1545
1705969499, 2, 302, 351, 0, 0, 634.38%, 40, 0, 0, 113.64, 100404, 21328, 603.52%, 1624, 1545
1705969500, 2, 302, 351, 0, 0, 634.38%, 40, 0, 0, 461.79, 100522, 21349, 603.52%, 1624, 1545
1705969500, 2, 303, 351, 0, 0, 634.38%, 40, 0, 0, 372.09, 100620, 21363, 603.52%, 1624, 1545
1705969500, 2, 307, 351, 0, 0, 634.38%, 40, 0, 0, 426.28, 100744, 21372, 603.52%, 1624, 1545
1705969500, 2, 311, 351, 0, 0, 634.38%, 40, 0, 0, 380.00, 100841, 21389, 603.52%, 1624, 1545
1705969501, 2, 315, 351, 0, 0, 634.38%, 40, 0, 0, 471.76, 100978, 21394, 603.52%, 1624, 1545
1705969501, 2, 318, 351, 0, 0, 634.38%, 40, 0, 0, 764.15, 101174, 21441, 603.52%, 1624, 1545
1705969502, 2, 318, 352, 0, 0, 634.38%, 40, 0, 0, 78.42, 101258, 21466, 603.52%, 1624, 1545
1705969503, 2, 319, 352, 0, 0, 634.38%, 40, 0, 0, 1166.67, 101522, 21552, 603.52%, 1624, 1545
1705969503, 2, 319, 352, 0, 0, 634.38%, 40, 0, 0, 1023.33, 101803, 21578, 603.52%, 1624, 1545
1705969504, 2, 319, 352, 0, 0, 634.38%, 41, 0, 0, 26.36, 101817, 21581, 603.52%, 1624, 1545
1705969504, 2, 324, 353, 0, 0, 634.38%, 41, 0, 0, 1534.88, 102224, 21636, 603.91%, 1624, 1546
1705969504, 2, 324, 353, 0, 0, 634.38%, 41, 0, 0, 604.65, 102383, 21659, 603.91%, 1624, 1546
1705969505, 2, 324, 353, 0, 0, 634.38%, 41, 0, 0, 491.69, 102519, 21671, 603.91%, 1624, 1546
1705969505, 2, 324, 353, 0, 0, 634.38%, 41, 0, 0, 566.23, 102669, 21692, 603.91%, 1624, 1546
1705969505, 2, 324, 353, 0, 0, 634.38%, 41, 0, 0, 338.87, 102759, 21704, 603.91%, 1624, 1546
1705969506, 2, 325, 353, 0, 0, 634.38%, 41, 0, 0, 564.78, 102898, 21735, 603.91%, 1624, 1546
1705969506, 2, 325, 353, 0, 0, 634.38%, 41, 0, 0, 506.49, 103034, 21755, 603.91%, 1624, 1546
1705969506, 2, 325, 353, 0, 0, 634.38%, 41, 0, 0, 28.21, 103049, 21758, 603.91%, 1624, 1546
1705969507, 2, 325, 354, 0, 0, 634.38%, 41, 0, 0, 520.00, 103177, 21786, 603.91%, 1624, 1546
1705969507, 2, 325, 354, 0, 0, 634.38%, 41, 0, 0, 576.16, 103318, 21819, 603.91%, 1624, 1546
1705969507, 2, 330, 354, 0, 0, 634.38%, 41, 0, 0, 593.33, 103463, 21852, 603.91%, 1624, 1546
1705969508, 2, 334, 354, 0, 0, 634.38%, 41, 0, 0, 390.00, 103573, 21859, 603.91%, 1624, 1546
1705969508, 2, 337, 354, 0, 0, 634.38%, 41, 0, 0, 293.38, 103651, 21874, 603.91%, 1624, 1546
1705969508, 2, 339, 354, 0, 0, 634.38%, 41, 0, 0, 426.67, 103773, 21880, 603.91%, 1624, 1546
1705969509, 2, 339, 354, 0, 0, 634.38%, 41, 0, 0, 1396.67, 104168, 21904, 603.91%, 1624, 1546
1705969509, 2, 340, 354, 0, 0, 634.38%, 41, 0, 0, 771.70, 104385, 21927, 603.91%, 1624, 1546
1705969509, 2, 344, 355, 0, 0, 634.38%, 41, 0, 0, 1970.00, 104912, 21991, 604.30%, 1624, 1547
1705969510, 2, 345, 356, 0, 0, 634.38%, 41, 0, 0, 65.62, 104932, 21996, 604.30%, 1624, 1547
1705969510, 2, 347, 356, 0, 0, 634.38%, 41, 0, 0, 1103.33, 105179, 22080, 604.30%, 1624, 1547
1705969510, 2, 348, 356, 0, 0, 634.38%, 41, 0, 0, 28.75, 105187, 22081, 604.30%, 1624, 1547
1705969510, 2, 350, 357, 0, 0, 634.38%, 41, 0, 0, 600.00, 105330, 22118, 604.30%, 1624, 1547
1705969512, 2, 350, 357, 0, 0, 634.38%, 41, 0, 0, 20.09, 105354, 22126, 604.30%, 1624, 1547
1705969512, 2, 350, 357, 0, 0, 634.38%, 41, 0, 0, 1396.67, 105680, 22219, 604.30%, 1624, 1547
1705969513, 2, 354, 357, 0, 0, 634.38%, 41, 0, 0, 1550.00, 106091, 22273, 604.30%, 1624, 1547
1705969513, 3, 0, 357, 0, 0, 634.38%, 41, 0, 0, 1607.04, 106588, 22324, 604.30%, 1624, 1547
1705969513, 3, 3, 357, 0, 0, 634.38%, 41, 0, 0, 2736.67, 107355, 22378, 604.30%, 1624, 1547
1705969514, 3, 7, 357, 0, 0, 634.38%, 41, 0, 0, 3150.00, 108233, 22445, 604.30%, 1624, 1547
1705969514, 3, 8, 357, 0, 0, 634.38%, 41, 0, 0, 980.00, 108508, 22464, 604.30%, 1624, 1547
1705969515, 3, 8, 358, 0, 0, 634.38%, 41, 0, 0, 97.85, 108627, 22486, 604.30%, 1624, 1547
1705969516, 3, 14, 358, 0, 0, 634.38%, 41, 0, 0, 2933.33, 109443, 22550, 604.30%, 1624, 1547
1705969516, 3, 14, 358, 0, 0, 634.38%, 41, 0, 0, 1496.67, 109847, 22595, 604.30%, 1624, 1547
1705969516, 3, 15, 358, 0, 0, 634.38%, 41, 0, 0, 1236.84, 110182, 22636, 604.30%, 1624, 1547
1705969517, 3, 15, 358, 0, 0, 634.38%, 41, 0, 0, 1060.00, 110473, 22663, 604.30%, 1624, 1547
1705969517, 3, 20, 358, 0, 0, 634.38%, 41, 0, 0, 1100.00, 110774, 22692, 604.30%, 1624, 1547
1705969518, 3, 20, 358, 0, 0, 634.38%, 41, 0, 0, 286.80, 110949, 22706, 604.30%, 1624, 1547
1705969519, 3, 23, 358, 0, 0, 634.38%, 41, 0, 0, 389.73, 111382, 22812, 604.30%, 1624, 1547
1705969519, 3, 24, 358, 0, 0, 634.38%, 41, 0, 0, 706.67, 111583, 22823, 604.30%, 1624, 1547
1705969520, 3, 24, 358, 0, 0, 634.38%, 41, 0, 0, 833.33, 111824, 22832, 604.30%, 1624, 1547
1705969520, 3, 28, 358, 0, 0, 634.38%, 41, 0, 0, 1563.33, 112200, 22925, 604.30%, 1624, 1547
1705969520, 3, 39, 358, 0, 0, 634.38%, 41, 0, 0, 2173.08, 112848, 23181, 604.30%, 1624, 1547
1705969522, 3, 39, 358, 0, 0, 634.38%, 41, 0, 0, 1.19, 112850, 23181, 604.30%, 1624, 1547
1705969533, 3, 39, 358, 0, 0, 634.38%, 41, 0, 0, 0.47, 112855, 23181, 604.30%, 1624, 1547
1705969539, 3, 39, 358, 0, 0, 634.38%, 41, 0, 0, 0.15, 112856, 23181, 604.30%, 1624, 1547
1705969541, 3, 39, 358, 0, 0, 634.38%, 41, 0, 0, 0.69, 112857, 23181, 604.30%, 1624, 1547
1705969543, 3, 39, 358, 0, 0, 634.38%, 41, 0, 0, 0.45, 112858, 23181, 604.30%, 1624, 1547
1705969543, 3, 39, 358, 0, 0, 634.38%, 41, 0, 0, 708.20, 113059, 23196, 604.30%, 1624, 1547
1705969543, 3, 39, 358, 0, 0, 634.38%, 41, 0, 0, 760.00, 113275, 23208, 604.30%, 1624, 1547
1705969544, 3, 44, 358, 0, 0, 634.38%, 41, 0, 0, 1263.33, 113583, 23279, 604.30%, 1624, 1547
1705969544, 3, 48, 358, 0, 0, 634.38%, 41, 0, 0, 1560.00, 113881, 23449, 604.30%, 1624, 1547
1705969547, 3, 52, 358, 0, 0, 634.38%, 42, 0, 0, 67.19, 114004, 23497, 604.30%, 1624, 1547
1705969547, 3, 54, 358, 0, 0, 634.38%, 42, 0, 0, 1520.00, 114395, 23562, 604.30%, 1624, 1547
1705969547, 3, 59, 358, 0, 0, 634.38%, 42, 0, 0, 1095.63, 114763, 23721, 604.30%, 1624, 1547
1705969548, 3, 64, 358, 0, 0, 634.38%, 42, 0, 0, 1503.33, 115096, 23839, 604.30%, 1624, 1547
1705969549, 3, 64, 358, 0, 0, 634.38%, 43, 0, 0, 6.99, 115102, 23840, 604.30%, 1624, 1547
1705969549, 3, 64, 358, 0, 0, 634.38%, 43, 0, 0, 209.04, 115171, 23845, 604.30%, 1624, 1547
1705969549, 3, 64, 358, 0, 0, 634.38%, 43, 0, 0, 6.56, 115173, 23845, 604.30%, 1624, 1547
1705969550, 3, 64, 358, 0, 0, 634.38%, 43, 0, 0, 830.00, 115396, 23871, 604.30%, 1624, 1547
1705969550, 3, 64, 358, 0, 0, 634.38%, 43, 0, 0, 297.47, 115479, 23882, 604.30%, 1624, 1547
1705969550, 3, 65, 358, 0, 0, 634.38%, 43, 0, 0, 766.67, 115678, 23913, 604.30%, 1624, 1547
1705969551, 3, 65, 358, 0, 0, 634.38%, 43, 0, 0, 807.82, 115898, 23941, 604.30%, 1624, 1547
1705969551, 3, 65, 358, 0, 0, 634.38%, 43, 0, 0, 919.25, 116147, 23988, 604.30%, 1624, 1547
1705969551, 3, 73, 358, 0, 0, 634.38%, 43, 0, 0, 1910.00, 116652, 24056, 604.30%, 1624, 1547
1705969552, 3, 80, 358, 0, 0, 634.38%, 43, 0, 0, 1090.00, 116918, 24117, 604.30%, 1624, 1547
1705969553, 3, 82, 358, 0, 0, 634.38%, 44, 0, 0, 173.76, 117057, 24182, 604.30%, 1624, 1547
1705969553, 3, 84, 358, 0, 0, 634.38%, 44, 0, 0, 1213.82, 117294, 24314, 604.30%, 1624, 1547
1705969553, 3, 90, 358, 0, 0, 634.38%, 44, 0, 0, 1115.89, 117553, 24392, 604.30%, 1624, 1547
1705969554, 3, 92, 358, 0, 0, 634.38%, 44, 0, 0, 352.94, 117646, 24407, 604.30%, 1624, 1547
1705969554, 3, 92, 358, 0, 0, 634.38%, 44, 0, 0, 596.67, 117812, 24420, 604.30%, 1624, 1547
1705969554, 3, 92, 358, 0, 0, 634.38%, 44, 0, 0, 686.67, 118007, 24431, 604.30%, 1624, 1547
1705969554, 3, 92, 358, 0, 0, 634.38%, 44, 0, 0, 666.67, 118199, 24439, 604.30%, 1624, 1547
1705969555, 3, 98, 358, 0, 0, 634.38%, 44, 0, 0, 2416.67, 118701, 24662, 604.30%, 1624, 1547
1705969555, 3, 111, 358, 0, 0, 634.38%, 44, 0, 0, 2396.67, 119279, 24803, 604.30%, 1624, 1547
1705969555, 3, 116, 358, 0, 0, 634.38%, 44, 0, 0, 1796.67, 119719, 24902, 604.30%, 1624, 1547
1705969556, 3, 123, 358, 0, 0, 634.38%, 44, 0, 0, 1827.24, 120106, 25065, 604.30%, 1624, 1547
1705969556, 3, 123, 358, 0, 0, 634.38%, 44, 0, 0, 340.00, 120201, 25072, 604.30%, 1624, 1547
1705969556, 3, 123, 358, 0, 0, 634.38%, 44, 0, 0, 556.67, 120358, 25082, 604.30%, 1624, 1547
1705969557, 3, 123, 358, 0, 0, 634.38%, 44, 0, 0, 694.35, 120553, 25096, 604.30%, 1624, 1547
1705969557, 3, 123, 358, 0, 0, 634.38%, 44, 0, 0, 526.32, 120699, 25110, 604.30%, 1624, 1547
1705969557, 3, 128, 358, 0, 0, 634.38%, 44, 0, 0, 2020.00, 121195, 25220, 604.30%, 1624, 1547
1705969558, 3, 134, 358, 0, 0, 634.38%, 45, 0, 0, 1256.48, 121543, 25308, 604.30%, 1624, 1547
1705969558, 3, 136, 358, 0, 0, 634.38%, 45, 0, 0, 1456.67, 121827, 25461, 604.30%, 1624, 1547
1705969558, 3, 136, 358, 0, 0, 634.38%, 45, 0, 0, 853.33, 122033, 25511, 604.30%, 1624, 1547
1705969558, 3, 136, 358, 0, 0, 634.38%, 46, 0, 0, 563.80, 122192, 25542, 604.30%, 1624, 1547
1705969559, 3, 137, 358, 0, 0, 634.38%, 46, 0, 0, 603.33, 122339, 25576, 604.30%, 1624, 1547
1705969559, 3, 140, 358, 0, 0, 634.38%, 46, 0, 0, 1783.71, 122707, 25843, 604.30%, 1624, 1547
1705969559, 3, 142, 358, 0, 0, 634.38%, 46, 0, 0, 1773.33, 123135, 25947, 604.30%, 1624, 1547
1705969560, 3, 143, 358, 0, 0, 634.38%, 46, 0, 0, 1176.67, 123365, 26070, 604.30%, 1624, 1547
1705969560, 3, 143, 358, 0, 0, 634.38%, 46, 0, 0, 743.33, 123502, 26156, 604.30%, 1624, 1547
1705969560, 3, 152, 358, 0, 0, 634.38%, 46, 0, 0, 1033.33, 123740, 26228, 604.30%, 1624, 1547
1705969561, 3, 152, 358, 0, 0, 634.38%, 46, 0, 0, 1240.00, 124089, 26251, 604.30%, 1624, 1547
1705969561, 3, 154, 358, 0, 0, 634.38%, 46, 0, 0, 936.67, 124345, 26276, 604.30%, 1624, 1547
1705969561, 3, 154, 358, 0, 0, 634.38%, 46, 0, 0, 470.00, 124480, 26282, 604.30%, 1624, 1547
1705969562, 3, 154, 358, 0, 0, 634.38%, 46, 0, 0, 493.33, 124623, 26287, 604.30%, 1624, 1547
1705969562, 3, 154, 358, 0, 0, 634.38%, 46, 0, 0, 573.33, 124784, 26298, 604.30%, 1624, 1547
1705969562, 3, 154, 358, 0, 0, 634.38%, 46, 0, 0, 536.67, 124937, 26306, 604.30%, 1624, 1547
1705969562, 3, 156, 358, 0, 0, 634.38%, 46, 0, 0, 1433.33, 125228, 26445, 604.30%, 1624, 1547
1705969563, 3, 158, 358, 0, 0, 634.38%, 46, 0, 0, 1265.78, 125515, 26539, 604.30%, 1624, 1547
1705969563, 3, 158, 358, 0, 0, 634.38%, 46, 0, 0, 607.97, 125690, 26547, 604.30%, 1624, 1547
1705969563, 3, 158, 358, 0, 0, 634.38%, 46, 0, 0, 656.67, 125879, 26555, 604.30%, 1624, 1547
1705969564, 3, 158, 358, 0, 0, 634.38%, 46, 0, 0, 625.83, 126057, 26566, 604.30%, 1624, 1547
1705969564, 3, 160, 358, 0, 0, 634.38%, 47, 0, 0, 696.67, 126208, 26624, 604.30%, 1624, 1547
1705969564, 3, 163, 358, 0, 0, 634.38%, 47, 0, 0, 1240.51, 126526, 26698, 604.30%, 1624, 1547
1705969565, 3, 166, 358, 0, 0, 634.38%, 47, 0, 0, 1163.33, 126777, 26796, 604.30%, 1624, 1547
1705969565, 3, 174, 358, 0, 0, 634.38%, 47, 0, 0, 1434.21, 127168, 26841, 604.30%, 1624, 1547
1705969565, 3, 182, 358, 0, 0, 634.38%, 47, 0, 0, 646.67, 127315, 26888, 604.30%, 1624, 1547
1705969565, 3, 186, 358, 0, 0, 634.38%, 47, 0, 0, 460.00, 127418, 26923, 604.30%, 1624, 1547
1705969566, 3, 186, 358, 0, 0, 634.38%, 47, 0, 0, 506.37, 127536, 26964, 604.30%, 1624, 1547
1705969566, 3, 186, 358, 0, 0, 634.38%, 47, 0, 0, 943.93, 127769, 27034, 604.30%, 1624, 1547
1705969566, 3, 188, 358, 0, 0, 634.38%, 47, 0, 0, 826.67, 127964, 27087, 604.30%, 1624, 1547
1705969567, 3, 198, 358, 0, 0, 634.38%, 47, 0, 0, 799.34, 128140, 27154, 604.30%, 1624, 1547
1705969567, 3, 204, 359, 0, 0, 634.77%, 47, 0, 0, 1210.00, 128468, 27189, 604.69%, 1625, 1548
1705969567, 3, 206, 359, 0, 0, 634.77%, 47, 0, 0, 1906.67, 128906, 27323, 604.69%, 1625, 1548
1705969568, 3, 211, 359, 0, 0, 634.77%, 47, 0, 0, 2700.00, 129474, 27565, 604.69%, 1625, 1548
1705969568, 3, 214, 359, 0, 0, 634.77%, 47, 0, 0, 963.46, 129702, 27627, 604.69%, 1625, 1548
1705969568, 3, 214, 359, 0, 0, 634.77%, 47, 0, 0, 554.46, 129861, 27636, 604.69%, 1625, 1548
1705969569, 3, 214, 359, 0, 0, 634.77%, 47, 0, 0, 803.33, 130094, 27644, 604.69%, 1625, 1548
1705969569, 3, 218, 359, 0, 0, 634.77%, 47, 0, 0, 621.26, 130260, 27665, 604.69%, 1625, 1548
1705969569, 3, 224, 359, 0, 0, 634.77%, 47, 0, 0, 570.00, 130401, 27695, 604.69%, 1625, 1548
1705969569, 3, 230, 359, 0, 0, 634.77%, 47, 0, 0, 695.65, 130590, 27762, 604.69%, 1625, 1548
1705969570, 3, 232, 359, 0, 0, 634.77%, 47, 0, 0, 398.67, 130682, 27790, 604.69%, 1625, 1548
1705969570, 3, 233, 359, 0, 0, 634.77%, 47, 0, 0, 632.65, 130826, 27863, 604.69%, 1625, 1548
1705969570, 3, 238, 359, 0, 0, 634.77%, 47, 0, 0, 1313.33, 131101, 27982, 604.69%, 1625, 1548
1705969571, 3, 240, 359, 0, 0, 634.77%, 47, 0, 0, 1208.20, 131364, 28102, 604.69%, 1625, 1548
1705969571, 3, 240, 359, 0, 0, 634.77%, 47, 0, 0, 533.12, 131507, 28128, 604.69%, 1625, 1548
1705969571, 3, 240, 359, 0, 0, 634.77%, 47, 0, 0, 878.69, 131718, 28185, 604.69%, 1625, 1548
1705969572, 3, 242, 359, 0, 0, 634.77%, 47, 0, 0, 487.47, 131899, 28218, 604.69%, 1625, 1548
1705969572, 3, 243, 359, 0, 0, 634.77%, 47, 0, 0, 340.43, 132075, 28250, 604.69%, 1625, 1548
1705969573, 3, 243, 359, 0, 0, 634.77%, 47, 0, 0, 1303.33, 132404, 28312, 604.69%, 1625, 1548
1705969573, 3, 247, 359, 0, 0, 634.77%, 47, 0, 0, 524.92, 132544, 28330, 604.69%, 1625, 1548
1705969573, 3, 252, 359, 0, 0, 634.77%, 47, 0, 0, 598.34, 132711, 28379, 604.69%, 1625, 1548
1705969574, 3, 252, 359, 0, 0, 634.77%, 47, 0, 0, 860.00, 132938, 28410, 604.69%, 1625, 1548
1705969574, 3, 252, 359, 0, 0, 634.77%, 47, 0, 0, 56.67, 132955, 28410, 604.69%, 1625, 1548
1705969575, 3, 252, 359, 0, 0, 634.77%, 47, 0, 0, 159.37, 133077, 28430, 604.69%, 1625, 1548
1705969575, 3, 253, 359, 0, 0, 634.77%, 47, 0, 0, 803.33, 133287, 28461, 604.69%, 1625, 1548
1705969575, 3, 253, 359, 0, 0, 634.77%, 48, 0, 0, 1090.91, 133585, 28499, 604.69%, 1625, 1548
1705969576, 3, 255, 360, 0, 0, 635.16%, 48, 0, 0, 1370.37, 134021, 28581, 604.69%, 1626, 1548
1705969576, 3, 259, 360, 0, 0, 635.16%, 48, 0, 0, 720.00, 134224, 28594, 604.69%, 1626, 1548
1705969576, 3, 263, 360, 0, 0, 635.16%, 48, 0, 0, 686.67, 134405, 28619, 604.69%, 1626, 1548
1705969577, 3, 263, 360, 0, 0, 635.16%, 48, 0, 0, 627.57, 134598, 28640, 604.69%, 1626, 1548
1705969577, 3, 263, 360, 0, 0, 635.16%, 48, 0, 0, 593.33, 134765, 28651, 604.69%, 1626, 1548
1705969577, 3, 264, 360, 0, 0, 635.16%, 48, 0, 0, 637.82, 134945, 28670, 604.69%, 1626, 1548
1705969578, 3, 266, 360, 0, 0, 635.16%, 48, 0, 0, 81.08, 134989, 28674, 604.69%, 1626, 1548
1705969579, 3, 268, 360, 0, 0, 635.16%, 48, 0, 0, 123.88, 135052, 28680, 604.69%, 1626, 1548
1705969579, 3, 272, 360, 0, 0, 635.16%, 48, 0, 0, 396.67, 135158, 28693, 604.69%, 1626, 1548
1705969579, 3, 272, 361, 0, 0, 635.16%, 48, 0, 0, 780.00, 135280, 28805, 604.69%, 1626, 1548
1705969579, 3, 272, 361, 0, 0, 635.16%, 48, 0, 0, 503.29, 135369, 28869, 604.69%, 1626, 1548
1705969580, 3, 275, 361, 0, 0, 635.16%, 48, 0, 0, 510.00, 135488, 28903, 604.69%, 1626, 1548
1705969580, 3, 279, 361, 0, 0, 635.16%, 48, 0, 0, 420.00, 135613, 28904, 604.69%, 1626, 1548
1705969580, 3, 280, 361, 0, 0, 635.16%, 48, 0, 0, 390.00, 135714, 28920, 604.69%, 1626, 1548
1705969581, 3, 280, 361, 0, 0, 635.16%, 48, 0, 0, 315.61, 135798, 28931, 604.69%, 1626, 1548
1705969581, 3, 280, 362, 0, 0, 635.16%, 48, 0, 0, 32.84, 135818, 28931, 604.69%, 1626, 1548
1705969582, 3, 280, 362, 0, 0, 635.16%, 48, 0, 0, 312.29, 135903, 28940, 604.69%, 1626, 1548
1705969582, 3, 280, 362, 0, 0, 635.16%, 48, 0, 0, 546.67, 136058, 28949, 604.69%, 1626, 1548
1705969582, 3, 281, 362, 0, 0, 635.16%, 48, 0, 0, 660.00, 136238, 28967, 604.69%, 1626, 1548
1705969582, 3, 281, 362, 0, 0, 635.16%, 48, 0, 0, 774.83, 136434, 29005, 604.69%, 1626, 1548
1705969583, 3, 281, 362, 0, 0, 635.16%, 48, 0, 0, 633.64, 136657, 29057, 604.69%, 1626, 1548
1705969583, 3, 283, 362, 0, 0, 635.16%, 48, 0, 0, 395.35, 136759, 29074, 604.69%, 1626, 1548
1705969584, 3, 286, 362, 0, 0, 635.16%, 48, 0, 0, 451.53, 136919, 29091, 604.69%, 1626, 1548
1705969584, 3, 293, 362, 0, 0, 635.16%, 48, 0, 0, 1229.24, 137245, 29135, 604.69%, 1626, 1548
1705969584, 3, 300, 362, 0, 0, 635.16%, 48, 0, 0, 683.33, 137431, 29154, 604.69%, 1626, 1548
1705969588, 3, 302, 362, 0, 0, 635.16%, 48, 0, 0, 14.09, 137476, 29158, 604.69%, 1626, 1548
1705969588, 3, 302, 362, 0, 0, 635.16%, 48, 0, 0, 530.00, 137613, 29180, 604.69%, 1626, 1548
1705969588, 3, 302, 362, 0, 0, 635.16%, 48, 0, 0, 56.55, 137628, 29184, 604.69%, 1626, 1548
1705969589, 3, 302, 362, 0, 0, 635.16%, 49, 0, 0, 66.94, 137683, 29195, 604.69%, 1626, 1548
1705969590, 3, 302, 362, 0, 0, 635.16%, 49, 0, 0, 12.41, 137692, 29196, 604.69%, 1626, 1548
1705969593, 3, 302, 362, 0, 0, 635.16%, 49, 0, 0, 27.79, 137753, 29208, 604.69%, 1626, 1548
1705969593, 3, 302, 362, 0, 0, 635.16%, 49, 0, 0, 440.00, 137868, 29225, 604.69%, 1626, 1548
1705969593, 3, 302, 362, 0, 0, 635.16%, 49, 0, 0, 516.67, 138002, 29246, 604.69%, 1626, 1548
1705969594, 3, 307, 362, 0, 0, 635.16%, 49, 0, 0, 520.00, 138148, 29256, 604.69%, 1626, 1548
1705969594, 3, 314, 362, 0, 0, 635.16%, 49, 0, 0, 673.33, 138327, 29279, 604.69%, 1626, 1548
1705969594, 3, 318, 362, 0, 0, 635.16%, 49, 0, 0, 1020.00, 138573, 29339, 604.69%, 1626, 1548
1705969595, 3, 318, 363, 0, 0, 635.16%, 49, 0, 0, 930.00, 138760, 29431, 604.69%, 1626, 1548
1705969595, 3, 319, 363, 0, 0, 635.16%, 49, 0, 0, 411.21, 138877, 29446, 604.69%, 1626, 1548
1705969595, 3, 319, 363, 0, 0, 635.16%, 49, 0, 0, 1000.00, 139143, 29480, 604.69%, 1626, 1548
1705969598, 3, 319, 363, 0, 0, 635.16%, 49, 0, 0, 40.29, 139243, 29491, 604.69%, 1626, 1548
1705969598, 3, 323, 363, 0, 0, 635.16%, 49, 0, 0, 810.63, 139456, 29522, 604.69%, 1626, 1548
1705969599, 3, 324, 363, 0, 0, 635.16%, 49, 0, 0, 903.33, 139697, 29552, 604.69%, 1626, 1548
1705969599, 3, 324, 363, 0, 0, 635.16%, 49, 0, 0, 686.67, 139883, 29572, 604.69%, 1626, 1548
1705969599, 3, 324, 363, 0, 0, 635.16%, 49, 0, 0, 624.58, 140049, 29594, 604.69%, 1626, 1548
1705969599, 3, 325, 363, 0, 0, 635.16%, 49, 0, 0, 552.29, 140195, 29617, 604.69%, 1626, 1548
1705969600, 3, 325, 363, 0, 0, 635.16%, 49, 0, 0, 610.00, 140344, 29651, 604.69%, 1626, 1548
1705969600, 3, 325, 363, 0, 0, 635.16%, 49, 0, 0, 486.67, 140470, 29671, 604.69%, 1626, 1548
1705969600, 3, 325, 363, 0, 0, 635.16%, 49, 0, 0, 520.00, 140601, 29696, 604.69%, 1626, 1548
1705969601, 3, 325, 363, 0, 0, 635.16%, 49, 0, 0, 443.33, 140714, 29716, 604.69%, 1626, 1548
1705969601, 3, 331, 363, 0, 0, 635.16%, 49, 0, 0, 641.20, 140885, 29738, 604.69%, 1626, 1548
1705969602, 3, 333, 363, 0, 0, 635.16%, 49, 0, 0, 106.06, 140942, 29744, 604.69%, 1626, 1548
1705969602, 3, 334, 363, 0, 0, 635.16%, 49, 0, 0, 43.18, 140960, 29745, 604.69%, 1626, 1548
1705969602, 3, 339, 363, 0, 0, 635.16%, 49, 0, 0, 736.67, 141159, 29767, 604.69%, 1626, 1548
1705969603, 3, 339, 363, 0, 0, 635.16%, 49, 0, 0, 306.50, 141251, 29774, 604.69%, 1626, 1548
1705969603, 3, 339, 363, 0, 0, 635.16%, 49, 0, 0, 1480.00, 141661, 29808, 604.69%, 1626, 1548
1705969603, 3, 345, 363, 0, 0, 635.16%, 49, 0, 0, 2823.33, 142380, 29936, 604.69%, 1626, 1548
1705969603, 3, 348, 363, 0, 0, 635.16%, 49, 0, 0, 796.12, 142577, 29985, 604.69%, 1626, 1548
1705969604, 3, 348, 363, 0, 0, 635.16%, 49, 0, 0, 4.29, 142579, 29985, 604.69%, 1626, 1548
1705969604, 3, 350, 363, 0, 0, 635.16%, 49, 0, 0, 703.33, 142743, 30032, 604.69%, 1626, 1548
1705969605, 3, 350, 363, 0, 0, 635.16%, 49, 0, 0, 906.67, 142969, 30078, 604.69%, 1626, 1548
1705969605, 3, 350, 363, 0, 0, 635.16%, 49, 0, 0, 651.16, 143131, 30112, 604.69%, 1626, 1548
1705969606, 3, 351, 364, 0, 0, 635.16%, 49, 0, 0, 27.11, 143154, 30117, 604.69%, 1626, 1548
1705969608, 3, 351, 365, 0, 0, 635.16%, 49, 0, 0, 7.87, 143172, 30118, 604.69%, 1626, 1548
1705969610, 3, 358, 366, 0, 0, 635.16%, 49, 0, 0, 418.17, 143666, 30181, 604.69%, 1626, 1548
1705969610, 3, 362, 366, 0, 0, 635.16%, 49, 0, 0, 1000.00, 144099, 30313, 604.69%, 1626, 1548
1705969610, 4, 0, 366, 0, 0, 635.16%, 49, 0, 0, 1623.33, 144538, 30361, 604.69%, 1626, 1548
1705969611, 4, 0, 366, 0, 0, 635.16%, 49, 0, 0, 26.11, 144554, 30365, 604.69%, 1626, 1548
1705969612, 4, 4, 366, 0, 0, 635.16%, 49, 0, 0, 3240.00, 145473, 30418, 604.69%, 1626, 1548
1705969612, 4, 4, 366, 0, 0, 635.16%, 49, 0, 0, 143.12, 145551, 30419, 604.69%, 1626, 1548
1705969612, 4, 6, 366, 0, 0, 635.16%, 49, 0, 0, 1923.33, 146088, 30459, 604.69%, 1626, 1548
1705969613, 4, 10, 366, 0, 0, 635.16%, 49, 0, 0, 1870.37, 146635, 30518, 604.69%, 1626, 1548
1705969613, 4, 14, 366, 0, 0, 635.16%, 49, 0, 0, 2930.00, 147445, 30587, 604.69%, 1626, 1548
1705969613, 4, 14, 366, 0, 0, 635.16%, 49, 0, 0, 1223.33, 147773, 30626, 604.69%, 1626, 1548
1705969614, 4, 15, 366, 0, 0, 635.16%, 49, 0, 0, 1133.33, 148077, 30662, 604.69%, 1626, 1548
1705969614, 4, 15, 366, 0, 0, 635.16%, 49, 0, 0, 1340.00, 148438, 30703, 604.69%, 1626, 1548
1705969614, 4, 20, 366, 0, 0, 635.16%, 49, 0, 0, 1383.33, 148824, 30732, 604.69%, 1626, 1548
1705969615, 4, 23, 366, 0, 0, 635.16%, 49, 0, 0, 1670.00, 149249, 30808, 604.69%, 1626, 1548
1705969615, 4, 24, 366, 0, 0, 635.16%, 49, 0, 0, 950.00, 149472, 30870, 604.69%, 1626, 1548
1705969615, 4, 24, 366, 0, 0, 635.16%, 49, 0, 0, 1046.67, 149766, 30890, 604.69%, 1626, 1548
1705969615, 4, 31, 366, 0, 0, 635.16%, 49, 0, 0, 2003.33, 150260, 30997, 604.69%, 1626, 1548
1705969616, 4, 39, 366, 0, 0, 635.16%, 49, 0, 0, 2876.67, 150893, 31227, 604.69%, 1626, 1548
1705969616, 4, 39, 366, 0, 0, 635.16%, 49, 0, 0, 1080.00, 151200, 31244, 604.69%, 1626, 1548
1705969616, 4, 46, 366, 0, 0, 635.16%, 49, 0, 0, 2133.33, 151678, 31406, 604.69%, 1626, 1548
1705969618, 4, 49, 366, 0, 0, 635.16%, 50, 0, 0, 167.56, 151880, 31516, 604.69%, 1626, 1548
1705969619, 4, 49, 366, 0, 0, 635.16%, 50, 0, 0, 8.46, 151887, 31518, 604.69%, 1626, 1548
1705969650, 4, 49, 366, 0, 0, 635.16%, 50, 0, 0, 0.03, 151888, 31518, 604.69%, 1626, 1548
1705969655, 4, 49, 366, 0, 0, 635.16%, 50, 0, 0, 0.22, 151889, 31518, 604.69%, 1626, 1548
1705969668, 4, 49, 366, 0, 0, 635.16%, 50, 0, 0, 0.07, 151890, 31518, 604.69%, 1626, 1548
1705969671, 4, 49, 366, 0, 0, 635.16%, 50, 0, 0, 0.30, 151891, 31518, 604.69%, 1626, 1548
1705969673, 4, 50, 366, 0, 0, 635.16%, 50, 0, 0, 16.84, 151914, 31519, 604.69%, 1626, 1548
1705969674, 4, 54, 366, 0, 0, 635.16%, 50, 0, 0, 364.33, 152290, 31574, 604.69%, 1626, 1548
1705969674, 4, 64, 366, 0, 0, 635.16%, 50, 0, 0, 3143.33, 152974, 31833, 604.69%, 1626, 1548
1705969675, 4, 64, 366, 0, 0, 635.16%, 50, 0, 0, 635.70, 153205, 31862, 604.69%, 1626, 1548
1705969675, 4, 64, 366, 0, 0, 635.16%, 50, 0, 0, 1213.33, 153524, 31907, 604.69%, 1626, 1548
1705969675, 4, 65, 366, 0, 0, 635.16%, 50, 0, 0, 1400.00, 153881, 31970, 604.69%, 1626, 1548
1705969675, 4, 70, 366, 0, 0, 635.16%, 50, 0, 0, 2153.33, 154425, 32072, 604.69%, 1626, 1548
1705969677, 4, 75, 366, 0, 0, 635.16%, 50, 0, 0, 317.61, 154716, 32111, 604.69%, 1626, 1548
1705969677, 4, 77, 366, 0, 0, 635.16%, 50, 0, 0, 68.63, 154750, 32112, 604.69%, 1626, 1548
1705969686, 4, 82, 366, 0, 0, 635.16%, 51, 0, 0, 66.21, 155146, 32297, 604.69%, 1626, 1548
1705969686, 4, 92, 366, 0, 0, 635.16%, 51, 0, 0, 1810.00, 155529, 32457, 604.69%, 1626, 1548
1705969686, 4, 92, 366, 0, 0, 635.16%, 51, 0, 0, 820.00, 155765, 32467, 604.69%, 1626, 1548
1705969688, 4, 92, 366, 0, 0, 635.16%, 51, 0, 0, 31.79, 155812, 32470, 604.69%, 1626, 1548
1705969689, 4, 92, 366, 0, 0, 635.16%, 51, 0, 0, 3.03, 155814, 32470, 604.69%, 1626, 1548
1705969689, 4, 92, 366, 0, 0, 635.16%, 51, 0, 0, 833.33, 156051, 32483, 604.69%, 1626, 1548
1705969691, 4, 94, 366, 0, 0, 635.16%, 51, 0, 0, 82.36, 156229, 32502, 604.69%, 1626, 1548
1705969692, 4, 102, 366, 0, 0, 635.16%, 51, 0, 0, 3653.33, 157034, 32793, 604.69%, 1626, 1548
1705969692, 4, 118, 366, 0, 0, 635.16%, 51, 0, 0, 2743.33, 157687, 32963, 604.69%, 1626, 1548
1705969694, 4, 123, 366, 0, 0, 635.16%, 52, 0, 0, 220.44, 158057, 33130, 604.69%, 1626, 1548
1705969696, 4, 123, 366, 0, 0, 635.16%, 52, 0, 0, 1.16, 158059, 33130, 604.69%, 1626, 1548
1705969701, 4, 123, 366, 0, 0, 635.16%, 52, 0, 0, 0.22, 158060, 33130, 604.69%, 1626, 1548
1705969701, 4, 123, 366, 0, 0, 635.16%, 52, 0, 0, 773.33, 158275, 33147, 604.69%, 1626, 1548
1705969711, 4, 123, 367, 0, 0, 635.16%, 52, 0, 0, 21.98, 158489, 33160, 605.08%, 1626, 1549
1705969713, 4, 123, 367, 0, 0, 635.16%, 52, 0, 0, 51.76, 158570, 33170, 605.08%, 1626, 1549
1705969713, 4, 130, 367, 0, 0, 635.16%, 52, 0, 0, 2290.00, 159155, 33272, 605.08%, 1626, 1549
1705969714, 4, 136, 367, 0, 0, 635.16%, 52, 0, 0, 2456.67, 159684, 33480, 605.08%, 1626, 1549
1705969714, 4, 136, 367, 0, 0, 635.16%, 52, 0, 0, 713.33, 159856, 33522, 605.08%, 1626, 1549
1705969714, 4, 136, 367, 0, 0, 635.16%, 52, 0, 0, 716.67, 160032, 33561, 605.08%, 1626, 1549
1705969715, 4, 137, 367, 0, 0, 635.16%, 52, 0, 0, 1343.33, 160372, 33624, 605.08%, 1626, 1549
1705969715, 4, 139, 367, 0, 0, 635.16%, 52, 0, 0, 474.15, 160531, 33731, 605.08%, 1626, 1549
1705969716, 4, 140, 367, 0, 0, 635.16%, 52, 0, 0, 378.23, 160713, 33886, 605.08%, 1626, 1549
1705969717, 4, 141, 367, 0, 0, 635.16%, 52, 0, 0, 164.71, 160761, 33922, 605.08%, 1626, 1549
1705969722, 4, 141, 367, 0, 0, 635.16%, 52, 0, 0, 33.72, 160937, 33940, 605.08%, 1626, 1549
1705969723, 4, 143, 367, 0, 0, 635.16%, 52, 0, 0, 2123.33, 161383, 34131, 605.08%, 1626, 1549
1705969723, 4, 145, 367, 0, 0, 635.16%, 52, 0, 0, 786.67, 161544, 34206, 605.08%, 1626, 1549
1705969723, 4, 152, 367, 0, 0, 635.16%, 52, 0, 0, 591.51, 161733, 34240, 605.08%, 1626, 1549
1705969724, 4, 152, 367, 0, 0, 635.16%, 52, 0, 0, 2.98, 161734, 34240, 605.08%, 1626, 1549
1705969735, 4, 152, 368, 0, 0, 635.55%, 52, 0, 0, 17.82, 161930, 34250, 605.47%, 1627, 1550
1705969735, 4, 154, 368, 0, 0, 635.55%, 52, 0, 0, 1430.00, 162329, 34280, 605.47%, 1627, 1550
1705969736, 4, 154, 368, 0, 0, 635.55%, 52, 0, 0, 707.64, 162529, 34293, 605.47%, 1627, 1550
1705969736, 4, 154, 368, 0, 0, 635.55%, 52, 0, 0, 720.00, 162732, 34306, 605.47%, 1627, 1550
1705969736, 4, 155, 368, 0, 0, 635.55%, 52, 0, 0, 1110.00, 163017, 34354, 605.47%, 1627, 1550
1705969737, 4, 157, 368, 0, 0, 635.55%, 52, 0, 0, 1690.00, 163341, 34537, 605.47%, 1627, 1550
1705969738, 4, 158, 368, 0, 0, 635.55%, 52, 0, 0, 141.33, 163462, 34548, 605.47%, 1627, 1550
1705969738, 4, 158, 368, 0, 0, 635.55%, 52, 0, 0, 511.63, 163608, 34556, 605.47%, 1627, 1550
1705969738, 4, 158, 368, 0, 0, 635.55%, 52, 0, 0, 250.69, 163694, 34561, 605.47%, 1627, 1550
1705969750, 4, 158, 368, 0, 0, 635.55%, 53, 0, 0, 6.40, 163766, 34564, 605.47%, 1627, 1550
1705969751, 4, 158, 368, 0, 0, 635.55%, 53, 0, 0, 21.51, 163781, 34565, 605.47%, 1627, 1550
1705969751, 4, 158, 368, 0, 0, 635.55%, 53, 0, 0, 38.46, 163797, 34566, 605.47%, 1627, 1550
1705969751, 4, 158, 368, 0, 0, 635.55%, 53, 0, 0, 843.85, 164033, 34584, 605.47%, 1627, 1550
1705969752, 4, 160, 368, 0, 0, 635.55%, 53, 0, 0, 228.64, 164114, 34602, 605.47%, 1627, 1550
1705969752, 4, 163, 368, 0, 0, 635.55%, 53, 0, 0, 633.33, 164312, 34689, 605.47%, 1627, 1550
1705969753, 4, 167, 368, 0, 0, 635.55%, 53, 0, 0, 2166.67, 164845, 34806, 605.47%, 1627, 1550
1705969753, 4, 179, 368, 0, 0, 635.55%, 53, 0, 0, 1473.33, 165225, 34868, 605.47%, 1627, 1550
1705969753, 4, 186, 368, 0, 0, 635.55%, 53, 0, 0, 1183.33, 165508, 34940, 605.47%, 1627, 1550
1705969754, 4, 186, 368, 0, 0, 635.55%, 53, 0, 0, 1330.00, 165822, 35025, 605.47%, 1627, 1550
1705969754, 4, 193, 368, 0, 0, 635.55%, 53, 0, 0, 920.00, 166041, 35082, 605.47%, 1627, 1550
1705969754, 4, 203, 368, 0, 0, 635.55%, 53, 0, 0, 993.33, 166294, 35127, 605.47%, 1627, 1550
1705969755, 4, 208, 368, 0, 0, 635.55%, 53, 0, 0, 2667.63, 167052, 35292, 605.47%, 1627, 1550
1705969755, 4, 214, 368, 0, 0, 635.55%, 53, 0, 0, 2800.00, 167599, 35585, 605.47%, 1627, 1550
1705969757, 4, 214, 368, 0, 0, 635.55%, 53, 0, 0, 75.56, 167736, 35593, 605.47%, 1627, 1550
1705969757, 4, 214, 368, 0, 0, 635.55%, 53, 0, 0, 150.64, 167816, 35596, 605.47%, 1627, 1550
1705969758, 4, 214, 368, 0, 0, 635.55%, 53, 0, 0, 553.33, 167976, 35602, 605.47%, 1627, 1550
1705969758, 4, 215, 368, 0, 0, 635.55%, 53, 0, 0, 856.67, 168217, 35618, 605.47%, 1627, 1550
1705969758, 4, 222, 368, 0, 0, 635.55%, 53, 0, 0, 531.56, 168342, 35653, 605.47%, 1627, 1550
1705969760, 4, 225, 369, 0, 0, 635.55%, 53, 0, 0, 60.39, 168434, 35663, 605.47%, 1627, 1550
1705969760, 4, 230, 369, 0, 0, 635.55%, 53, 0, 0, 657.89, 168591, 35706, 605.47%, 1627, 1550
1705969766, 4, 232, 369, 0, 0, 635.55%, 54, 0, 0, 24.39, 168694, 35752, 605.47%, 1627, 1550
1705969767, 4, 235, 369, 0, 0, 635.55%, 54, 0, 0, 1306.67, 168950, 35888, 605.47%, 1627, 1550
1705969767, 4, 239, 369, 0, 0, 635.55%, 54, 0, 0, 1740.00, 169279, 36081, 605.47%, 1627, 1550
1705969767, 4, 240, 369, 0, 0, 635.55%, 54, 0, 0, 680.98, 169477, 36105, 605.47%, 1627, 1550
1705969768, 4, 240, 369, 0, 0, 635.55%, 54, 0, 0, 11.36, 169480, 36106, 605.47%, 1627, 1550
1705969768, 4, 240, 369, 0, 0, 635.55%, 54, 0, 0, 10.00, 169483, 36107, 605.47%, 1627, 1550
1705969769, 4, 240, 369, 0, 0, 635.55%, 54, 0, 0, 5.37, 169486, 36107, 605.47%, 1627, 1550
1705969769, 4, 240, 369, 0, 0, 635.55%, 54, 0, 0, 650.00, 169646, 36142, 605.47%, 1627, 1550
1705969769, 4, 243, 369, 0, 0, 635.55%, 54, 0, 0, 1220.00, 169942, 36212, 605.47%, 1627, 1550
1705969769, 4, 243, 369, 0, 0, 635.55%, 54, 0, 0, 856.67, 170161, 36250, 605.47%, 1627, 1550
1705969773, 4, 247, 369, 0, 0, 635.55%, 54, 0, 0, 109.65, 170522, 36306, 605.47%, 1627, 1550
1705969774, 4, 252, 369, 0, 0, 635.55%, 54, 0, 0, 1153.33, 170810, 36364, 605.47%, 1627, 1550
1705969774, 4, 252, 369, 0, 0, 635.55%, 54, 0, 0, 338.66, 170905, 36375, 605.47%, 1627, 1550
1705969774, 4, 252, 369, 0, 0, 635.55%, 54, 0, 0, 704.55, 171099, 36398, 605.47%, 1627, 1550
1705969775, 4, 252, 369, 0, 0, 635.55%, 54, 0, 0, 123.76, 171141, 36406, 605.47%, 1627, 1550
1705969775, 4, 254, 369, 0, 0, 635.55%, 54, 0, 0, 1886.67, 171643, 36470, 605.47%, 1627, 1550
1705969776, 4, 255, 369, 0, 0, 635.55%, 54, 0, 0, 831.31, 172082, 36578, 605.47%, 1627, 1550
1705969777, 4, 258, 370, 0, 0, 635.55%, 54, 0, 0, 61.74, 172155, 36581, 605.47%, 1627, 1550
1705969777, 4, 263, 370, 0, 0, 635.55%, 54, 0, 0, 840.00, 172376, 36612, 605.47%, 1627, 1550
1705969784, 4, 263, 370, 0, 0, 635.55%, 55, 0, 0, 30.48, 172562, 36635, 605.47%, 1627, 1550
1705969784, 4, 263, 370, 0, 0, 635.55%, 55, 0, 0, 990.00, 172826, 36668, 605.47%, 1627, 1550
1705969785, 4, 264, 370, 0, 0, 635.55%, 55, 0, 0, 147.27, 172899, 36676, 605.47%, 1627, 1550
1705969789, 4, 266, 370, 0, 0, 635.55%, 55, 0, 0, 9.21, 172933, 36679, 605.47%, 1627, 1550
1705969789, 4, 270, 370, 0, 0, 635.55%, 55, 0, 0, 490.00, 173068, 36691, 605.47%, 1627, 1550
1705969789, 4, 271, 370, 0, 0, 635.55%, 55, 0, 0, 48.86, 173082, 36692, 605.47%, 1627, 1550
1705969790, 4, 271, 370, 0, 0, 635.55%, 55, 0, 0, 34.38, 173102, 36694, 605.47%, 1627, 1550
1705969803, 4, 272, 371, 0, 0, 635.55%, 55, 0, 0, 18.53, 173229, 36804, 605.47%, 1627, 1550
1705969803, 4, 272, 371, 0, 0, 635.55%, 55, 0, 0, 3.16, 173231, 36804, 605.47%, 1627, 1550
1705969804, 4, 275, 371, 0, 0, 635.55%, 55, 0, 0, 976.74, 173421, 36908, 605.47%, 1627, 1550
1705969805, 4, 275, 371, 0, 0, 635.55%, 56, 0, 0, 10.19, 173434, 36909, 605.47%, 1627, 1550
1705969805, 4, 280, 371, 0, 0, 635.55%, 56, 0, 0, 636.67, 173609, 36925, 605.47%, 1627, 1550
1705969806, 4, 280, 371, 0, 0, 635.55%, 56, 0, 0, 123.70, 173685, 36932, 605.47%, 1627, 1550
1705969806, 4, 280, 371, 0, 0, 635.55%, 56, 0, 0, 640.00, 173857, 36952, 605.47%, 1627, 1550
1705969808, 4, 280, 371, 0, 0, 635.55%, 57, 0, 0, 27.21, 173907, 36959, 605.47%, 1627, 1550
1705969809, 4, 280, 371, 0, 0, 635.55%, 57, 0, 0, 97.38, 173991, 36968, 605.47%, 1627, 1550
1705969810, 4, 281, 371, 0, 0, 635.55%, 57, 0, 0, 843.33, 174212, 37000, 605.47%, 1627, 1550
1705969811, 4, 281, 371, 0, 0, 635.55%, 57, 0, 0, 36.31, 174258, 37011, 605.47%, 1627, 1550
1705969812, 4, 281, 371, 0, 0, 635.55%, 57, 0, 0, 1400.00, 174606, 37083, 605.47%, 1627, 1550
1705969812, 4, 287, 371, 0, 0, 635.55%, 57, 0, 0, 1583.33, 175022, 37142, 605.47%, 1627, 1550
1705969812, 4, 295, 371, 0, 0, 635.55%, 57, 0, 0, 693.33, 175209, 37163, 605.47%, 1627, 1550
1705969820, 4, 298, 372, 0, 0, 635.55%, 57, 0, 0, 12.23, 175291, 37177, 605.47%, 1627, 1550
1705969821, 4, 300, 372, 0, 0, 635.55%, 57, 0, 0, 67.45, 175363, 37185, 605.47%, 1627, 1550
1705969822, 4, 302, 372, 0, 0, 635.55%, 57, 0, 0, 106.94, 175466, 37196, 605.47%, 1627, 1550
1705969823, 4, 302, 372, 0, 0, 635.55%, 57, 0, 0, 465.12, 175588, 37214, 605.47%, 1627, 1550
1705969823, 4, 302, 372, 0, 0, 635.55%, 57, 0, 0, 540.00, 175733, 37231, 605.47%, 1627, 1550
1705969823, 4, 302, 372, 0, 0, 635.55%, 57, 0, 0, 470.39, 175859, 37248, 605.47%, 1627, 1550
1705969823, 4, 306, 372, 0, 0, 635.55%, 57, 0, 0, 650.00, 176034, 37268, 605.47%, 1627, 1550
1705969824, 4, 311, 372, 0, 0, 635.55%, 57, 0, 0, 526.32, 176167, 37295, 605.47%, 1627, 1550
1705969824, 4, 313, 372, 0, 0, 635.55%, 57, 0, 0, 245.85, 176236, 37300, 605.47%, 1627, 1550
1705969828, 4, 317, 372, 0, 0, 635.55%, 57, 0, 0, 29.64, 176328, 37311, 605.47%, 1627, 1550
1705969828, 4, 318, 372, 0, 0, 635.55%, 57, 0, 0, 1333.33, 176595, 37444, 605.47%, 1627, 1550
1705969828, 4, 319, 372, 0, 0, 635.55%, 57, 0, 0, 1303.33, 176937, 37493, 605.47%, 1627, 1550
1705969830, 4, 319, 372, 0, 0, 635.55%, 57, 0, 0, 18.93, 176962, 37495, 605.47%, 1627, 1550
1705969830, 4, 319, 372, 0, 0, 635.55%, 57, 0, 0, 6.00, 176966, 37495, 605.47%, 1627, 1550
1705969831, 4, 324, 372, 0, 0, 635.55%, 57, 0, 0, 1956.67, 177489, 37559, 605.47%, 1627, 1550
1705969831, 4, 324, 372, 0, 0, 635.55%, 57, 0, 0, 269.68, 177642, 37567, 605.47%, 1627, 1550
1705969832, 4, 324, 372, 0, 0, 635.55%, 57, 0, 0, 94.79, 177715, 37574, 605.47%, 1627, 1550
1705969833, 4, 324, 372, 0, 0, 635.55%, 57, 0, 0, 306.02, 177879, 37593, 605.47%, 1627, 1550
1705969833, 4, 324, 372, 0, 0, 635.55%, 57, 0, 0, 218.49, 177995, 37607, 605.47%, 1627, 1550
1705969835, 4, 325, 373, 0, 0, 635.55%, 57, 0, 0, 77.56, 178124, 37629, 605.47%, 1627, 1550
1705969838, 4, 325, 374, 0, 0, 635.94%, 57, 0, 0, 19.38, 178169, 37645, 605.47%, 1628, 1550
1705969840, 4, 325, 375, 0, 0, 635.94%, 57, 0, 0, 134.64, 178327, 37665, 605.47%, 1628, 1550
1705969840, 4, 325, 375, 0, 0, 635.94%, 57, 0, 0, 471.15, 178451, 37688, 605.47%, 1628, 1550
1705969840, 4, 325, 375, 0, 0, 635.94%, 57, 0, 0, 673.33, 178613, 37728, 605.47%, 1628, 1550
1705969841, 4, 331, 375, 0, 0, 635.94%, 57, 0, 0, 713.33, 178798, 37757, 605.47%, 1628, 1550
1705969841, 4, 336, 375, 0, 0, 635.94%, 57, 0, 0, 466.88, 178931, 37772, 605.47%, 1628, 1550
1705969843, 4, 337, 376, 0, 0, 635.94%, 57, 0, 0, 23.12, 178970, 37774, 605.47%, 1628, 1550
1705969843, 4, 337, 376, 0, 0, 635.94%, 57, 0, 0, 9.74, 178973, 37774, 605.47%, 1628, 1550
1705969844, 4, 339, 376, 0, 0, 635.94%, 57, 0, 0, 262.81, 179190, 37793, 605.47%, 1628, 1550
1705969844, 4, 339, 376, 0, 0, 635.94%, 57, 0, 0, 986.67, 179464, 37815, 605.47%, 1628, 1550
1705969844, 4, 342, 376, 0, 0, 635.94%, 57, 0, 0, 1953.33, 179989, 37876, 605.47%, 1628, 1550
1705969845, 4, 347, 376, 0, 0, 635.94%, 57, 0, 0, 1986.71, 180467, 37996, 605.47%, 1628, 1550
1705969845, 4, 350, 376, 0, 0, 635.94%, 58, 0, 0, 137.36, 180525, 38013, 605.47%, 1628, 1550
1705969846, 4, 350, 376, 0, 0, 635.94%, 58, 0, 0, 670.00, 180698, 38041, 605.47%, 1628, 1550
1705969846, 4, 350, 376, 0, 0, 635.94%, 58, 0, 0, 860.00, 180911, 38086, 605.47%, 1628, 1550
1705969846, 4, 352, 376, 0, 0, 635.94%, 58, 0, 0, 1406.67, 181275, 38144, 605.47%, 1628, 1550
1705969846, 4, 358, 376, 0, 0, 635.94%, 58, 0, 0, 1236.67, 181614, 38176, 605.47%, 1628, 1550
1705969847, 4, 362, 376, 0, 0, 635.94%, 58, 0, 0, 1870.86, 182041, 38314, 605.47%, 1628, 1550
1705969847, 4, 364, 376, 0, 0, 635.94%, 59, 0, 0, 113.90, 182084, 38321, 605.47%, 1628, 1550
1705969848, 4, 366, 376, 0, 0, 635.94%, 59, 0, 0, 514.95, 182222, 38338, 605.47%, 1628, 1550
1705969848, 4, 366, 376, 0, 0, 635.94%, 59, 0, 0, 610.00, 182373, 38370, 605.47%, 1628, 1550
1705969848, 4, 366, 376, 0, 0, 635.94%, 59, 0, 0, 586.09, 182517, 38403, 605.47%, 1628, 1550
1705969848, 4, 366, 376, 0, 0, 635.94%, 59, 0, 0, 415.28, 182626, 38419, 605.47%, 1628, 1550
1705969849, 4, 367, 376, 0, 0, 635.94%, 59, 0, 0, 793.33, 182832, 38451, 605.47%, 1628, 1550
1705969849, 4, 367, 376, 0, 0, 635.94%, 59, 0, 0, 453.67, 182962, 38463, 605.47%, 1628, 1550
1705969849, 4, 367, 376, 0, 0, 635.94%, 59, 0, 0, 596.67, 183129, 38475, 605.47%, 1628, 1550
1705969859, 4, 370, 377, 0, 0, 635.94%, 59, 0, 0, 23.53, 183341, 38491, 605.47%, 1628, 1550
1705969859, 4, 373, 377, 0, 0, 635.94%, 59, 0, 0, 766.67, 183503, 38559, 605.47%, 1628, 1550
1705969860, 4, 373, 377, 0, 0, 635.94%, 59, 0, 0, 124.72, 183573, 38601, 605.47%, 1628, 1550
1705969861, 4, 375, 377, 0, 0, 635.94%, 59, 0, 0, 746.67, 183729, 38669, 605.47%, 1628, 1550
1705969861, 5, 1, 377, 0, 0, 635.94%, 59, 0, 0, 1950.17, 184278, 38707, 605.47%, 1628, 1550
1705969861, 5, 4, 377, 0, 0, 635.94%, 59, 0, 0, 2553.33, 185004, 38747, 605.47%, 1628, 1550
1705969861, 5, 7, 377, 0, 0, 635.94%, 59, 0, 0, 3096.67, 185872, 38808, 605.47%, 1628, 1550
1705969862, 5, 11, 377, 0, 0, 635.94%, 59, 0, 0, 2762.38, 186627, 38890, 605.47%, 1628, 1550
1705969862, 5, 14, 377, 0, 0, 635.94%, 59, 0, 0, 1770.00, 187109, 38939, 605.47%, 1628, 1550
1705969862, 5, 14, 377, 0, 0, 635.94%, 59, 0, 0, 1426.67, 187496, 38980, 605.47%, 1628, 1550
1705969863, 5, 15, 377, 0, 0, 635.94%, 59, 0, 0, 1333.33, 187858, 39018, 605.47%, 1628, 1550
1705969863, 5, 20, 377, 0, 0, 635.94%, 59, 0, 0, 1453.33, 188254, 39058, 605.47%, 1628, 1550
1705969863, 5, 20, 377, 0, 0, 635.94%, 59, 0, 0, 856.23, 188501, 39079, 605.47%, 1628, 1550
1705969864, 5, 20, 377, 0, 0, 635.94%, 59, 0, 0, 1.96, 188502, 39079, 605.47%, 1628, 1550
1705969866, 5, 20, 377, 0, 0, 635.94%, 59, 0, 0, 27.69, 188556, 39085, 605.47%, 1628, 1550
1705969867, 5, 20, 377, 0, 0, 635.94%, 59, 0, 0, 1.27, 188557, 39085, 605.47%, 1628, 1550
1705969867, 5, 24, 377, 0, 0, 635.94%, 59, 0, 0, 1763.33, 188972, 39199, 605.47%, 1628, 1550
1705969867, 5, 24, 377, 0, 0, 635.94%, 59, 0, 0, 936.67, 189237, 39215, 605.47%, 1628, 1550
1705969868, 5, 24, 377, 0, 0, 635.94%, 59, 0, 0, 1029.90, 189523, 39239, 605.47%, 1628, 1550
1705969868, 5, 38, 377, 0, 0, 635.94%, 59, 0, 0, 3283.33, 190218, 39529, 605.47%, 1628, 1550
1705969868, 5, 39, 377, 0, 0, 635.94%, 59, 0, 0, 1380.00, 190562, 39599, 605.47%, 1628, 1550
1705969869, 5, 39, 377, 0, 0, 635.94%, 59, 0, 0, 973.33, 190842, 39611, 605.47%, 1628, 1550
1705969869, 5, 48, 377, 0, 0, 635.94%, 59, 0, 0, 2846.67, 191465, 39842, 605.47%, 1628, 1550
1705969869, 5, 54, 377, 0, 0, 635.94%, 59, 0, 0, 2056.67, 192021, 39903, 605.47%, 1628, 1550
1705969869, 5, 64, 377, 0, 0, 635.94%, 59, 0, 0, 2873.75, 192617, 40172, 605.47%, 1628, 1550
1705969870, 5, 64, 377, 0, 0, 635.94%, 59, 0, 0, 1020.00, 192887, 40208, 605.47%, 1628, 1550
1705969870, 5, 65, 377, 0, 0, 635.94%, 59, 0, 0, 1216.67, 193203, 40257, 605.47%, 1628, 1550
1705969870, 5, 65, 377, 0, 0, 635.94%, 59, 0, 0, 1406.67, 193568, 40314, 605.47%, 1628, 1550
1705969871, 5, 73, 377, 0, 0, 635.94%, 59, 0, 0, 2396.67, 194207, 40394, 605.47%, 1628, 1550
1705969871, 5, 82, 377, 0, 0, 635.94%, 59, 0, 0, 2163.33, 194711, 40539, 605.47%, 1628, 1550
1705969871, 5, 92, 377, 0, 0, 635.94%, 59, 0, 0, 2186.67, 195165, 40741, 605.47%, 1628, 1550
1705969876, 5, 92, 377, 0, 0, 635.94%, 60, 0, 0, 25.88, 195286, 40749, 605.47%, 1628, 1550
1705969877, 5, 92, 377, 0, 0, 635.94%, 60, 0, 0, 281.57, 195493, 40765, 605.47%, 1628, 1550
1705969877, 5, 92, 377, 0, 0, 635.94%, 60, 0, 0, 726.67, 195699, 40777, 605.47%, 1628, 1550
1705969878, 5, 95, 377, 0, 0, 635.94%, 60, 0, 0, 1634.55, 196061, 40907, 605.47%, 1628, 1550
1705969878, 5, 101, 377, 0, 0, 635.94%, 60, 0, 0, 2103.33, 196555, 41044, 605.47%, 1628, 1550
1705969878, 5, 112, 377, 0, 0, 635.94%, 60, 0, 0, 2520.00, 197144, 41211, 605.47%, 1628, 1550
1705969878, 5, 123, 377, 0, 0, 635.94%, 60, 0, 0, 2450.00, 197662, 41428, 605.47%, 1628, 1550
1705969879, 5, 123, 377, 0, 0, 635.94%, 60, 0, 0, 766.67, 197880, 41440, 605.47%, 1628, 1550
1705969879, 5, 123, 377, 0, 0, 635.94%, 60, 0, 0, 470.20, 198009, 41453, 605.47%, 1628, 1550
1705969879, 5, 123, 377, 0, 0, 635.94%, 60, 0, 0, 773.33, 198226, 41468, 605.47%, 1628, 1550
1705969880, 5, 130, 377, 0, 0, 635.94%, 60, 0, 0, 2226.67, 198793, 41569, 605.47%, 1628, 1550
1705969880, 5, 135, 377, 0, 0, 635.94%, 60, 0, 0, 2200.00, 199249, 41773, 605.47%, 1628, 1550
1705969880, 5, 136, 377, 0, 0, 635.94%, 60, 0, 0, 953.33, 199463, 41845, 605.47%, 1628, 1550
1705969881, 5, 136, 377, 0, 0, 635.94%, 60, 0, 0, 916.94, 199691, 41893, 605.47%, 1628, 1550
1705969881, 5, 138, 377, 0, 0, 635.94%, 60, 0, 0, 708.27, 200031, 41990, 605.47%, 1628, 1550
1705969883, 5, 138, 377, 0, 0, 635.94%, 60, 0, 0, 23.91, 200045, 42010, 605.47%, 1628, 1550
1705969883, 5, 140, 377, 0, 0, 635.94%, 60, 0, 0, 1463.33, 200299, 42195, 605.47%, 1628, 1550
1705969883, 5, 141, 377, 0, 0, 635.94%, 60, 0, 0, 698.72, 200566, 42255, 605.47%, 1628, 1550
1705969884, 5, 143, 377, 0, 0, 635.94%, 60, 0, 0, 1693.33, 200903, 42426, 605.47%, 1628, 1550
1705969884, 5, 143, 377, 0, 0, 635.94%, 60, 0, 0, 441.77, 201058, 42510, 605.47%, 1628, 1550
1705969885, 5, 152, 377, 0, 0, 635.94%, 60, 0, 0, 910.00, 201275, 42566, 605.47%, 1628, 1550
1705969885, 5, 152, 377, 0, 0, 635.94%, 60, 0, 0, 710.00, 201475, 42579, 605.47%, 1628, 1550
1705969886, 5, 152, 377, 0, 0, 635.94%, 60, 0, 0, 25.60, 201505, 42581, 605.47%, 1628, 1550
1705969886, 5, 152, 377, 0, 0, 635.94%, 60, 0, 0, 0.00, 201505, 42581, 605.47%, 1628, 1550
