# unix_time, cycles_done, cur_path, paths_total, pending_total, pending_favs, map_size, unique_crashes, unique_hangs, max_depth, execs_per_sec, valid_inputs, invalid_inputs, valid_cov, all_covered_probes, valid_covered_probes
1706880609, 0, 0, 0, 0, 0, 0.00%, 1, 0, 0, 0.29, 0, 1, 0.00%, 0, 0
1706880609, 0, 0, 1, 0, 0, 277.73%, 2, 0, 0, 9.09, 0, 4, 0.00%, 711, 0
1706880609, 0, 0, 10, 0, 0, 328.52%, 3, 0, 0, 91.19, 0, 33, 0.00%, 841, 0
1706880610, 0, 0, 12, 0, 0, 626.95%, 7, 0, 0, 106.38, 1, 67, 535.94%, 1605, 1372
1706880610, 0, 0, 27, 0, 0, 649.22%, 8, 0, 0, 242.52, 3, 138, 596.48%, 1662, 1527
1706880610, 0, 0, 29, 0, 0, 658.59%, 8, 0, 0, 216.39, 5, 202, 617.19%, 1686, 1580
1706880610, 0, 0, 33, 0, 0, 658.98%, 8, 0, 0, 205.98, 8, 261, 617.19%, 1687, 1580
1706880611, 0, 0, 44, 0, 0, 664.06%, 9, 0, 0, 166.11, 11, 308, 619.14%, 1700, 1585
1706880612, 0, 0, 48, 0, 0, 664.06%, 9, 0, 0, 63.07, 13, 354, 619.14%, 1700, 1585
1706880612, 0, 1, 50, 0, 0, 666.80%, 11, 0, 0, 133.33, 13, 398, 619.14%, 1707, 1585
1706880612, 0, 1, 52, 0, 0, 669.92%, 11, 0, 0, 253.16, 16, 475, 632.03%, 1715, 1618
1706880612, 0, 1, 58, 0, 0, 669.92%, 13, 0, 0, 196.01, 19, 531, 632.03%, 1715, 1618
1706880613, 0, 1, 61, 0, 0, 669.92%, 13, 0, 0, 127.91, 20, 574, 632.03%, 1715, 1618
1706880613, 0, 1, 62, 0, 0, 669.92%, 13, 0, 0, 139.75, 21, 618, 632.03%, 1715, 1618
1706880614, 0, 1, 62, 0, 0, 669.92%, 13, 0, 0, 36.83, 21, 631, 632.03%, 1715, 1618
1706880614, 0, 1, 66, 0, 0, 669.92%, 13, 0, 0, 243.33, 22, 703, 632.03%, 1715, 1618
1706880614, 0, 2, 72, 0, 0, 670.70%, 13, 0, 0, 220.00, 24, 767, 632.03%, 1717, 1618
1706880614, 0, 3, 76, 0, 0, 671.09%, 13, 0, 0, 219.27, 24, 833, 632.03%, 1718, 1618
1706880615, 0, 3, 79, 0, 0, 671.48%, 13, 0, 0, 80.69, 26, 859, 632.03%, 1719, 1618
1706880615, 0, 3, 82, 0, 0, 671.48%, 13, 0, 0, 184.38, 27, 917, 632.03%, 1719, 1618
1706880615, 0, 3, 84, 0, 0, 671.48%, 15, 0, 0, 193.33, 29, 973, 632.03%, 1719, 1618
1706880616, 0, 3, 88, 0, 0, 671.88%, 15, 0, 0, 260.00, 31, 1049, 633.59%, 1720, 1622
1706880616, 0, 3, 89, 0, 0, 671.88%, 16, 0, 0, 195.36, 32, 1107, 633.59%, 1720, 1622
1706880616, 0, 3, 91, 0, 0, 674.22%, 17, 0, 0, 135.50, 33, 1156, 633.59%, 1726, 1622
1706880617, 0, 4, 92, 0, 0, 674.22%, 17, 0, 0, 174.60, 34, 1210, 633.59%, 1726, 1622
1706880617, 0, 5, 93, 0, 0, 674.22%, 18, 0, 0, 303.33, 36, 1299, 633.59%, 1726, 1622
1706880617, 0, 5, 95, 0, 0, 675.78%, 18, 0, 0, 326.67, 40, 1393, 636.33%, 1730, 1629
1706880618, 0, 5, 95, 0, 0, 675.78%, 18, 0, 0, 26.89, 40, 1404, 636.33%, 1730, 1629
1706880618, 0, 5, 99, 0, 0, 675.78%, 18, 0, 0, 324.50, 41, 1501, 636.33%, 1730, 1629
1706880619, 0, 5, 99, 0, 0, 675.78%, 18, 0, 0, 50.96, 41, 1538, 636.33%, 1730, 1629
1706880619, 0, 5, 100, 0, 0, 675.78%, 18, 0, 0, 151.76, 43, 1592, 636.33%, 1730, 1629
1706880620, 0, 6, 101, 0, 0, 677.34%, 18, 0, 0, 75.59, 44, 1639, 636.33%, 1734, 1629
1706880620, 0, 6, 102, 0, 0, 677.73%, 20, 0, 0, 360.13, 45, 1750, 636.33%, 1735, 1629
1706880620, 0, 6, 102, 0, 0, 677.73%, 20, 0, 0, 12.56, 45, 1755, 636.33%, 1735, 1629
1706880621, 0, 6, 102, 0, 0, 677.73%, 20, 0, 0, 222.59, 47, 1820, 636.33%, 1735, 1629
1706880621, 0, 6, 103, 0, 0, 677.73%, 20, 0, 0, 225.49, 48, 1888, 636.33%, 1735, 1629
1706880621, 0, 6, 104, 0, 0, 677.73%, 20, 0, 0, 168.87, 51, 1936, 636.33%, 1735, 1629
1706880622, 0, 6, 108, 0, 0, 678.13%, 20, 0, 0, 193.15, 53, 1996, 636.33%, 1736, 1629
1706880622, 0, 6, 108, 0, 0, 678.13%, 20, 0, 0, 50.00, 55, 2009, 636.33%, 1736, 1629
1706880622, 0, 8, 110, 0, 0, 678.13%, 20, 0, 0, 461.79, 63, 2140, 636.33%, 1736, 1629
1706880623, 0, 8, 112, 0, 0, 678.13%, 20, 0, 0, 320.22, 69, 2248, 636.33%, 1736, 1629
1706880623, 0, 8, 114, 0, 0, 678.91%, 20, 0, 0, 410.00, 74, 2366, 636.33%, 1738, 1629
1706880623, 0, 8, 117, 0, 0, 680.47%, 21, 0, 0, 405.32, 79, 2483, 636.33%, 1742, 1629
1706880624, 0, 9, 117, 0, 0, 680.47%, 22, 0, 0, 406.67, 81, 2603, 636.33%, 1742, 1629
1706880624, 0, 9, 119, 0, 0, 680.47%, 22, 0, 0, 372.09, 83, 2713, 637.11%, 1742, 1631
1706880624, 0, 9, 123, 0, 0, 680.47%, 22, 0, 0, 325.58, 89, 2805, 637.11%, 1742, 1631
1706880624, 0, 9, 124, 0, 0, 680.47%, 22, 0, 0, 253.21, 91, 2882, 637.11%, 1742, 1631
1706880625, 0, 10, 127, 0, 0, 683.59%, 25, 0, 0, 170.80, 123, 2912, 637.11%, 1750, 1631
1706880625, 0, 10, 131, 0, 0, 683.59%, 25, 0, 0, 339.93, 185, 2953, 637.11%, 1750, 1631
1706880625, 0, 10, 136, 0, 0, 687.11%, 26, 0, 0, 320.00, 239, 2995, 637.50%, 1759, 1632
1706880626, 0, 10, 138, 0, 0, 687.11%, 27, 0, 0, 382.06, 314, 3035, 637.50%, 1759, 1632
1706880626, 0, 10, 140, 0, 0, 687.50%, 27, 0, 0, 240.74, 363, 3064, 637.50%, 1760, 1632
1706880626, 0, 10, 144, 0, 0, 687.50%, 28, 0, 0, 363.33, 432, 3104, 637.50%, 1760, 1632
1706880627, 0, 10, 146, 0, 0, 687.50%, 28, 0, 0, 270.00, 477, 3140, 637.50%, 1760, 1632
1706880627, 0, 10, 146, 0, 0, 687.50%, 28, 0, 0, 276.07, 533, 3174, 637.50%, 1760, 1632
1706880627, 0, 11, 146, 0, 0, 687.50%, 28, 0, 0, 404.91, 551, 3288, 637.50%, 1760, 1632
1706880628, 0, 11, 147, 0, 0, 687.50%, 28, 0, 0, 348.84, 558, 3386, 637.89%, 1760, 1633
1706880628, 0, 11, 148, 0, 0, 687.50%, 28, 0, 0, 453.33, 561, 3519, 637.89%, 1760, 1633
1706880628, 0, 12, 149, 0, 0, 687.50%, 29, 0, 0, 356.67, 565, 3622, 637.89%, 1760, 1633
1706880628, 0, 12, 150, 0, 0, 687.50%, 29, 0, 0, 406.67, 570, 3739, 637.89%, 1760, 1633
1706880629, 0, 12, 150, 0, 0, 687.50%, 30, 0, 0, 429.91, 574, 3873, 637.89%, 1760, 1633
1706880629, 0, 13, 152, 0, 0, 688.28%, 30, 0, 0, 440.79, 575, 4006, 637.89%, 1762, 1633
1706880629, 0, 13, 157, 0, 0, 689.06%, 30, 0, 0, 413.33, 582, 4123, 637.89%, 1764, 1633
1706880630, 0, 13, 159, 0, 0, 689.06%, 30, 0, 0, 490.00, 589, 4263, 637.89%, 1764, 1633
1706880630, 0, 13, 161, 0, 0, 689.45%, 30, 0, 0, 332.23, 590, 4362, 637.89%, 1765, 1633
1706880630, 0, 15, 162, 0, 0, 689.45%, 30, 0, 0, 377.48, 590, 4476, 637.89%, 1765, 1633
1706880631, 0, 15, 166, 0, 0, 691.80%, 31, 0, 0, 526.67, 591, 4633, 637.89%, 1771, 1633
1706880631, 0, 16, 167, 0, 0, 691.80%, 31, 0, 0, 461.79, 623, 4740, 637.89%, 1771, 1633
1706880631, 0, 16, 168, 0, 0, 691.80%, 32, 0, 0, 348.68, 690, 4779, 637.89%, 1771, 1633
1706880632, 0, 16, 171, 0, 0, 692.58%, 34, 0, 0, 317.61, 751, 4819, 637.89%, 1773, 1633
1706880632, 0, 16, 175, 0, 0, 693.75%, 35, 0, 0, 308.20, 812, 4852, 639.06%, 1776, 1636
1706880632, 0, 16, 179, 0, 0, 693.75%, 35, 0, 0, 516.67, 901, 4918, 639.45%, 1776, 1637
1706880632, 0, 16, 179, 0, 0, 693.75%, 35, 0, 0, 398.71, 976, 4967, 639.45%, 1776, 1637
1706880633, 0, 16, 180, 0, 0, 693.75%, 35, 0, 0, 141.45, 1003, 4983, 639.45%, 1776, 1637
1706880633, 0, 16, 182, 0, 0, 693.75%, 35, 0, 0, 54.18, 1017, 4993, 639.45%, 1776, 1637
1706880633, 0, 16, 183, 0, 0, 693.75%, 38, 0, 0, 443.37, 1103, 5044, 639.45%, 1776, 1637
1706880634, 0, 20, 184, 0, 0, 694.92%, 38, 0, 0, 579.62, 1112, 5217, 639.45%, 1779, 1637
1706880634, 0, 20, 186, 0, 0, 695.31%, 38, 0, 0, 646.67, 1120, 5403, 639.45%, 1780, 1637
1706880634, 0, 20, 187, 0, 0, 695.31%, 38, 0, 0, 277.42, 1121, 5488, 639.45%, 1780, 1637
1706880635, 0, 21, 187, 0, 0, 695.31%, 39, 0, 0, 398.09, 1123, 5611, 639.45%, 1780, 1637
1706880635, 0, 21, 187, 0, 0, 695.31%, 40, 0, 0, 535.09, 1130, 5787, 639.45%, 1780, 1637
1706880636, 0, 24, 188, 0, 0, 695.31%, 40, 0, 0, 369.17, 1131, 5968, 639.45%, 1780, 1637
1706880636, 0, 27, 194, 0, 0, 695.70%, 41, 0, 0, 383.39, 1184, 6035, 641.41%, 1781, 1642
1706880636, 0, 27, 196, 0, 0, 696.88%, 42, 0, 0, 317.15, 1226, 6091, 642.58%, 1784, 1645
1706880637, 0, 27, 198, 0, 0, 696.88%, 44, 0, 0, 134.67, 1239, 6125, 642.58%, 1784, 1645
1706880637, 0, 27, 207, 0, 0, 696.88%, 45, 0, 0, 380.00, 1296, 6182, 643.36%, 1784, 1647
1706880637, 0, 27, 209, 0, 0, 696.88%, 45, 0, 0, 331.13, 1349, 6229, 643.36%, 1784, 1647
1706880637, 0, 27, 210, 0, 0, 697.27%, 45, 0, 0, 243.33, 1389, 6262, 643.36%, 1785, 1647
1706880638, 0, 27, 210, 0, 0, 697.27%, 45, 0, 0, 530.00, 1458, 6352, 643.36%, 1785, 1647
1706880638, 0, 27, 214, 0, 0, 697.66%, 46, 0, 0, 411.96, 1521, 6413, 643.75%, 1786, 1648
1706880638, 0, 30, 214, 0, 0, 697.66%, 47, 0, 0, 594.68, 1586, 6527, 643.75%, 1786, 1648
1706880639, 0, 30, 216, 0, 0, 700.00%, 47, 0, 0, 727.55, 1589, 6759, 643.75%, 1792, 1648
1706880639, 0, 30, 217, 0, 0, 700.00%, 47, 0, 0, 440.00, 1593, 6887, 643.75%, 1792, 1648
1706880639, 0, 33, 218, 0, 0, 700.00%, 47, 0, 0, 733.33, 1620, 7080, 643.75%, 1792, 1648
1706880640, 0, 33, 219, 0, 0, 700.00%, 47, 0, 0, 820.00, 1628, 7318, 643.75%, 1792, 1648
1706880640, 0, 35, 221, 0, 0, 700.00%, 47, 0, 0, 587.69, 1634, 7503, 643.75%, 1792, 1648
1706880640, 0, 35, 223, 0, 0, 700.39%, 47, 0, 0, 571.43, 1639, 7670, 643.75%, 1793, 1648
1706880640, 0, 36, 223, 0, 0, 700.39%, 47, 0, 0, 400.00, 1642, 7787, 643.75%, 1793, 1648
1706880641, 0, 37, 223, 0, 0, 700.39%, 47, 0, 0, 409.24, 1644, 7909, 643.75%, 1793, 1648
1706880641, 0, 37, 224, 0, 0, 700.39%, 48, 0, 0, 383.33, 1647, 8021, 643.75%, 1793, 1648
1706880641, 0, 37, 225, 0, 0, 700.78%, 48, 0, 0, 409.68, 1650, 8145, 643.75%, 1794, 1648
1706880642, 0, 40, 226, 0, 0, 700.78%, 48, 0, 0, 351.10, 1667, 8240, 643.75%, 1794, 1648
1706880642, 0, 40, 226, 0, 0, 700.78%, 48, 0, 0, 510.00, 1669, 8391, 643.75%, 1794, 1648
1706880642, 0, 40, 227, 0, 0, 701.17%, 48, 0, 0, 568.11, 1674, 8557, 643.75%, 1795, 1648
1706880643, 0, 40, 227, 0, 0, 701.17%, 48, 0, 0, 286.67, 1675, 8642, 643.75%, 1795, 1648
1706880643, 0, 41, 249, 0, 0, 703.52%, 50, 0, 0, 1122.70, 1971, 8712, 646.09%, 1801, 1654
1706880643, 0, 43, 252, 0, 0, 703.52%, 50, 0, 0, 654.49, 2038, 8842, 646.09%, 1801, 1654
1706880644, 0, 43, 252, 0, 0, 703.52%, 50, 0, 0, 580.00, 2040, 9014, 646.09%, 1801, 1654
1706880644, 0, 48, 254, 0, 0, 703.52%, 50, 0, 0, 555.56, 2094, 9135, 646.09%, 1801, 1654
1706880644, 0, 48, 255, 0, 0, 703.52%, 50, 0, 0, 550.00, 2100, 9294, 646.09%, 1801, 1654
1706880645, 0, 49, 257, 0, 0, 703.52%, 51, 0, 0, 72.49, 2101, 9332, 646.09%, 1801, 1654
1706880645, 0, 49, 263, 0, 0, 703.52%, 59, 0, 0, 637.87, 2108, 9517, 646.09%, 1801, 1654
1706880645, 0, 49, 263, 0, 0, 703.52%, 62, 0, 0, 506.67, 2111, 9666, 646.09%, 1801, 1654
1706880646, 0, 50, 267, 0, 0, 703.91%, 62, 0, 0, 584.13, 2209, 9752, 646.09%, 1802, 1654
1706880646, 0, 51, 268, 0, 0, 703.91%, 62, 0, 0, 886.67, 2366, 9861, 646.48%, 1802, 1655
1706880646, 0, 51, 268, 0, 0, 703.91%, 62, 0, 0, 826.67, 2479, 9996, 646.48%, 1802, 1655
1706880647, 0, 51, 268, 0, 0, 703.91%, 62, 0, 0, 870.43, 2603, 10134, 646.48%, 1802, 1655
1706880647, 0, 60, 269, 0, 0, 703.91%, 63, 0, 0, 793.33, 2673, 10302, 646.48%, 1802, 1655
1706880647, 0, 66, 271, 0, 0, 703.91%, 63, 0, 0, 983.33, 2759, 10511, 646.48%, 1802, 1655
1706880647, 0, 68, 272, 0, 0, 703.91%, 63, 0, 0, 940.00, 2835, 10717, 646.48%, 1802, 1655
1706880648, 0, 68, 272, 0, 0, 703.91%, 63, 0, 0, 860.00, 2839, 10971, 646.48%, 1802, 1655
1706880648, 0, 75, 273, 0, 0, 703.91%, 63, 0, 0, 906.67, 2851, 11231, 646.48%, 1802, 1655
1706880648, 0, 75, 274, 0, 0, 703.91%, 64, 0, 0, 787.38, 2863, 11456, 646.48%, 1802, 1655
1706880649, 0, 78, 274, 0, 0, 703.91%, 64, 0, 0, 900.00, 2888, 11701, 646.48%, 1802, 1655
1706880649, 0, 78, 275, 0, 0, 703.91%, 64, 0, 0, 886.08, 2898, 11971, 646.48%, 1802, 1655
1706880649, 0, 84, 275, 0, 0, 703.91%, 64, 0, 0, 810.63, 2987, 12126, 646.48%, 1802, 1655
1706880650, 0, 84, 276, 0, 0, 703.91%, 64, 0, 0, 691.03, 3089, 12232, 646.48%, 1802, 1655
1706880650, 0, 84, 278, 0, 0, 704.69%, 64, 0, 0, 540.00, 3161, 12322, 646.48%, 1804, 1655
1706880650, 0, 84, 279, 0, 0, 704.69%, 66, 0, 0, 415.63, 3216, 12400, 646.48%, 1804, 1655
1706880651, 0, 84, 281, 0, 0, 704.69%, 66, 0, 0, 334.02, 3299, 12478, 646.48%, 1804, 1655
1706880651, 0, 85, 282, 0, 0, 704.69%, 67, 0, 0, 436.67, 3349, 12559, 646.48%, 1804, 1655
1706880651, 0, 89, 282, 0, 0, 704.69%, 67, 0, 0, 1243.33, 3379, 12902, 646.48%, 1804, 1655
1706880652, 0, 90, 282, 0, 0, 704.69%, 68, 0, 0, 464.81, 3385, 13147, 646.48%, 1804, 1655
1706880652, 0, 90, 283, 0, 0, 704.69%, 68, 0, 0, 262.30, 3391, 13221, 646.48%, 1804, 1655
1706880652, 0, 94, 284, 0, 0, 704.69%, 68, 0, 0, 810.63, 3463, 13393, 646.48%, 1804, 1655
1706880653, 0, 94, 285, 0, 0, 704.69%, 70, 0, 0, 538.21, 3537, 13481, 647.66%, 1804, 1658
1706880653, 0, 94, 285, 0, 0, 704.69%, 72, 0, 0, 586.67, 3614, 13580, 647.66%, 1804, 1658
1706880653, 0, 94, 285, 0, 0, 704.69%, 73, 0, 0, 593.33, 3713, 13659, 647.66%, 1804, 1658
1706880654, 0, 94, 287, 0, 0, 704.69%, 73, 0, 0, 544.85, 3789, 13747, 647.66%, 1804, 1658
1706880654, 0, 96, 287, 0, 0, 704.69%, 75, 0, 0, 646.67, 3869, 13861, 647.66%, 1804, 1658
1706880654, 0, 100, 288, 0, 0, 705.08%, 76, 0, 0, 856.67, 3890, 14097, 647.66%, 1805, 1658
1706880654, 0, 101, 288, 0, 0, 705.08%, 76, 0, 0, 920.00, 3899, 14364, 647.66%, 1805, 1658
1706880655, 0, 101, 288, 0, 0, 705.08%, 76, 0, 0, 1006.67, 3910, 14655, 647.66%, 1805, 1658
1706880655, 0, 106, 288, 0, 0, 705.08%, 76, 0, 0, 940.00, 3977, 14870, 647.66%, 1805, 1658
1706880655, 0, 106, 288, 0, 0, 705.08%, 76, 0, 0, 953.33, 3982, 15151, 647.66%, 1805, 1658
1706880656, 0, 112, 290, 0, 0, 705.08%, 76, 0, 0, 803.33, 4058, 15316, 647.66%, 1805, 1658
1706880656, 0, 112, 293, 0, 0, 705.08%, 76, 0, 0, 682.12, 4068, 15512, 649.61%, 1805, 1663
1706880656, 0, 113, 294, 0, 0, 705.08%, 77, 0, 0, 673.20, 4086, 15700, 649.61%, 1805, 1663
1706880657, 0, 114, 295, 0, 0, 705.08%, 77, 0, 0, 767.44, 4101, 15916, 649.61%, 1805, 1663
1706880657, 0, 116, 298, 0, 0, 705.08%, 77, 0, 0, 753.33, 4103, 16140, 649.61%, 1805, 1663
1706880657, 0, 117, 298, 0, 0, 705.08%, 77, 0, 0, 833.33, 4162, 16331, 649.61%, 1805, 1663
1706880657, 0, 117, 299, 0, 0, 705.08%, 77, 0, 0, 817.28, 4228, 16511, 650.00%, 1805, 1664
1706880658, 0, 117, 299, 0, 0, 705.08%, 77, 0, 0, 840.00, 4292, 16699, 650.00%, 1805, 1664
1706880658, 0, 121, 299, 0, 0, 705.08%, 77, 0, 0, 746.67, 4366, 16849, 650.00%, 1805, 1664
1706880658, 0, 125, 302, 0, 0, 706.25%, 78, 0, 0, 900.33, 4495, 16991, 650.00%, 1808, 1664
1706880659, 0, 129, 303, 0, 0, 706.25%, 78, 0, 0, 796.67, 4624, 17101, 653.13%, 1808, 1672
1706880659, 0, 131, 303, 0, 0, 706.25%, 78, 0, 0, 1233.33, 4687, 17408, 653.13%, 1808, 1672
1706880659, 0, 135, 304, 0, 0, 706.64%, 78, 0, 0, 830.00, 4779, 17565, 653.52%, 1809, 1673
1706880660, 0, 135, 304, 0, 0, 706.64%, 78, 0, 0, 1006.67, 4935, 17711, 653.52%, 1809, 1673
1706880660, 0, 135, 304, 0, 0, 706.64%, 79, 0, 0, 1040.00, 5110, 17848, 653.52%, 1809, 1673
1706880660, 0, 138, 304, 0, 0, 706.64%, 81, 0, 0, 1003.33, 5240, 18019, 653.52%, 1809, 1673
1706880660, 0, 140, 305, 0, 0, 706.64%, 81, 0, 0, 953.33, 5349, 18196, 653.52%, 1809, 1673
1706880661, 0, 146, 306, 0, 0, 706.64%, 81, 0, 0, 790.00, 5480, 18302, 654.30%, 1809, 1675
1706880661, 0, 146, 307, 0, 0, 706.64%, 81, 0, 0, 983.33, 5645, 18432, 654.30%, 1809, 1675
1706880661, 0, 146, 308, 0, 0, 706.64%, 81, 0, 0, 1013.33, 5814, 18567, 654.69%, 1809, 1676
1706880662, 0, 151, 308, 0, 0, 706.64%, 81, 0, 0, 976.67, 5869, 18805, 654.69%, 1809, 1676
1706880662, 0, 151, 308, 0, 0, 706.64%, 81, 0, 0, 706.67, 5871, 19015, 654.69%, 1809, 1676
1706880662, 0, 153, 308, 0, 0, 706.64%, 81, 0, 0, 956.67, 5878, 19295, 654.69%, 1809, 1676
1706880663, 0, 155, 308, 0, 0, 706.64%, 81, 0, 0, 1013.29, 5884, 19594, 654.69%, 1809, 1676
1706880663, 0, 155, 308, 0, 0, 706.64%, 81, 0, 0, 760.00, 5890, 19816, 654.69%, 1809, 1676
1706880663, 0, 159, 308, 0, 0, 706.64%, 81, 0, 0, 973.33, 5939, 20059, 654.69%, 1809, 1676
1706880663, 0, 161, 308, 0, 0, 706.64%, 81, 0, 0, 836.67, 5972, 20277, 654.69%, 1809, 1676
1706880664, 0, 162, 308, 0, 0, 706.64%, 81, 0, 0, 946.67, 5984, 20549, 654.69%, 1809, 1676
1706880664, 0, 164, 309, 0, 0, 708.20%, 81, 0, 0, 906.67, 5988, 20817, 654.69%, 1813, 1676
1706880664, 0, 166, 309, 0, 0, 708.20%, 82, 0, 0, 893.69, 6016, 21058, 654.69%, 1813, 1676
1706880665, 0, 169, 309, 0, 0, 708.20%, 82, 0, 0, 846.67, 6080, 21248, 654.69%, 1813, 1676
1706880665, 0, 170, 309, 0, 0, 708.20%, 82, 0, 0, 893.33, 6121, 21475, 654.69%, 1813, 1676
1706880665, 0, 170, 310, 0, 0, 708.20%, 82, 0, 0, 754.15, 6203, 21620, 654.69%, 1813, 1676
1706880666, 0, 171, 312, 0, 0, 708.20%, 83, 0, 0, 796.67, 6298, 21764, 654.69%, 1813, 1676
1706880666, 0, 171, 312, 0, 0, 708.20%, 83, 0, 0, 573.33, 6378, 21856, 654.69%, 1813, 1676
1706880666, 0, 171, 312, 0, 0, 708.20%, 83, 0, 0, 664.45, 6464, 21970, 654.69%, 1813, 1676
1706880666, 0, 171, 313, 0, 0, 708.20%, 83, 0, 0, 594.68, 6570, 22043, 654.69%, 1813, 1676
1706880667, 0, 173, 313, 0, 0, 708.20%, 83, 0, 0, 596.67, 6643, 22149, 654.69%, 1813, 1676
1706880667, 0, 176, 314, 0, 0, 708.20%, 85, 0, 0, 743.33, 6751, 22264, 654.69%, 1813, 1676
1706880667, 0, 176, 314, 0, 0, 708.20%, 85, 0, 0, 720.93, 6871, 22361, 654.69%, 1813, 1676
1706880668, 0, 176, 314, 0, 0, 708.20%, 85, 0, 0, 580.00, 6971, 22435, 654.69%, 1813, 1676
1706880668, 0, 176, 314, 0, 0, 708.20%, 85, 0, 0, 693.33, 7093, 22521, 654.69%, 1813, 1676
1706880668, 0, 180, 318, 0, 0, 708.20%, 86, 0, 0, 703.33, 7210, 22615, 654.69%, 1813, 1676
1706880669, 0, 183, 318, 0, 0, 708.20%, 87, 0, 0, 783.33, 7255, 22805, 654.69%, 1813, 1676
1706880669, 0, 183, 318, 0, 0, 708.20%, 87, 0, 0, 790.70, 7258, 23040, 654.69%, 1813, 1676
1706880669, 0, 185, 318, 0, 0, 708.20%, 87, 0, 0, 1010.00, 7269, 23332, 654.69%, 1813, 1676
1706880669, 0, 188, 320, 0, 0, 708.20%, 87, 0, 0, 1403.33, 7523, 23499, 655.08%, 1813, 1677
1706880670, 0, 189, 321, 0, 0, 708.20%, 88, 0, 0, 640.00, 7624, 23590, 655.08%, 1813, 1677
1706880670, 0, 189, 321, 0, 0, 708.20%, 88, 0, 0, 513.33, 7711, 23657, 655.08%, 1813, 1677
1706880670, 0, 189, 323, 0, 0, 708.20%, 88, 0, 0, 550.00, 7794, 23739, 655.08%, 1813, 1677
1706880671, 0, 189, 324, 0, 0, 708.20%, 88, 0, 0, 446.67, 7861, 23806, 655.08%, 1813, 1677
1706880671, 0, 189, 324, 0, 0, 708.20%, 88, 0, 0, 460.00, 7920, 23885, 655.08%, 1813, 1677
1706880671, 0, 191, 325, 0, 0, 708.20%, 88, 0, 0, 476.67, 7984, 23964, 655.08%, 1813, 1677
1706880672, 0, 194, 325, 0, 0, 708.20%, 89, 0, 0, 573.77, 8067, 24056, 655.08%, 1813, 1677
1706880672, 0, 194, 326, 0, 0, 708.20%, 89, 0, 0, 616.67, 8148, 24160, 655.08%, 1813, 1677
1706880672, 0, 194, 326, 0, 0, 708.20%, 89, 0, 0, 323.33, 8191, 24214, 655.08%, 1813, 1677
1706880673, 0, 194, 326, 0, 0, 708.20%, 89, 0, 0, 550.00, 8279, 24291, 655.08%, 1813, 1677
1706880673, 0, 194, 326, 0, 0, 708.20%, 90, 0, 0, 650.00, 8364, 24401, 655.08%, 1813, 1677
1706880673, 0, 196, 326, 0, 0, 708.20%, 91, 0, 0, 640.00, 8449, 24508, 655.08%, 1813, 1677
1706880673, 0, 202, 326, 0, 0, 708.20%, 92, 0, 0, 571.43, 8527, 24602, 655.08%, 1813, 1677
1706880674, 0, 204, 326, 0, 0, 708.20%, 94, 0, 0, 445.18, 8587, 24676, 655.08%, 1813, 1677
1706880674, 0, 204, 326, 0, 0, 708.20%, 96, 0, 0, 706.67, 8662, 24813, 655.08%, 1813, 1677
1706880674, 0, 204, 326, 0, 0, 708.20%, 97, 0, 0, 690.00, 8736, 24946, 655.08%, 1813, 1677
1706880675, 0, 204, 326, 0, 0, 708.20%, 98, 0, 0, 740.00, 8818, 25086, 655.08%, 1813, 1677
1706880675, 0, 206, 326, 0, 0, 708.20%, 98, 0, 0, 724.25, 8906, 25216, 655.08%, 1813, 1677
1706880675, 0, 206, 327, 0, 0, 708.20%, 98, 0, 0, 690.00, 8990, 25339, 655.08%, 1813, 1677
1706880676, 0, 206, 328, 0, 0, 708.20%, 98, 0, 0, 693.33, 9063, 25474, 655.08%, 1813, 1677
1706880676, 0, 206, 328, 0, 0, 708.20%, 98, 0, 0, 594.68, 9144, 25572, 655.08%, 1813, 1677
1706880676, 0, 206, 328, 0, 0, 708.20%, 98, 0, 0, 590.00, 9202, 25691, 655.08%, 1813, 1677
1706880676, 0, 209, 328, 0, 0, 708.20%, 99, 0, 0, 600.00, 9274, 25799, 655.08%, 1813, 1677
1706880677, 0, 209, 328, 0, 0, 708.20%, 100, 0, 0, 933.33, 9285, 26068, 655.08%, 1813, 1677
1706880677, 0, 212, 329, 0, 0, 708.20%, 100, 0, 0, 670.00, 9339, 26215, 655.08%, 1813, 1677
1706880677, 0, 212, 329, 0, 0, 708.20%, 100, 0, 0, 643.33, 9433, 26314, 655.08%, 1813, 1677
1706880678, 0, 212, 329, 0, 0, 708.20%, 100, 0, 0, 660.00, 9522, 26423, 655.08%, 1813, 1677
1706880678, 0, 212, 329, 0, 0, 708.20%, 100, 0, 0, 663.33, 9614, 26530, 655.08%, 1813, 1677
1706880678, 0, 212, 329, 0, 0, 708.20%, 100, 0, 0, 680.00, 9699, 26649, 655.08%, 1813, 1677
1706880679, 0, 214, 329, 0, 0, 708.20%, 100, 0, 0, 863.33, 9744, 26863, 655.08%, 1813, 1677
1706880679, 0, 215, 329, 0, 0, 708.20%, 100, 0, 0, 863.33, 9752, 27114, 655.08%, 1813, 1677
1706880679, 0, 215, 329, 0, 0, 708.20%, 100, 0, 0, 703.33, 9753, 27324, 655.08%, 1813, 1677
1706880679, 0, 222, 329, 0, 0, 708.20%, 100, 0, 0, 1063.33, 9782, 27614, 655.08%, 1813, 1677
1706880680, 0, 222, 329, 0, 0, 708.20%, 101, 0, 0, 936.67, 9788, 27889, 655.08%, 1813, 1677
1706880680, 0, 224, 329, 0, 0, 708.20%, 101, 0, 0, 960.00, 9796, 28169, 655.08%, 1813, 1677
1706880680, 0, 226, 331, 0, 0, 708.20%, 101, 0, 0, 866.67, 9809, 28416, 655.08%, 1813, 1677
1706880681, 0, 227, 333, 0, 0, 708.20%, 101, 0, 0, 1333.33, 9978, 28647, 655.08%, 1813, 1677
1706880681, 0, 241, 338, 0, 0, 708.20%, 101, 0, 0, 1836.67, 10329, 28847, 655.08%, 1813, 1677
1706880681, 0, 243, 340, 0, 0, 708.20%, 103, 0, 0, 1500.00, 10696, 28930, 655.47%, 1813, 1678
1706880682, 0, 257, 342, 0, 0, 708.20%, 105, 0, 0, 1500.00, 10976, 29100, 657.42%, 1813, 1683
1706880682, 0, 263, 343, 0, 0, 708.20%, 111, 0, 0, 860.00, 11041, 29293, 657.42%, 1813, 1683
1706880682, 0, 267, 344, 0, 0, 708.20%, 113, 0, 0, 1343.33, 11126, 29611, 657.42%, 1813, 1683
1706880682, 0, 273, 346, 0, 0, 708.59%, 114, 0, 0, 1503.33, 11434, 29754, 657.42%, 1814, 1683
1706880683, 0, 277, 346, 0, 0, 708.59%, 115, 0, 0, 746.67, 11485, 29927, 657.42%, 1814, 1683
1706880683, 0, 277, 346, 0, 0, 708.59%, 115, 0, 0, 800.66, 11496, 30157, 657.42%, 1814, 1683
1706880683, 0, 281, 346, 0, 0, 708.59%, 116, 0, 0, 634.55, 11537, 30307, 657.42%, 1814, 1683
1706880684, 0, 284, 346, 0, 0, 708.59%, 116, 0, 0, 661.13, 11642, 30401, 657.42%, 1814, 1683
1706880684, 0, 284, 346, 0, 0, 708.59%, 116, 0, 0, 493.33, 11717, 30474, 657.42%, 1814, 1683
1706880684, 0, 284, 346, 0, 0, 708.59%, 116, 0, 0, 531.56, 11789, 30562, 657.42%, 1814, 1683
1706880685, 0, 284, 347, 0, 0, 708.59%, 116, 0, 0, 514.95, 11870, 30636, 657.42%, 1814, 1683
1706880685, 0, 284, 347, 0, 0, 708.59%, 116, 0, 0, 599.34, 11955, 30732, 657.42%, 1814, 1683
1706880685, 0, 286, 348, 0, 0, 708.59%, 116, 0, 0, 598.01, 12042, 30825, 657.42%, 1814, 1683
1706880685, 0, 287, 348, 0, 0, 708.59%, 116, 0, 0, 906.67, 12048, 31091, 657.42%, 1814, 1683
1706880686, 0, 289, 349, 0, 0, 708.59%, 116, 0, 0, 790.00, 12084, 31292, 657.42%, 1814, 1683
1706880686, 0, 291, 351, 0, 0, 708.59%, 117, 0, 0, 530.00, 12145, 31390, 657.81%, 1814, 1684
1706880686, 0, 291, 355, 0, 0, 708.59%, 117, 0, 0, 613.33, 12221, 31498, 659.38%, 1814, 1688
1706880687, 0, 291, 355, 0, 0, 708.59%, 117, 0, 0, 544.85, 12293, 31590, 659.38%, 1814, 1688
1706880687, 0, 291, 355, 0, 0, 708.59%, 117, 0, 0, 600.00, 12362, 31701, 659.38%, 1814, 1688
1706880687, 0, 291, 355, 0, 0, 708.59%, 117, 0, 0, 646.67, 12442, 31815, 659.38%, 1814, 1688
1706880688, 0, 298, 356, 0, 0, 708.59%, 117, 0, 0, 860.00, 12512, 32003, 659.38%, 1814, 1688
1706880688, 0, 298, 356, 0, 0, 708.59%, 117, 0, 0, 963.33, 12652, 32152, 659.38%, 1814, 1688
1706880688, 0, 298, 356, 0, 0, 708.59%, 117, 0, 0, 1000.00, 12800, 32304, 659.38%, 1814, 1688
1706880688, 0, 300, 357, 0, 0, 708.59%, 117, 0, 0, 686.67, 12899, 32411, 661.72%, 1814, 1694
1706880689, 0, 301, 357, 0, 0, 708.59%, 117, 0, 0, 1006.67, 12995, 32617, 661.72%, 1814, 1694
1706880689, 0, 302, 357, 0, 0, 708.59%, 117, 0, 0, 956.67, 13131, 32768, 661.72%, 1814, 1694
1706880689, 0, 302, 357, 0, 0, 708.59%, 117, 0, 0, 950.00, 13298, 32886, 661.72%, 1814, 1694
1706880690, 0, 302, 357, 0, 0, 708.59%, 117, 0, 0, 880.00, 13453, 32995, 661.72%, 1814, 1694
1706880690, 0, 305, 357, 0, 0, 708.59%, 117, 0, 0, 1450.00, 13785, 33098, 661.72%, 1814, 1694
1706880690, 0, 305, 357, 0, 0, 708.59%, 117, 0, 0, 740.00, 13919, 33186, 661.72%, 1814, 1694
1706880691, 0, 305, 357, 0, 0, 708.59%, 117, 0, 0, 700.00, 14051, 33264, 661.72%, 1814, 1694
1706880691, 0, 305, 357, 0, 0, 708.59%, 117, 0, 0, 773.33, 14189, 33358, 661.72%, 1814, 1694
1706880691, 0, 307, 357, 0, 0, 708.59%, 117, 0, 0, 886.67, 14345, 33468, 661.72%, 1814, 1694
1706880691, 0, 307, 357, 0, 0, 708.59%, 117, 0, 0, 943.89, 14523, 33576, 661.72%, 1814, 1694
1706880692, 0, 307, 357, 0, 0, 708.59%, 117, 0, 0, 910.00, 14669, 33703, 661.72%, 1814, 1694
1706880692, 0, 308, 357, 0, 0, 708.59%, 117, 0, 0, 897.44, 14746, 33906, 661.72%, 1814, 1694
1706880692, 0, 308, 357, 0, 0, 708.59%, 117, 0, 0, 750.00, 14753, 34124, 661.72%, 1814, 1694
1706880693, 0, 314, 357, 0, 0, 708.59%, 117, 0, 0, 713.33, 14815, 34276, 661.72%, 1814, 1694
1706880693, 0, 318, 359, 0, 0, 708.59%, 117, 0, 0, 533.33, 14895, 34356, 661.72%, 1814, 1694
1706880693, 0, 322, 359, 0, 0, 708.59%, 118, 0, 0, 1448.50, 15198, 34489, 661.72%, 1814, 1694
1706880694, 0, 326, 361, 0, 0, 708.59%, 119, 0, 0, 520.00, 15267, 34576, 661.72%, 1814, 1694
1706880694, 0, 337, 365, 0, 0, 708.59%, 120, 0, 0, 890.37, 15393, 34718, 661.72%, 1814, 1694
1706880694, 0, 340, 365, 0, 0, 708.59%, 123, 0, 0, 1836.67, 15825, 34837, 661.72%, 1814, 1694
1706880694, 0, 341, 368, 0, 0, 708.59%, 124, 0, 0, 1483.33, 16114, 34993, 662.11%, 1814, 1695
1706880695, 0, 345, 369, 0, 0, 708.59%, 125, 0, 0, 1546.67, 16365, 35206, 662.50%, 1814, 1696
1706880695, 0, 350, 371, 0, 0, 710.55%, 125, 0, 0, 633.66, 16446, 35317, 674.61%, 1819, 1727
1706880695, 0, 350, 371, 0, 0, 710.55%, 126, 0, 0, 594.68, 16509, 35433, 674.61%, 1819, 1727
1706880696, 0, 350, 372, 0, 0, 710.55%, 126, 0, 0, 650.00, 16581, 35556, 674.61%, 1819, 1727
1706880696, 0, 350, 372, 0, 0, 710.55%, 127, 0, 0, 613.33, 16658, 35663, 674.61%, 1819, 1727
1706880696, 0, 350, 373, 0, 0, 710.55%, 127, 0, 0, 655.63, 16736, 35783, 675.00%, 1819, 1728
1706880697, 0, 351, 373, 0, 0, 710.55%, 127, 0, 0, 636.67, 16799, 35911, 675.00%, 1819, 1728
1706880697, 0, 351, 373, 0, 0, 710.55%, 127, 0, 0, 463.33, 16856, 35993, 675.00%, 1819, 1728
1706880697, 0, 351, 373, 0, 0, 710.55%, 127, 0, 0, 674.42, 16945, 36107, 675.00%, 1819, 1728
1706880697, 0, 351, 373, 0, 0, 710.55%, 127, 0, 0, 566.67, 17014, 36208, 675.00%, 1819, 1728
1706880698, 0, 351, 373, 0, 0, 710.55%, 127, 0, 0, 516.23, 17072, 36309, 675.00%, 1819, 1728
1706880698, 0, 353, 374, 0, 0, 710.55%, 128, 0, 0, 616.67, 17141, 36425, 675.00%, 1819, 1728
1706880698, 0, 353, 375, 0, 0, 710.55%, 128, 0, 0, 663.33, 17227, 36538, 675.39%, 1819, 1729
1706880699, 0, 353, 375, 0, 0, 710.55%, 128, 0, 0, 617.94, 17307, 36644, 675.39%, 1819, 1729
1706880699, 0, 353, 375, 0, 0, 710.55%, 128, 0, 0, 697.67, 17386, 36775, 675.39%, 1819, 1729
1706880699, 0, 354, 375, 0, 0, 710.55%, 128, 0, 0, 685.43, 17472, 36896, 675.39%, 1819, 1729
1706880700, 0, 354, 375, 0, 0, 710.55%, 128, 0, 0, 660.00, 17567, 36999, 675.39%, 1819, 1729
1706880700, 0, 354, 376, 0, 0, 710.55%, 128, 0, 0, 613.33, 17655, 37095, 675.39%, 1819, 1729
1706880700, 0, 354, 376, 0, 0, 710.55%, 128, 0, 0, 571.43, 17732, 37190, 675.39%, 1819, 1729
1706880700, 0, 354, 376, 0, 0, 710.55%, 128, 0, 0, 626.67, 17821, 37289, 675.39%, 1819, 1729
1706880701, 0, 356, 376, 0, 0, 710.55%, 128, 0, 0, 693.33, 17928, 37390, 675.39%, 1819, 1729
1706880701, 0, 356, 376, 0, 0, 710.55%, 128, 0, 0, 529.41, 18010, 37470, 675.39%, 1819, 1729
1706880701, 0, 356, 377, 0, 0, 710.55%, 128, 0, 0, 619.21, 18090, 37577, 675.39%, 1819, 1729
1706880702, 0, 356, 377, 0, 0, 710.55%, 129, 0, 0, 673.33, 18178, 37691, 675.39%, 1819, 1729
1706880702, 0, 357, 378, 0, 0, 710.55%, 129, 0, 0, 714.29, 18272, 37812, 675.39%, 1819, 1729
1706880702, 0, 360, 379, 0, 0, 710.55%, 129, 0, 0, 370.61, 18341, 37859, 675.39%, 1819, 1729
1706880703, 0, 365, 380, 0, 0, 710.55%, 130, 0, 0, 630.00, 18434, 37955, 675.39%, 1819, 1729
1706880703, 0, 367, 380, 0, 0, 710.55%, 133, 0, 0, 1080.00, 18611, 38102, 675.39%, 1819, 1729
1706880703, 0, 367, 381, 0, 0, 710.94%, 135, 0, 0, 1080.00, 18796, 38241, 675.78%, 1820, 1730
1706880703, 0, 369, 381, 0, 0, 710.94%, 135, 0, 0, 1456.67, 19095, 38379, 675.78%, 1820, 1730
1706880704, 0, 370, 383, 0, 0, 712.11%, 135, 0, 0, 890.00, 19265, 38476, 675.78%, 1823, 1730
1706880704, 0, 370, 383, 0, 0, 712.11%, 135, 0, 0, 476.67, 19330, 38554, 675.78%, 1823, 1730
1706880704, 0, 370, 385, 0, 0, 712.11%, 136, 0, 0, 580.00, 19408, 38650, 675.78%, 1823, 1730
1706880705, 0, 370, 386, 0, 0, 712.11%, 136, 0, 0, 446.67, 19460, 38732, 676.17%, 1823, 1731
1706880705, 0, 370, 386, 0, 0, 712.11%, 136, 0, 0, 650.00, 19546, 38841, 676.17%, 1823, 1731
1706880705, 0, 372, 386, 0, 0, 712.11%, 136, 0, 0, 486.67, 19607, 38926, 676.17%, 1823, 1731
1706880706, 0, 372, 386, 0, 0, 712.11%, 137, 0, 0, 606.67, 19675, 39040, 676.17%, 1823, 1731
1706880706, 0, 372, 386, 0, 0, 712.11%, 137, 0, 0, 566.78, 19737, 39152, 676.17%, 1823, 1731
1706880706, 0, 372, 386, 0, 0, 712.11%, 137, 0, 0, 643.33, 19820, 39262, 676.17%, 1823, 1731
1706880706, 0, 372, 386, 0, 0, 712.11%, 137, 0, 0, 670.00, 19892, 39391, 676.17%, 1823, 1731
1706880707, 0, 374, 386, 0, 0, 712.11%, 137, 0, 0, 610.00, 19974, 39492, 676.17%, 1823, 1731
1706880707, 0, 374, 386, 0, 0, 712.11%, 138, 0, 0, 613.33, 20039, 39611, 676.17%, 1823, 1731
1706880707, 0, 374, 386, 0, 0, 712.11%, 138, 0, 0, 723.33, 20134, 39733, 676.17%, 1823, 1731
1706880708, 0, 374, 386, 0, 0, 712.11%, 138, 0, 0, 670.00, 20225, 39843, 676.17%, 1823, 1731
1706880708, 0, 376, 386, 0, 0, 712.11%, 138, 0, 0, 643.33, 20316, 39945, 676.17%, 1823, 1731
1706880708, 0, 380, 386, 0, 0, 712.11%, 139, 0, 0, 633.33, 20410, 40041, 676.17%, 1823, 1731
1706880709, 0, 380, 386, 0, 0, 712.11%, 140, 0, 0, 903.33, 20571, 40151, 676.17%, 1823, 1731
1706880709, 0, 382, 387, 0, 0, 712.11%, 141, 0, 0, 1133.55, 20764, 40306, 676.56%, 1823, 1732
1706880709, 0, 385, 388, 0, 0, 712.11%, 141, 0, 0, 1176.67, 20956, 40467, 676.95%, 1823, 1733
1706880709, 0, 385, 388, 0, 0, 712.11%, 141, 0, 0, 374.17, 20995, 40541, 676.95%, 1823, 1733
1706880710, 0, 385, 388, 0, 0, 712.11%, 142, 0, 0, 541.53, 21062, 40637, 676.95%, 1823, 1733
1706880710, 0, 385, 389, 0, 0, 712.11%, 143, 0, 0, 646.67, 21142, 40751, 676.95%, 1823, 1733
1706880710, 0, 385, 390, 0, 0, 712.11%, 143, 0, 0, 577.78, 21212, 40863, 676.95%, 1823, 1733
1706880711, 0, 386, 390, 0, 0, 712.11%, 144, 0, 0, 950.17, 21360, 41001, 676.95%, 1823, 1733
1706880711, 0, 386, 390, 0, 0, 712.11%, 147, 0, 0, 1180.00, 21543, 41172, 676.95%, 1823, 1733
1706880711, 0, 390, 391, 0, 0, 712.11%, 148, 0, 0, 1333.33, 21784, 41331, 677.34%, 1823, 1734
1706880712, 1, 0, 391, 0, 0, 712.11%, 148, 0, 0, 1383.33, 21962, 41568, 677.34%, 1823, 1734
1706880712, 1, 1, 391, 0, 0, 712.11%, 148, 0, 0, 1120.00, 21976, 41890, 677.34%, 1823, 1734
1706880712, 1, 3, 391, 0, 0, 712.11%, 148, 0, 0, 973.33, 21979, 42179, 677.34%, 1823, 1734
1706880713, 1, 3, 391, 0, 0, 712.11%, 148, 0, 0, 1040.00, 21985, 42485, 677.34%, 1823, 1734
1706880713, 1, 5, 391, 0, 0, 712.11%, 148, 0, 0, 976.67, 21989, 42774, 677.34%, 1823, 1734
1706880713, 1, 6, 391, 0, 0, 712.11%, 148, 0, 0, 893.33, 22002, 43029, 677.34%, 1823, 1734
1706880713, 1, 6, 391, 0, 0, 712.11%, 148, 0, 0, 913.33, 22006, 43299, 677.34%, 1823, 1734
1706880714, 1, 8, 391, 0, 0, 712.11%, 148, 0, 0, 933.33, 22014, 43571, 677.34%, 1823, 1734
1706880714, 1, 8, 391, 0, 0, 712.11%, 148, 0, 0, 380.79, 22020, 43680, 677.34%, 1823, 1734
1706880714, 1, 9, 391, 0, 0, 712.11%, 148, 0, 0, 1086.67, 22034, 43992, 677.34%, 1823, 1734
1706880715, 1, 10, 391, 0, 0, 712.11%, 148, 0, 0, 1043.33, 22156, 44183, 677.34%, 1823, 1734
1706880715, 1, 10, 391, 0, 0, 712.11%, 148, 0, 0, 1070.00, 22355, 44305, 677.34%, 1823, 1734
1706880715, 1, 11, 391, 0, 0, 712.11%, 148, 0, 0, 900.00, 22475, 44455, 677.34%, 1823, 1734
1706880716, 1, 11, 391, 0, 0, 712.11%, 148, 0, 0, 1093.33, 22496, 44762, 677.34%, 1823, 1734
1706880716, 1, 12, 391, 0, 0, 712.11%, 148, 0, 0, 1069.77, 22504, 45076, 677.34%, 1823, 1734
1706880716, 1, 13, 391, 0, 0, 712.11%, 148, 0, 0, 1010.00, 22515, 45368, 677.34%, 1823, 1734
1706880716, 1, 15, 391, 0, 0, 712.11%, 148, 0, 0, 973.33, 22520, 45655, 677.34%, 1823, 1734
1706880717, 1, 16, 391, 0, 0, 712.11%, 148, 0, 0, 1023.33, 22571, 45911, 677.34%, 1823, 1734
1706880717, 1, 16, 391, 0, 0, 712.11%, 148, 0, 0, 860.00, 22735, 46005, 677.34%, 1823, 1734
1706880717, 1, 16, 391, 0, 0, 712.11%, 148, 0, 0, 810.00, 22880, 46103, 677.34%, 1823, 1734
1706880718, 1, 16, 391, 0, 0, 712.11%, 148, 0, 0, 644.52, 23003, 46174, 677.34%, 1823, 1734
1706880718, 1, 20, 391, 0, 0, 712.11%, 148, 0, 0, 963.33, 23045, 46421, 677.34%, 1823, 1734
1706880718, 1, 21, 391, 0, 0, 712.11%, 148, 0, 0, 1053.33, 23053, 46729, 677.34%, 1823, 1734
1706880719, 1, 22, 392, 0, 0, 712.11%, 148, 0, 0, 1116.28, 23063, 47055, 677.34%, 1823, 1734
1706880719, 1, 27, 392, 0, 0, 712.11%, 149, 0, 0, 647.84, 23133, 47180, 677.34%, 1823, 1734
1706880719, 1, 27, 392, 0, 0, 712.11%, 149, 0, 0, 403.31, 23205, 47254, 677.34%, 1823, 1734
1706880719, 1, 27, 392, 0, 0, 712.11%, 150, 0, 0, 643.33, 23295, 47357, 677.34%, 1823, 1734
1706880720, 1, 27, 392, 0, 0, 712.11%, 150, 0, 0, 593.33, 23388, 47442, 677.34%, 1823, 1734
1706880720, 1, 27, 392, 0, 0, 712.11%, 150, 0, 0, 510.00, 23472, 47511, 677.34%, 1823, 1734
1706880720, 1, 30, 392, 0, 0, 712.11%, 151, 0, 0, 790.00, 23533, 47687, 677.34%, 1823, 1734
1706880721, 1, 30, 393, 0, 0, 712.11%, 151, 0, 0, 953.33, 23541, 47965, 677.34%, 1823, 1734
1706880721, 1, 33, 393, 0, 0, 712.11%, 151, 0, 0, 853.33, 23568, 48194, 677.34%, 1823, 1734
1706880721, 1, 35, 393, 0, 0, 712.11%, 151, 0, 0, 927.15, 23573, 48469, 677.34%, 1823, 1734
1706880722, 1, 35, 393, 0, 0, 712.11%, 151, 0, 0, 1066.45, 23586, 48777, 677.34%, 1823, 1734
1706880722, 1, 37, 393, 0, 0, 712.11%, 151, 0, 0, 896.67, 23594, 49038, 677.34%, 1823, 1734
1706880722, 1, 39, 393, 0, 0, 712.11%, 151, 0, 0, 866.67, 23608, 49284, 677.34%, 1823, 1734
1706880722, 1, 40, 393, 0, 0, 712.11%, 151, 0, 0, 770.00, 23622, 49501, 677.34%, 1823, 1734
1706880723, 1, 41, 393, 0, 0, 712.11%, 151, 0, 0, 1416.67, 23826, 49722, 677.34%, 1823, 1734
1706880723, 1, 43, 393, 0, 0, 712.11%, 151, 0, 0, 1370.00, 24002, 49957, 677.34%, 1823, 1734
1706880723, 1, 48, 393, 0, 0, 712.11%, 151, 0, 0, 1003.33, 24053, 50207, 677.34%, 1823, 1734
1706880724, 1, 49, 393, 0, 0, 712.11%, 151, 0, 0, 753.33, 24063, 50423, 677.34%, 1823, 1734
1706880724, 1, 49, 393, 0, 0, 712.11%, 151, 0, 0, 1006.54, 24073, 50721, 677.34%, 1823, 1734
1706880724, 1, 51, 393, 0, 0, 712.11%, 151, 0, 0, 1290.00, 24331, 50850, 677.34%, 1823, 1734
1706880725, 1, 51, 393, 0, 0, 712.11%, 151, 0, 0, 990.00, 24480, 50998, 677.34%, 1823, 1734
1706880725, 1, 52, 393, 0, 0, 712.11%, 151, 0, 0, 1016.67, 24624, 51159, 677.34%, 1823, 1734
1706880725, 1, 66, 393, 0, 0, 712.11%, 151, 0, 0, 1086.67, 24728, 51381, 677.34%, 1823, 1734
1706880725, 1, 67, 393, 0, 0, 712.11%, 151, 0, 0, 1232.56, 24826, 51654, 677.34%, 1823, 1734
1706880726, 1, 68, 393, 0, 0, 712.11%, 151, 0, 0, 1040.00, 24843, 51949, 677.34%, 1823, 1734
1706880726, 1, 75, 393, 0, 0, 712.11%, 151, 0, 0, 873.33, 24860, 52194, 677.34%, 1823, 1734
1706880726, 1, 75, 393, 0, 0, 712.11%, 151, 0, 0, 877.08, 24865, 52453, 677.34%, 1823, 1734
1706880727, 1, 78, 393, 0, 0, 712.11%, 151, 0, 0, 850.00, 24892, 52681, 677.34%, 1823, 1734
1706880727, 1, 80, 393, 0, 0, 712.11%, 151, 0, 0, 983.39, 24899, 52970, 677.34%, 1823, 1734
1706880727, 1, 84, 393, 0, 0, 712.11%, 151, 0, 0, 833.33, 25006, 53113, 677.34%, 1823, 1734
1706880728, 1, 84, 393, 0, 0, 712.11%, 151, 0, 0, 743.33, 25104, 53238, 677.34%, 1823, 1734
1706880728, 1, 84, 393, 0, 0, 712.11%, 151, 0, 0, 763.33, 25201, 53370, 677.34%, 1823, 1734
1706880728, 1, 84, 393, 0, 0, 712.11%, 151, 0, 0, 730.00, 25305, 53485, 677.34%, 1823, 1734
1706880728, 1, 89, 393, 0, 0, 712.11%, 151, 0, 0, 503.33, 25339, 53602, 677.34%, 1823, 1734
1706880729, 1, 89, 393, 0, 0, 712.11%, 151, 0, 0, 1026.67, 25344, 53905, 677.34%, 1823, 1734
1706880729, 1, 90, 393, 0, 0, 712.11%, 151, 0, 0, 963.46, 25359, 54180, 677.34%, 1823, 1734
1706880729, 1, 94, 393, 0, 0, 712.11%, 152, 0, 0, 833.33, 25407, 54382, 677.34%, 1823, 1734
1706880730, 1, 94, 393, 0, 0, 712.11%, 152, 0, 0, 570.00, 25483, 54477, 677.34%, 1823, 1734
1706880730, 1, 94, 393, 0, 0, 712.11%, 152, 0, 0, 650.00, 25566, 54589, 677.34%, 1823, 1734
1706880730, 1, 94, 393, 0, 0, 712.11%, 152, 0, 0, 604.65, 25654, 54683, 677.34%, 1823, 1734
1706880731, 1, 94, 393, 0, 0, 712.11%, 152, 0, 0, 519.87, 25726, 54768, 677.34%, 1823, 1734
1706880731, 1, 100, 393, 0, 0, 712.11%, 152, 0, 0, 820.00, 25789, 54951, 677.34%, 1823, 1734
1706880731, 1, 100, 393, 0, 0, 712.11%, 152, 0, 0, 946.67, 25796, 55228, 677.34%, 1823, 1734
1706880731, 1, 101, 393, 0, 0, 712.11%, 152, 0, 0, 860.00, 25806, 55476, 677.34%, 1823, 1734
1706880732, 1, 102, 393, 0, 0, 712.11%, 152, 0, 0, 783.33, 25814, 55703, 677.34%, 1823, 1734
1706880732, 1, 106, 393, 0, 0, 712.11%, 152, 0, 0, 1010.00, 25878, 55942, 677.34%, 1823, 1734
1706880732, 1, 108, 393, 0, 0, 712.11%, 152, 0, 0, 883.72, 25898, 56188, 677.34%, 1823, 1734
1706880733, 1, 112, 393, 0, 0, 712.11%, 152, 0, 0, 803.33, 25945, 56382, 677.34%, 1823, 1734
1706880733, 1, 112, 393, 0, 0, 712.11%, 152, 0, 0, 712.87, 25956, 56587, 677.34%, 1823, 1734
1706880733, 1, 114, 393, 0, 0, 712.11%, 153, 0, 0, 813.33, 25985, 56802, 677.34%, 1823, 1734
1706880734, 1, 114, 393, 0, 0, 712.11%, 153, 0, 0, 840.53, 25989, 57051, 677.34%, 1823, 1734
1706880734, 1, 117, 393, 0, 0, 712.11%, 153, 0, 0, 685.71, 26038, 57218, 677.34%, 1823, 1734
1706880734, 1, 117, 393, 0, 0, 712.11%, 153, 0, 0, 643.33, 26089, 57360, 677.34%, 1823, 1734
1706880735, 1, 117, 393, 0, 0, 712.11%, 153, 0, 0, 786.67, 26158, 57527, 677.34%, 1823, 1734
1706880735, 1, 117, 393, 0, 0, 712.11%, 153, 0, 0, 743.33, 26214, 57694, 677.34%, 1823, 1734
1706880735, 1, 125, 393, 0, 0, 712.11%, 153, 0, 0, 833.33, 26317, 57841, 677.34%, 1823, 1734
1706880735, 1, 125, 393, 0, 0, 712.11%, 153, 0, 0, 793.33, 26413, 57983, 677.34%, 1823, 1734
1706880736, 1, 131, 393, 0, 0, 712.11%, 153, 0, 0, 1096.67, 26554, 58171, 677.34%, 1823, 1734
1706880736, 1, 134, 393, 0, 0, 712.11%, 153, 0, 0, 1120.00, 26609, 58452, 677.34%, 1823, 1734
1706880736, 1, 135, 393, 0, 0, 712.11%, 153, 0, 0, 1009.97, 26788, 58577, 677.34%, 1823, 1734
1706880737, 1, 135, 393, 0, 0, 712.11%, 153, 0, 0, 876.16, 26936, 58712, 677.34%, 1823, 1734
1706880737, 1, 136, 393, 0, 0, 712.11%, 153, 0, 0, 920.79, 27085, 58842, 677.34%, 1823, 1734
1706880737, 1, 138, 393, 0, 0, 712.11%, 153, 0, 0, 1156.67, 27205, 59069, 677.34%, 1823, 1734
1706880738, 1, 146, 393, 0, 0, 712.11%, 153, 0, 0, 836.54, 27332, 59203, 677.34%, 1823, 1734
1706880738, 1, 146, 393, 0, 0, 712.11%, 153, 0, 0, 690.00, 27443, 59299, 677.34%, 1823, 1734
1706880738, 1, 146, 393, 0, 0, 712.11%, 153, 0, 0, 960.00, 27607, 59423, 677.34%, 1823, 1734
1706880738, 1, 150, 393, 0, 0, 712.11%, 153, 0, 0, 863.33, 27736, 59553, 677.34%, 1823, 1734
1706880739, 1, 151, 393, 0, 0, 712.11%, 153, 0, 0, 1023.33, 27744, 59852, 677.34%, 1823, 1734
1706880739, 1, 153, 393, 0, 0, 712.11%, 153, 0, 0, 796.67, 27751, 60084, 677.34%, 1823, 1734
1706880739, 1, 153, 393, 0, 0, 712.11%, 153, 0, 0, 870.00, 27757, 60339, 677.34%, 1823, 1734
1706880740, 1, 155, 393, 0, 0, 712.11%, 153, 0, 0, 805.92, 27763, 60578, 677.34%, 1823, 1734
1706880740, 1, 157, 393, 0, 0, 712.11%, 153, 0, 0, 763.75, 27783, 60794, 677.34%, 1823, 1734
1706880740, 1, 159, 393, 0, 0, 712.11%, 153, 0, 0, 1006.64, 27816, 61064, 677.34%, 1823, 1734
1706880741, 1, 162, 393, 0, 0, 712.11%, 153, 0, 0, 1030.00, 27847, 61342, 677.34%, 1823, 1734
1706880741, 1, 164, 393, 0, 0, 712.11%, 153, 0, 0, 1030.00, 27854, 61644, 677.34%, 1823, 1734
1706880741, 1, 164, 393, 0, 0, 712.11%, 153, 0, 0, 810.00, 27854, 61887, 677.34%, 1823, 1734
1706880741, 1, 169, 393, 0, 0, 712.11%, 153, 0, 0, 783.33, 27931, 62045, 677.34%, 1823, 1734
1706880742, 1, 169, 393, 0, 0, 712.11%, 153, 0, 0, 990.00, 27952, 62321, 677.34%, 1823, 1734
1706880742, 1, 170, 393, 0, 0, 712.11%, 153, 0, 0, 950.00, 28049, 62509, 677.34%, 1823, 1734
1706880742, 1, 171, 393, 0, 0, 712.11%, 153, 0, 0, 820.60, 28147, 62658, 677.34%, 1823, 1734
1706880743, 1, 171, 393, 0, 0, 712.11%, 153, 0, 0, 673.33, 28242, 62765, 677.34%, 1823, 1734
1706880743, 1, 171, 393, 0, 0, 712.11%, 153, 0, 0, 643.33, 28345, 62855, 677.34%, 1823, 1734
1706880743, 1, 171, 393, 0, 0, 712.11%, 153, 0, 0, 660.00, 28447, 62951, 677.34%, 1823, 1734
1706880744, 1, 175, 393, 0, 0, 712.11%, 154, 0, 0, 679.37, 28544, 63068, 677.34%, 1823, 1734
1706880744, 1, 176, 394, 0, 0, 712.11%, 154, 0, 0, 826.67, 28668, 63192, 677.34%, 1823, 1734
1706880744, 1, 176, 394, 0, 0, 712.11%, 154, 0, 0, 774.09, 28793, 63300, 677.34%, 1823, 1734
1706880744, 1, 176, 394, 0, 0, 712.11%, 154, 0, 0, 681.06, 28911, 63387, 677.34%, 1823, 1734
1706880745, 1, 178, 394, 0, 0, 712.11%, 154, 0, 0, 584.72, 29011, 63463, 677.34%, 1823, 1734
1706880745, 1, 183, 394, 0, 0, 712.11%, 154, 0, 0, 631.23, 29104, 63560, 677.34%, 1823, 1734
1706880745, 1, 183, 394, 0, 0, 712.11%, 154, 0, 0, 866.67, 29108, 63816, 677.34%, 1823, 1734
1706880746, 1, 185, 394, 0, 0, 712.11%, 154, 0, 0, 1023.33, 29113, 64118, 677.34%, 1823, 1734
1706880746, 1, 188, 394, 0, 0, 712.11%, 154, 0, 0, 1056.67, 29206, 64342, 677.34%, 1823, 1734
1706880746, 1, 189, 394, 0, 0, 712.11%, 154, 0, 0, 1083.06, 29433, 64441, 677.34%, 1823, 1734
1706880747, 1, 189, 394, 0, 0, 712.11%, 154, 0, 0, 386.67, 29493, 64497, 677.34%, 1823, 1734
1706880747, 1, 189, 394, 0, 0, 712.11%, 154, 0, 0, 566.23, 29576, 64585, 677.34%, 1823, 1734
1706880747, 1, 189, 394, 0, 0, 712.11%, 154, 0, 0, 580.00, 29660, 64675, 677.34%, 1823, 1734
1706880747, 1, 189, 394, 0, 0, 712.11%, 155, 0, 0, 563.33, 29749, 64755, 677.34%, 1823, 1734
1706880748, 1, 192, 394, 0, 0, 712.11%, 155, 0, 0, 656.67, 29840, 64861, 677.34%, 1823, 1734
1706880748, 1, 194, 394, 0, 0, 712.11%, 156, 0, 0, 654.49, 29933, 64965, 677.34%, 1823, 1734
1706880748, 1, 194, 394, 0, 0, 712.11%, 156, 0, 0, 607.97, 30011, 65070, 677.34%, 1823, 1734
1706880749, 1, 194, 394, 0, 0, 712.11%, 156, 0, 0, 480.00, 30085, 65140, 677.34%, 1823, 1734
1706880749, 1, 194, 394, 0, 0, 712.11%, 156, 0, 0, 647.84, 30182, 65238, 677.34%, 1823, 1734
1706880749, 1, 195, 394, 0, 0, 712.11%, 156, 0, 0, 626.67, 30270, 65338, 677.34%, 1823, 1734
1706880750, 1, 199, 394, 0, 0, 712.11%, 156, 0, 0, 538.21, 30346, 65424, 677.34%, 1823, 1734
1706880750, 1, 204, 394, 0, 0, 712.11%, 156, 0, 0, 633.33, 30429, 65531, 677.34%, 1823, 1734
1706880750, 1, 204, 394, 0, 0, 712.11%, 156, 0, 0, 626.67, 30501, 65647, 677.34%, 1823, 1734
1706880750, 1, 204, 394, 0, 0, 712.11%, 156, 0, 0, 486.67, 30555, 65739, 677.34%, 1823, 1734
1706880751, 1, 204, 394, 0, 0, 712.11%, 156, 0, 0, 606.67, 30618, 65858, 677.34%, 1823, 1734
1706880751, 1, 204, 394, 0, 0, 712.11%, 156, 0, 0, 270.00, 30651, 65906, 677.34%, 1823, 1734
1706880751, 1, 204, 394, 0, 0, 712.11%, 156, 0, 0, 504.98, 30695, 66014, 677.34%, 1823, 1734
1706880752, 1, 206, 394, 0, 0, 712.11%, 156, 0, 0, 320.99, 30737, 66076, 677.34%, 1823, 1734
1706880752, 1, 206, 394, 0, 0, 712.11%, 156, 0, 0, 275.75, 30765, 66131, 677.34%, 1823, 1734
1706880752, 1, 206, 394, 0, 0, 712.11%, 156, 0, 0, 262.46, 30797, 66178, 677.34%, 1823, 1734
1706880753, 1, 206, 394, 0, 0, 712.11%, 156, 0, 0, 392.16, 30837, 66258, 677.34%, 1823, 1734
1706880753, 1, 206, 394, 0, 0, 712.11%, 156, 0, 0, 336.67, 30873, 66323, 677.34%, 1823, 1734
1706880753, 1, 206, 394, 0, 0, 712.11%, 156, 0, 0, 256.67, 30902, 66371, 677.34%, 1823, 1734
1706880754, 1, 206, 394, 0, 0, 712.11%, 156, 0, 0, 357.99, 30945, 66449, 677.34%, 1823, 1734
1706880754, 1, 206, 394, 0, 0, 712.11%, 156, 0, 0, 193.33, 30963, 66489, 677.34%, 1823, 1734
1706880754, 1, 206, 394, 0, 0, 712.11%, 156, 0, 0, 345.51, 30997, 66559, 677.34%, 1823, 1734
1706880754, 1, 206, 394, 0, 0, 712.11%, 156, 0, 0, 198.20, 31023, 66599, 677.34%, 1823, 1734
1706880755, 1, 209, 394, 0, 0, 712.11%, 156, 0, 0, 580.00, 31086, 66710, 677.34%, 1823, 1734
1706880755, 1, 209, 394, 0, 0, 712.11%, 156, 0, 0, 714.29, 31092, 66924, 677.34%, 1823, 1734
1706880755, 1, 211, 394, 0, 0, 712.11%, 156, 0, 0, 691.03, 31137, 67087, 677.34%, 1823, 1734
1706880756, 1, 212, 394, 0, 0, 712.11%, 157, 0, 0, 633.33, 31212, 67202, 677.34%, 1823, 1734
1706880756, 1, 212, 394, 0, 0, 712.11%, 157, 0, 0, 647.84, 31287, 67322, 677.34%, 1823, 1734
1706880756, 1, 212, 394, 0, 0, 712.11%, 157, 0, 0, 651.16, 31370, 67435, 677.34%, 1823, 1734
1706880757, 1, 212, 394, 0, 0, 712.11%, 157, 0, 0, 312.50, 31418, 67492, 677.34%, 1823, 1734
1706880757, 1, 212, 394, 0, 0, 712.11%, 157, 0, 0, 403.91, 31472, 67562, 677.34%, 1823, 1734
1706880757, 1, 214, 394, 0, 0, 712.11%, 157, 0, 0, 420.73, 31508, 67664, 677.34%, 1823, 1734
1706880758, 1, 214, 394, 0, 0, 712.11%, 157, 0, 0, 807.31, 31512, 67903, 677.34%, 1823, 1734
1706880758, 1, 215, 394, 0, 0, 712.11%, 157, 0, 0, 756.67, 31522, 68120, 677.34%, 1823, 1734
1706880758, 1, 216, 394, 0, 0, 712.11%, 157, 0, 0, 710.53, 31527, 68331, 677.34%, 1823, 1734
1706880758, 1, 222, 394, 0, 0, 712.11%, 157, 0, 0, 910.00, 31549, 68582, 677.34%, 1823, 1734
1706880759, 1, 224, 394, 0, 0, 712.11%, 157, 0, 0, 903.33, 31554, 68848, 677.34%, 1823, 1734
1706880759, 1, 224, 394, 0, 0, 712.11%, 157, 0, 0, 961.17, 31560, 69139, 677.34%, 1823, 1734
1706880759, 1, 226, 394, 0, 0, 712.11%, 157, 0, 0, 950.00, 31581, 69403, 677.34%, 1823, 1734
1706880760, 1, 227, 395, 0, 0, 712.89%, 157, 0, 0, 1401.27, 31845, 69579, 677.34%, 1825, 1734
1706880760, 1, 241, 395, 0, 0, 712.89%, 157, 0, 0, 2113.33, 32253, 69805, 677.34%, 1825, 1734
1706880760, 1, 251, 395, 0, 0, 712.89%, 157, 0, 0, 1807.69, 32686, 69936, 677.34%, 1825, 1734
1706880761, 1, 263, 395, 0, 0, 712.89%, 157, 0, 0, 1036.54, 32793, 70141, 677.34%, 1825, 1734
1706880761, 1, 263, 395, 0, 0, 712.89%, 158, 0, 0, 1243.33, 32817, 70490, 677.34%, 1825, 1734
1706880761, 1, 268, 395, 0, 0, 712.89%, 158, 0, 0, 1455.15, 33159, 70586, 677.34%, 1825, 1734
1706880762, 1, 277, 395, 0, 0, 712.89%, 158, 0, 0, 840.00, 33244, 70753, 677.34%, 1825, 1734
1706880762, 1, 277, 395, 0, 0, 712.89%, 158, 0, 0, 650.00, 33256, 70936, 677.34%, 1825, 1734
1706880762, 1, 278, 395, 0, 0, 712.89%, 158, 0, 0, 786.67, 33275, 71153, 677.34%, 1825, 1734
1706880762, 1, 283, 395, 0, 0, 712.89%, 158, 0, 0, 663.33, 33357, 71270, 677.34%, 1825, 1734
1706880763, 1, 284, 395, 0, 0, 712.89%, 158, 0, 0, 646.67, 33440, 71381, 677.34%, 1825, 1734
1706880763, 1, 284, 395, 0, 0, 712.89%, 158, 0, 0, 596.67, 33527, 71473, 677.34%, 1825, 1734
1706880763, 1, 284, 395, 0, 0, 712.89%, 158, 0, 0, 691.03, 33620, 71588, 677.34%, 1825, 1734
1706880764, 1, 284, 395, 0, 0, 712.89%, 158, 0, 0, 586.32, 33694, 71694, 677.34%, 1825, 1734
1706880764, 1, 287, 395, 0, 0, 712.89%, 159, 0, 0, 626.67, 33767, 71809, 677.34%, 1825, 1734
1706880764, 1, 287, 395, 0, 0, 712.89%, 159, 0, 0, 870.00, 33770, 72067, 677.34%, 1825, 1734
1706880765, 1, 290, 395, 0, 0, 712.89%, 159, 0, 0, 783.33, 33816, 72256, 677.34%, 1825, 1734
1706880765, 1, 291, 395, 0, 0, 712.89%, 159, 0, 0, 606.67, 33899, 72355, 677.34%, 1825, 1734
1706880765, 1, 291, 395, 0, 0, 712.89%, 159, 0, 0, 610.00, 33970, 72467, 677.34%, 1825, 1734
1706880765, 1, 291, 395, 0, 0, 712.89%, 159, 0, 0, 646.67, 34046, 72585, 677.34%, 1825, 1734
1706880766, 1, 291, 395, 0, 0, 712.89%, 159, 0, 0, 276.67, 34085, 72629, 677.34%, 1825, 1734
1706880766, 1, 291, 395, 0, 0, 712.89%, 159, 0, 0, 677.74, 34167, 72751, 677.34%, 1825, 1734
1706880766, 1, 298, 395, 0, 0, 712.89%, 159, 0, 0, 826.67, 34235, 72931, 677.34%, 1825, 1734
1706880767, 1, 298, 395, 0, 0, 712.89%, 159, 0, 0, 886.67, 34368, 73064, 677.34%, 1825, 1734
1706880767, 1, 298, 395, 0, 0, 712.89%, 159, 0, 0, 1000.00, 34494, 73238, 677.34%, 1825, 1734
1706880767, 1, 301, 395, 0, 0, 712.89%, 159, 0, 0, 913.33, 34615, 73391, 677.34%, 1825, 1734
1706880768, 1, 301, 395, 0, 0, 712.89%, 159, 0, 0, 1130.00, 34700, 73645, 677.34%, 1825, 1734
1706880768, 1, 302, 395, 0, 0, 712.89%, 159, 0, 0, 798.01, 34837, 73749, 677.34%, 1825, 1734
1706880768, 1, 302, 395, 0, 0, 712.89%, 159, 0, 0, 800.00, 35011, 73823, 677.34%, 1825, 1734
1706880768, 1, 302, 395, 0, 0, 712.89%, 159, 0, 0, 856.67, 35166, 73925, 677.34%, 1825, 1734
1706880769, 1, 305, 395, 0, 0, 712.89%, 160, 0, 0, 1493.33, 35485, 74054, 677.34%, 1825, 1734
1706880769, 1, 305, 395, 0, 0, 712.89%, 160, 0, 0, 783.33, 35612, 74162, 677.34%, 1825, 1734
1706880769, 1, 305, 395, 0, 0, 712.89%, 160, 0, 0, 796.67, 35763, 74250, 677.34%, 1825, 1734
1706880770, 1, 305, 395, 0, 0, 712.89%, 160, 0, 0, 800.66, 35913, 74341, 677.34%, 1825, 1734
1706880770, 1, 307, 395, 0, 0, 712.89%, 160, 0, 0, 873.33, 36056, 74460, 677.34%, 1825, 1734
1706880770, 1, 307, 396, 0, 0, 712.89%, 160, 0, 0, 1100.00, 36247, 74599, 677.34%, 1825, 1734
1706880771, 1, 308, 396, 0, 0, 712.89%, 160, 0, 0, 1000.00, 36408, 74738, 677.34%, 1825, 1734
1706880771, 1, 308, 396, 0, 0, 712.89%, 160, 0, 0, 1049.83, 36413, 75049, 677.34%, 1825, 1734
1706880771, 1, 313, 396, 0, 0, 712.89%, 160, 0, 0, 686.67, 36463, 75205, 677.34%, 1825, 1734
1706880771, 1, 317, 396, 0, 0, 712.89%, 161, 0, 0, 554.82, 36545, 75290, 677.34%, 1825, 1734
1706880772, 1, 319, 396, 0, 0, 712.89%, 161, 0, 0, 1030.00, 36775, 75369, 677.34%, 1825, 1734
1706880772, 1, 324, 396, 0, 0, 712.89%, 161, 0, 0, 810.63, 36914, 75474, 677.34%, 1825, 1734
1706880772, 1, 328, 396, 0, 0, 712.89%, 161, 0, 0, 488.37, 36950, 75585, 677.34%, 1825, 1734
1706880773, 1, 338, 396, 0, 0, 712.89%, 161, 0, 0, 1483.33, 37245, 75735, 677.34%, 1825, 1734
1706880773, 1, 341, 396, 0, 0, 712.89%, 161, 0, 0, 1438.27, 37598, 75848, 677.34%, 1825, 1734
1706880773, 1, 341, 397, 0, 0, 712.89%, 163, 0, 0, 1346.67, 37835, 76015, 677.34%, 1825, 1734
1706880774, 1, 346, 397, 0, 0, 712.89%, 163, 0, 0, 1269.10, 38053, 76179, 677.34%, 1825, 1734
1706880774, 1, 350, 397, 0, 0, 712.89%, 164, 0, 0, 607.97, 38123, 76292, 677.34%, 1825, 1734
1706880774, 1, 350, 397, 0, 0, 712.89%, 164, 0, 0, 540.00, 38178, 76399, 677.34%, 1825, 1734
1706880774, 1, 350, 397, 0, 0, 712.89%, 164, 0, 0, 558.14, 38242, 76503, 677.34%, 1825, 1734
1706880775, 1, 350, 397, 0, 0, 712.89%, 164, 0, 0, 691.03, 38322, 76631, 677.34%, 1825, 1734
1706880775, 1, 350, 397, 0, 0, 712.89%, 164, 0, 0, 600.00, 38382, 76751, 677.34%, 1825, 1734
1706880775, 1, 351, 397, 0, 0, 712.89%, 165, 0, 0, 583.33, 38465, 76843, 677.34%, 1825, 1734
1706880776, 1, 351, 397, 0, 0, 712.89%, 166, 0, 0, 650.00, 38535, 76968, 677.34%, 1825, 1734
1706880776, 1, 351, 397, 0, 0, 712.89%, 166, 0, 0, 724.25, 38610, 77111, 677.34%, 1825, 1734
1706880776, 1, 351, 397, 0, 0, 712.89%, 167, 0, 0, 673.33, 38688, 77235, 677.34%, 1825, 1734
1706880777, 1, 353, 397, 0, 0, 712.89%, 167, 0, 0, 603.33, 38751, 77353, 677.34%, 1825, 1734
1706880777, 1, 353, 397, 0, 0, 712.89%, 167, 0, 0, 641.20, 38823, 77474, 677.34%, 1825, 1734
1706880777, 1, 353, 397, 0, 0, 712.89%, 167, 0, 0, 653.33, 38905, 77588, 677.34%, 1825, 1734
1706880777, 1, 353, 397, 0, 0, 712.89%, 168, 0, 0, 657.81, 38983, 77708, 677.34%, 1825, 1734
1706880778, 1, 353, 397, 0, 0, 712.89%, 168, 0, 0, 636.67, 39049, 77833, 677.34%, 1825, 1734
1706880778, 1, 354, 397, 0, 0, 712.89%, 169, 0, 0, 513.33, 39111, 77925, 677.34%, 1825, 1734
1706880778, 1, 354, 397, 0, 0, 712.89%, 170, 0, 0, 586.67, 39201, 78011, 677.34%, 1825, 1734
1706880779, 1, 354, 397, 0, 0, 712.89%, 170, 0, 0, 613.33, 39286, 78110, 677.34%, 1825, 1734
1706880779, 1, 354, 397, 0, 0, 712.89%, 170, 0, 0, 651.16, 39373, 78219, 677.34%, 1825, 1734
1706880779, 1, 354, 397, 0, 0, 712.89%, 170, 0, 0, 611.30, 39458, 78318, 677.34%, 1825, 1734
1706880780, 1, 356, 397, 0, 0, 712.89%, 170, 0, 0, 698.68, 39545, 78442, 677.34%, 1825, 1734
1706880780, 1, 356, 397, 0, 0, 712.89%, 170, 0, 0, 723.33, 39639, 78565, 677.34%, 1825, 1734
1706880780, 1, 356, 397, 0, 0, 712.89%, 170, 0, 0, 780.00, 39751, 78687, 677.34%, 1825, 1734
1706880780, 1, 356, 397, 0, 0, 712.89%, 170, 0, 0, 740.86, 39847, 78814, 677.34%, 1825, 1734
1706880781, 1, 360, 397, 0, 0, 712.89%, 170, 0, 0, 534.88, 39925, 78897, 677.34%, 1825, 1734
1706880781, 1, 367, 397, 0, 0, 712.89%, 170, 0, 0, 956.67, 40087, 79022, 677.34%, 1825, 1734
1706880781, 1, 367, 397, 0, 0, 712.89%, 170, 0, 0, 1290.00, 40306, 79190, 677.34%, 1825, 1734
1706880782, 1, 368, 397, 0, 0, 712.89%, 170, 0, 0, 1713.33, 40645, 79365, 677.34%, 1825, 1734
1706880782, 1, 370, 397, 0, 0, 712.89%, 170, 0, 0, 1213.33, 40847, 79527, 677.34%, 1825, 1734
1706880782, 1, 370, 397, 0, 0, 712.89%, 170, 0, 0, 667.77, 40913, 79662, 677.34%, 1825, 1734
1706880783, 1, 370, 397, 0, 0, 712.89%, 170, 0, 0, 696.67, 40994, 79790, 677.34%, 1825, 1734
1706880783, 1, 370, 397, 0, 0, 712.89%, 170, 0, 0, 703.33, 41075, 79920, 677.34%, 1825, 1734
1706880783, 1, 372, 398, 0, 0, 712.89%, 171, 0, 0, 643.33, 41158, 80030, 677.34%, 1825, 1734
1706880783, 1, 372, 398, 0, 0, 712.89%, 171, 0, 0, 580.00, 41211, 80151, 677.34%, 1825, 1734
1706880784, 1, 372, 398, 0, 0, 712.89%, 171, 0, 0, 706.67, 41286, 80288, 677.34%, 1825, 1734
1706880784, 1, 372, 398, 0, 0, 712.89%, 171, 0, 0, 577.56, 41356, 80393, 677.34%, 1825, 1734
1706880784, 1, 372, 398, 0, 0, 712.89%, 171, 0, 0, 676.67, 41420, 80532, 677.34%, 1825, 1734
1706880785, 1, 374, 398, 0, 0, 712.89%, 171, 0, 0, 634.55, 41512, 80631, 677.34%, 1825, 1734
1706880785, 1, 374, 398, 0, 0, 712.89%, 171, 0, 0, 643.33, 41600, 80736, 677.34%, 1825, 1734
1706880785, 1, 374, 398, 0, 0, 712.89%, 171, 0, 0, 529.03, 41629, 80789, 677.34%, 1825, 1734
