# unix_time, cycles_done, cur_path, paths_total, pending_total, pending_favs, map_size, unique_crashes, unique_hangs, max_depth, execs_per_sec, valid_inputs, invalid_inputs, valid_cov, all_covered_probes, valid_covered_probes
1706881087, 0, 0, 1, 0, 0, 325.00%, 0, 0, 0, 0.22, 1, 0, 325.00%, 832, 832
1706881087, 0, 0, 13, 0, 0, 691.02%, 2, 0, 0, 69.08, 19, 3, 691.02%, 1769, 1769
1706881088, 0, 0, 20, 0, 0, 694.92%, 4, 0, 0, 83.07, 39, 9, 694.92%, 1779, 1779
1706881088, 0, 0, 26, 0, 0, 711.33%, 5, 0, 0, 85.11, 72, 12, 711.33%, 1821, 1821
1706881088, 0, 0, 32, 0, 0, 717.19%, 8, 0, 0, 115.51, 102, 17, 717.19%, 1836, 1836
1706881089, 0, 0, 38, 0, 0, 717.97%, 9, 0, 0, 178.81, 154, 19, 717.97%, 1838, 1838
1706881089, 0, 0, 41, 0, 0, 719.14%, 11, 0, 0, 241.04, 214, 33, 719.14%, 1841, 1841
1706881089, 0, 0, 44, 0, 0, 719.14%, 14, 0, 0, 108.57, 245, 40, 719.14%, 1841, 1841
1706881090, 0, 0, 48, 0, 0, 719.53%, 16, 0, 0, 236.67, 302, 54, 719.53%, 1842, 1842
1706881090, 0, 0, 52, 0, 0, 719.53%, 16, 0, 0, 231.79, 367, 59, 719.53%, 1842, 1842
1706881090, 0, 1, 53, 0, 0, 719.53%, 17, 0, 0, 256.64, 448, 65, 719.53%, 1842, 1842
1706881091, 0, 1, 56, 0, 0, 720.70%, 17, 0, 0, 260.27, 538, 70, 720.70%, 1845, 1845
1706881091, 0, 1, 56, 0, 0, 720.70%, 17, 0, 0, 189.53, 610, 74, 720.70%, 1845, 1845
1706881091, 0, 1, 56, 0, 0, 720.70%, 17, 0, 0, 203.33, 670, 75, 720.70%, 1845, 1845
1706881092, 0, 2, 59, 0, 0, 720.70%, 17, 0, 0, 255.01, 752, 82, 720.70%, 1845, 1845
1706881092, 0, 2, 61, 0, 0, 720.70%, 18, 0, 0, 331.13, 849, 85, 720.70%, 1845, 1845
1706881092, 0, 2, 61, 0, 0, 720.70%, 19, 0, 0, 198.14, 907, 91, 720.70%, 1845, 1845
1706881093, 0, 3, 62, 0, 0, 720.70%, 19, 0, 0, 213.30, 977, 98, 720.70%, 1845, 1845
1706881093, 0, 3, 66, 0, 0, 720.70%, 23, 0, 0, 217.82, 1047, 116, 720.70%, 1845, 1845
1706881093, 0, 3, 69, 0, 0, 720.70%, 23, 0, 0, 152.50, 1097, 127, 720.70%, 1845, 1845
1706881094, 0, 3, 71, 0, 0, 720.70%, 23, 0, 0, 386.58, 1205, 140, 720.70%, 1845, 1845
1706881094, 0, 4, 71, 0, 0, 720.70%, 24, 0, 0, 232.84, 1280, 160, 720.70%, 1845, 1845
1706881095, 0, 4, 73, 0, 0, 720.70%, 24, 0, 0, 287.26, 1368, 178, 720.70%, 1845, 1845
1706881095, 0, 5, 75, 0, 0, 720.70%, 24, 0, 0, 386.67, 1468, 194, 720.70%, 1845, 1845
1706881095, 0, 5, 75, 0, 0, 720.70%, 24, 0, 0, 180.65, 1515, 203, 720.70%, 1845, 1845
1706881095, 0, 5, 75, 0, 0, 720.70%, 25, 0, 0, 586.67, 1666, 228, 720.70%, 1845, 1845
1706881096, 0, 6, 77, 0, 0, 720.70%, 25, 0, 0, 357.38, 1761, 242, 720.70%, 1845, 1845
1706881096, 0, 8, 80, 0, 0, 720.70%, 27, 0, 0, 650.00, 1928, 270, 720.70%, 1845, 1845
1706881096, 0, 8, 83, 0, 0, 720.70%, 27, 0, 0, 355.35, 2011, 300, 720.70%, 1845, 1845
1706881097, 0, 9, 86, 0, 0, 720.70%, 27, 0, 0, 666.67, 2165, 346, 720.70%, 1845, 1845
1706881097, 0, 9, 86, 0, 0, 720.70%, 27, 0, 0, 394.90, 2286, 349, 720.70%, 1845, 1845
1706881097, 0, 10, 88, 0, 0, 720.70%, 29, 0, 0, 693.33, 2482, 361, 720.70%, 1845, 1845
1706881098, 0, 10, 91, 0, 0, 720.70%, 29, 0, 0, 920.38, 2742, 390, 720.70%, 1845, 1845
1706881098, 0, 11, 94, 0, 0, 720.70%, 29, 0, 0, 290.18, 2843, 419, 720.70%, 1845, 1845
1706881098, 0, 11, 97, 0, 0, 720.70%, 29, 0, 0, 191.42, 2878, 442, 720.70%, 1845, 1845
1706881099, 0, 11, 98, 0, 0, 720.70%, 30, 0, 0, 250.81, 2933, 464, 720.70%, 1845, 1845
1706881099, 0, 11, 98, 0, 0, 720.70%, 32, 0, 0, 320.00, 2989, 504, 720.70%, 1845, 1845
1706881099, 0, 11, 98, 0, 0, 720.70%, 33, 0, 0, 134.33, 3020, 518, 720.70%, 1845, 1845
1706881100, 0, 11, 102, 0, 0, 720.70%, 33, 0, 0, 122.35, 3069, 544, 720.70%, 1845, 1845
1706881100, 0, 11, 103, 0, 0, 720.70%, 34, 0, 0, 293.21, 3127, 581, 720.70%, 1845, 1845
1706881101, 0, 11, 104, 0, 0, 720.70%, 35, 0, 0, 430.00, 3210, 627, 720.70%, 1845, 1845
1706881101, 0, 11, 105, 0, 0, 720.70%, 35, 0, 0, 327.27, 3279, 666, 720.70%, 1845, 1845
1706881101, 0, 15, 105, 0, 0, 720.70%, 35, 0, 0, 581.47, 3436, 691, 720.70%, 1845, 1845
1706881101, 0, 16, 105, 0, 0, 720.70%, 37, 0, 0, 876.67, 3680, 710, 720.70%, 1845, 1845
1706881102, 0, 17, 106, 0, 0, 720.70%, 37, 0, 0, 1039.74, 3976, 728, 720.70%, 1845, 1845
1706881102, 0, 21, 106, 0, 0, 720.70%, 39, 0, 0, 1109.27, 4238, 801, 720.70%, 1845, 1845
1706881102, 0, 22, 112, 0, 0, 720.70%, 42, 0, 0, 293.95, 4276, 865, 720.70%, 1845, 1845
1706881103, 0, 22, 117, 0, 0, 721.09%, 43, 0, 0, 375.39, 4321, 939, 721.09%, 1846, 1846
1706881103, 0, 22, 120, 0, 0, 721.09%, 46, 0, 0, 377.05, 4369, 1006, 721.09%, 1846, 1846
1706881103, 0, 22, 123, 0, 0, 721.09%, 47, 0, 0, 221.59, 4401, 1052, 721.09%, 1846, 1846
1706881104, 0, 22, 124, 0, 0, 721.09%, 50, 0, 0, 272.43, 4442, 1093, 721.09%, 1846, 1846
1706881104, 0, 22, 129, 0, 0, 722.66%, 50, 0, 0, 257.70, 4490, 1137, 722.66%, 1850, 1850
1706881104, 0, 22, 130, 0, 0, 722.66%, 50, 0, 0, 254.97, 4533, 1171, 722.66%, 1850, 1850
1706881105, 0, 22, 130, 0, 0, 722.66%, 50, 0, 0, 236.67, 4567, 1208, 722.66%, 1850, 1850
1706881105, 0, 22, 130, 0, 0, 722.66%, 50, 0, 0, 56.98, 4577, 1218, 722.66%, 1850, 1850
1706881105, 0, 29, 130, 0, 0, 722.66%, 50, 0, 0, 980.39, 4820, 1275, 722.66%, 1850, 1850
1706881106, 0, 30, 130, 0, 0, 722.66%, 51, 0, 0, 647.84, 4973, 1317, 722.66%, 1850, 1850
1706881106, 0, 30, 131, 0, 0, 722.66%, 52, 0, 0, 411.21, 5062, 1360, 722.66%, 1850, 1850
1706881106, 0, 30, 133, 0, 0, 722.66%, 52, 0, 0, 140.80, 5105, 1366, 722.66%, 1850, 1850
1706881107, 0, 30, 133, 0, 0, 722.66%, 52, 0, 0, 428.57, 5204, 1396, 722.66%, 1850, 1850
1706881107, 0, 30, 134, 0, 0, 722.66%, 53, 0, 0, 392.03, 5296, 1422, 722.66%, 1850, 1850
1706881107, 0, 30, 135, 0, 0, 722.66%, 54, 0, 0, 271.03, 5364, 1441, 722.66%, 1850, 1850
1706881108, 0, 30, 135, 0, 0, 722.66%, 54, 0, 0, 207.72, 5419, 1456, 722.66%, 1850, 1850
1706881108, 0, 30, 137, 0, 0, 722.66%, 55, 0, 0, 393.33, 5503, 1490, 722.66%, 1850, 1850
1706881108, 0, 37, 137, 0, 0, 722.66%, 56, 0, 0, 578.46, 5652, 1529, 722.66%, 1850, 1850
1706881108, 0, 37, 142, 0, 0, 722.66%, 56, 0, 0, 580.00, 5753, 1602, 722.66%, 1850, 1850
1706881109, 0, 37, 143, 0, 0, 722.66%, 56, 0, 0, 410.00, 5831, 1647, 722.66%, 1850, 1850
1706881109, 0, 37, 143, 0, 0, 722.66%, 56, 0, 0, 403.33, 5902, 1697, 722.66%, 1850, 1850
1706881109, 0, 37, 143, 0, 0, 722.66%, 56, 0, 0, 460.00, 5982, 1755, 722.66%, 1850, 1850
1706881110, 0, 38, 146, 0, 0, 722.66%, 58, 0, 0, 556.67, 6080, 1824, 722.66%, 1850, 1850
1706881110, 0, 38, 146, 0, 0, 722.66%, 58, 0, 0, 83.33, 6092, 1837, 722.66%, 1850, 1850
1706881110, 0, 38, 147, 0, 0, 722.66%, 58, 0, 0, 471.76, 6173, 1898, 722.66%, 1850, 1850
1706881111, 0, 38, 147, 0, 0, 722.66%, 58, 0, 0, 515.63, 6274, 1962, 722.66%, 1850, 1850
1706881111, 0, 38, 148, 0, 0, 722.66%, 60, 0, 0, 490.07, 6364, 2020, 722.66%, 1850, 1850
1706881111, 0, 38, 150, 0, 0, 722.66%, 60, 0, 0, 518.15, 6453, 2088, 722.66%, 1850, 1850
1706881112, 0, 39, 152, 0, 0, 722.66%, 60, 0, 0, 479.75, 6542, 2153, 722.66%, 1850, 1850
1706881112, 0, 39, 154, 0, 0, 722.66%, 61, 0, 0, 554.14, 6646, 2223, 722.66%, 1850, 1850
1706881112, 0, 39, 156, 0, 0, 722.66%, 61, 0, 0, 893.33, 6799, 2338, 722.66%, 1850, 1850
1706881112, 0, 47, 156, 0, 0, 722.66%, 62, 0, 0, 823.92, 6966, 2419, 722.66%, 1850, 1850
1706881113, 0, 47, 156, 0, 0, 722.66%, 62, 0, 0, 463.26, 7061, 2469, 722.66%, 1850, 1850
1706881113, 0, 47, 156, 0, 0, 722.66%, 62, 0, 0, 463.33, 7145, 2524, 722.66%, 1850, 1850
1706881113, 0, 47, 157, 0, 0, 722.66%, 63, 0, 0, 410.00, 7216, 2576, 722.66%, 1850, 1850
1706881114, 0, 47, 157, 0, 0, 722.66%, 63, 0, 0, 286.15, 7276, 2609, 722.66%, 1850, 1850
1706881114, 0, 47, 157, 0, 0, 722.66%, 63, 0, 0, 356.67, 7332, 2660, 722.66%, 1850, 1850
1706881114, 0, 47, 157, 0, 0, 722.66%, 64, 0, 0, 214.51, 7371, 2689, 722.66%, 1850, 1850
1706881115, 0, 51, 157, 0, 0, 722.66%, 64, 0, 0, 696.67, 7521, 2748, 722.66%, 1850, 1850
1706881115, 0, 56, 157, 0, 0, 722.66%, 65, 0, 0, 1333.33, 7823, 2846, 722.66%, 1850, 1850
1706881115, 0, 62, 159, 0, 0, 722.66%, 65, 0, 0, 740.00, 7954, 2937, 722.66%, 1850, 1850
1706881115, 0, 70, 161, 0, 0, 722.66%, 67, 0, 0, 906.67, 8108, 3055, 722.66%, 1850, 1850
1706881116, 0, 78, 161, 0, 0, 722.66%, 67, 0, 0, 820.00, 8289, 3120, 722.66%, 1850, 1850
1706881116, 0, 82, 162, 0, 0, 722.66%, 67, 0, 0, 556.60, 8400, 3186, 722.66%, 1850, 1850
1706881116, 0, 87, 162, 0, 0, 722.66%, 68, 0, 0, 580.00, 8507, 3253, 722.66%, 1850, 1850
1706881117, 0, 92, 163, 0, 0, 722.66%, 69, 0, 0, 541.67, 8612, 3317, 722.66%, 1850, 1850
1706881117, 0, 97, 164, 0, 0, 722.66%, 69, 0, 0, 660.00, 8757, 3370, 722.66%, 1850, 1850
1706881117, 0, 103, 165, 0, 0, 723.05%, 70, 0, 0, 759.62, 8909, 3455, 723.05%, 1851, 1851
1706881118, 0, 108, 165, 0, 0, 723.05%, 70, 0, 0, 531.56, 8999, 3525, 723.05%, 1851, 1851
1706881118, 0, 112, 168, 0, 0, 723.05%, 70, 0, 0, 554.82, 9066, 3625, 723.05%, 1851, 1851
1706881118, 0, 114, 173, 0, 0, 725.78%, 70, 0, 0, 362.80, 9123, 3687, 725.78%, 1858, 1858
1706881119, 0, 114, 176, 0, 0, 725.78%, 70, 0, 0, 236.67, 9164, 3717, 725.78%, 1858, 1858
1706881119, 0, 114, 178, 0, 0, 726.95%, 70, 0, 0, 343.33, 9218, 3766, 726.95%, 1861, 1861
1706881119, 0, 114, 179, 0, 0, 726.95%, 72, 0, 0, 500.00, 9289, 3845, 726.95%, 1861, 1861
1706881119, 0, 114, 179, 0, 0, 726.95%, 73, 0, 0, 490.07, 9364, 3918, 726.95%, 1861, 1861
1706881120, 0, 114, 180, 0, 0, 726.95%, 73, 0, 0, 476.67, 9434, 3991, 726.95%, 1861, 1861
1706881120, 0, 114, 180, 0, 0, 726.95%, 73, 0, 0, 500.00, 9509, 4066, 726.95%, 1861, 1861
1706881120, 0, 120, 180, 0, 0, 726.95%, 73, 0, 0, 741.72, 9613, 4186, 726.95%, 1861, 1861
1706881121, 0, 124, 180, 0, 0, 726.95%, 74, 0, 0, 533.33, 9684, 4275, 726.95%, 1861, 1861
1706881121, 0, 126, 180, 0, 0, 726.95%, 74, 0, 0, 513.25, 9750, 4364, 726.95%, 1861, 1861
1706881121, 0, 126, 182, 0, 0, 726.95%, 75, 0, 0, 380.79, 9798, 4431, 726.95%, 1861, 1861
1706881122, 0, 126, 183, 0, 0, 726.95%, 77, 0, 0, 478.41, 9856, 4517, 726.95%, 1861, 1861
1706881122, 0, 126, 184, 0, 0, 726.95%, 78, 0, 0, 519.87, 9909, 4621, 726.95%, 1861, 1861
1706881122, 0, 126, 185, 0, 0, 726.95%, 79, 0, 0, 516.67, 9973, 4712, 726.95%, 1861, 1861
1706881122, 0, 128, 187, 0, 0, 726.95%, 80, 0, 0, 596.67, 10056, 4808, 726.95%, 1861, 1861
1706881123, 0, 132, 189, 0, 0, 726.95%, 80, 0, 0, 636.67, 10157, 4898, 726.95%, 1861, 1861
1706881123, 0, 138, 190, 0, 0, 726.95%, 81, 0, 0, 750.83, 10303, 4978, 726.95%, 1861, 1861
1706881123, 0, 145, 190, 0, 0, 726.95%, 81, 0, 0, 863.33, 10459, 5081, 726.95%, 1861, 1861
1706881124, 0, 154, 190, 0, 0, 726.95%, 82, 0, 0, 1093.33, 10650, 5218, 726.95%, 1861, 1861
1706881124, 0, 160, 191, 0, 0, 726.95%, 82, 0, 0, 853.33, 10780, 5344, 726.95%, 1861, 1861
1706881124, 0, 164, 192, 0, 0, 726.95%, 82, 0, 0, 756.67, 10925, 5426, 726.95%, 1861, 1861
1706881125, 0, 164, 192, 0, 0, 726.95%, 82, 0, 0, 666.67, 11030, 5521, 726.95%, 1861, 1861
1706881125, 0, 164, 192, 0, 0, 726.95%, 82, 0, 0, 704.32, 11137, 5626, 726.95%, 1861, 1861
1706881125, 0, 164, 193, 0, 0, 726.95%, 82, 0, 0, 673.33, 11251, 5714, 726.95%, 1861, 1861
1706881125, 0, 167, 193, 0, 0, 726.95%, 83, 0, 0, 693.33, 11364, 5809, 726.95%, 1861, 1861
1706881126, 0, 168, 197, 0, 0, 726.95%, 83, 0, 0, 713.33, 11445, 5942, 726.95%, 1861, 1861
1706881126, 0, 168, 197, 0, 0, 726.95%, 83, 0, 0, 663.33, 11530, 6056, 726.95%, 1861, 1861
1706881126, 0, 168, 199, 0, 0, 726.95%, 84, 0, 0, 716.67, 11605, 6196, 726.95%, 1861, 1861
1706881127, 0, 168, 199, 0, 0, 726.95%, 84, 0, 0, 587.10, 11681, 6302, 726.95%, 1861, 1861
1706881127, 0, 169, 199, 0, 0, 726.95%, 84, 0, 0, 566.67, 11749, 6404, 726.95%, 1861, 1861
1706881127, 0, 169, 200, 0, 0, 726.95%, 85, 0, 0, 641.20, 11850, 6496, 726.95%, 1861, 1861
1706881128, 0, 169, 200, 0, 0, 726.95%, 85, 0, 0, 686.67, 11946, 6606, 726.95%, 1861, 1861
1706881128, 0, 169, 200, 0, 0, 726.95%, 86, 0, 0, 613.33, 12038, 6698, 726.95%, 1861, 1861
1706881128, 0, 172, 200, 0, 0, 726.95%, 86, 0, 0, 606.67, 12131, 6787, 726.95%, 1861, 1861
1706881128, 0, 172, 200, 0, 0, 726.95%, 88, 0, 0, 553.33, 12217, 6867, 726.95%, 1861, 1861
1706881129, 0, 172, 201, 0, 0, 726.95%, 89, 0, 0, 661.13, 12302, 6981, 726.95%, 1861, 1861
1706881129, 0, 172, 201, 0, 0, 726.95%, 89, 0, 0, 660.00, 12398, 7083, 726.95%, 1861, 1861
1706881129, 0, 172, 202, 0, 0, 726.95%, 89, 0, 0, 681.06, 12487, 7199, 726.95%, 1861, 1861
1706881130, 0, 176, 202, 0, 0, 726.95%, 89, 0, 0, 654.49, 12571, 7312, 726.95%, 1861, 1861
1706881130, 0, 177, 203, 0, 0, 726.95%, 89, 0, 0, 681.06, 12662, 7426, 726.95%, 1861, 1861
1706881130, 0, 177, 203, 0, 0, 726.95%, 89, 0, 0, 640.00, 12746, 7534, 726.95%, 1861, 1861
1706881131, 0, 177, 205, 0, 0, 726.95%, 89, 0, 0, 606.67, 12831, 7631, 726.95%, 1861, 1861
1706881131, 0, 177, 207, 0, 0, 726.95%, 89, 0, 0, 677.74, 12933, 7733, 726.95%, 1861, 1861
1706881131, 0, 181, 207, 0, 0, 726.95%, 90, 0, 0, 563.33, 13019, 7816, 726.95%, 1861, 1861
1706881131, 0, 183, 209, 0, 0, 726.95%, 90, 0, 0, 365.45, 13072, 7873, 726.95%, 1861, 1861
1706881132, 0, 187, 211, 0, 0, 726.95%, 90, 0, 0, 566.67, 13151, 7964, 726.95%, 1861, 1861
1706881132, 0, 194, 212, 0, 0, 726.95%, 90, 0, 0, 780.73, 13286, 8064, 726.95%, 1861, 1861
1706881132, 0, 198, 214, 0, 0, 726.95%, 90, 0, 0, 636.67, 13368, 8173, 726.95%, 1861, 1861
1706881133, 0, 203, 214, 0, 0, 726.95%, 92, 0, 0, 600.00, 13454, 8267, 726.95%, 1861, 1861
1706881133, 0, 206, 214, 0, 0, 726.95%, 92, 0, 0, 368.79, 13537, 8340, 726.95%, 1861, 1861
1706881133, 0, 210, 219, 0, 0, 726.95%, 93, 0, 0, 433.33, 13595, 8412, 726.95%, 1861, 1861
1706881134, 0, 213, 220, 0, 0, 726.95%, 93, 0, 0, 438.54, 13662, 8477, 726.95%, 1861, 1861
1706881134, 0, 216, 221, 0, 0, 726.95%, 93, 0, 0, 392.03, 13722, 8535, 726.95%, 1861, 1861
1706881134, 0, 219, 225, 0, 0, 726.95%, 93, 0, 0, 458.47, 13794, 8601, 726.95%, 1861, 1861
1706881135, 0, 222, 227, 0, 0, 726.95%, 93, 0, 0, 416.67, 13841, 8679, 726.95%, 1861, 1861
1706881135, 0, 226, 231, 0, 0, 726.95%, 93, 0, 0, 415.28, 13892, 8753, 726.95%, 1861, 1861
1706881135, 0, 229, 231, 0, 0, 726.95%, 95, 0, 0, 463.33, 13957, 8827, 726.95%, 1861, 1861
1706881136, 0, 232, 233, 0, 0, 726.95%, 95, 0, 0, 448.50, 14002, 8917, 726.95%, 1861, 1861
1706881136, 1, 0, 235, 0, 0, 726.95%, 95, 0, 0, 1400.00, 14344, 8995, 726.95%, 1861, 1861
1706881136, 1, 3, 235, 0, 0, 726.95%, 96, 0, 0, 2363.33, 15000, 9048, 726.95%, 1861, 1861
1706881136, 1, 5, 235, 0, 0, 726.95%, 97, 0, 0, 2176.67, 15554, 9147, 726.95%, 1861, 1861
1706881137, 1, 8, 235, 0, 0, 726.95%, 97, 0, 0, 2113.33, 16090, 9245, 726.95%, 1861, 1861
1706881137, 1, 10, 235, 0, 0, 726.95%, 97, 0, 0, 2216.67, 16700, 9300, 726.95%, 1861, 1861
1706881137, 1, 11, 235, 0, 0, 726.95%, 98, 0, 0, 1226.67, 16976, 9392, 726.95%, 1861, 1861
1706881138, 1, 11, 235, 0, 0, 726.95%, 99, 0, 0, 870.43, 17156, 9474, 726.95%, 1861, 1861
1706881138, 1, 11, 235, 0, 0, 726.95%, 99, 0, 0, 886.67, 17342, 9554, 726.95%, 1861, 1861
1706881138, 1, 16, 235, 0, 0, 726.95%, 99, 0, 0, 2070.00, 17937, 9580, 726.95%, 1861, 1861
1706881139, 1, 22, 235, 0, 0, 726.95%, 99, 0, 0, 1740.00, 18332, 9707, 726.95%, 1861, 1861
1706881139, 1, 22, 235, 0, 0, 726.95%, 99, 0, 0, 790.70, 18429, 9848, 726.95%, 1861, 1861
1706881139, 1, 22, 235, 0, 0, 726.95%, 99, 0, 0, 643.33, 18512, 9958, 726.95%, 1861, 1861
1706881139, 1, 22, 235, 0, 0, 726.95%, 100, 0, 0, 726.67, 18612, 10076, 726.95%, 1861, 1861
1706881140, 1, 29, 235, 0, 0, 726.95%, 101, 0, 0, 1436.67, 18946, 10173, 726.95%, 1861, 1861
1706881140, 1, 30, 235, 0, 0, 726.95%, 101, 0, 0, 906.67, 19147, 10244, 726.95%, 1861, 1861
1706881140, 1, 30, 235, 0, 0, 726.95%, 102, 0, 0, 886.67, 19345, 10312, 726.95%, 1861, 1861
1706881141, 1, 30, 235, 0, 0, 726.95%, 102, 0, 0, 810.00, 19524, 10376, 726.95%, 1861, 1861
1706881141, 1, 37, 235, 0, 0, 726.95%, 102, 0, 0, 1100.00, 19757, 10473, 726.95%, 1861, 1861
1706881141, 1, 37, 235, 0, 0, 726.95%, 102, 0, 0, 853.33, 19917, 10569, 726.95%, 1861, 1861
1706881142, 1, 37, 235, 0, 0, 726.95%, 102, 0, 0, 893.33, 20075, 10679, 726.95%, 1861, 1861
1706881142, 1, 38, 235, 0, 0, 726.95%, 102, 0, 0, 843.33, 20229, 10778, 726.95%, 1861, 1861
1706881142, 1, 38, 235, 0, 0, 726.95%, 102, 0, 0, 763.24, 20375, 10877, 726.95%, 1861, 1861
1706881142, 1, 38, 235, 0, 0, 726.95%, 102, 0, 0, 883.33, 20523, 10994, 726.95%, 1861, 1861
1706881143, 1, 39, 236, 0, 0, 726.95%, 103, 0, 0, 1243.33, 20738, 11152, 726.95%, 1861, 1861
1706881143, 1, 47, 236, 0, 0, 726.95%, 103, 0, 0, 1256.67, 20982, 11285, 726.95%, 1861, 1861
1706881143, 1, 47, 236, 0, 0, 726.95%, 104, 0, 0, 783.33, 21120, 11382, 726.95%, 1861, 1861
1706881144, 1, 47, 236, 0, 0, 726.95%, 104, 0, 0, 847.18, 21284, 11473, 726.95%, 1861, 1861
1706881144, 1, 47, 236, 0, 0, 726.95%, 104, 0, 0, 786.67, 21428, 11565, 726.95%, 1861, 1861
1706881144, 1, 54, 236, 0, 0, 726.95%, 104, 0, 0, 1430.00, 21713, 11709, 726.95%, 1861, 1861
1706881145, 1, 61, 236, 0, 0, 726.95%, 104, 0, 0, 1136.67, 21940, 11823, 726.95%, 1861, 1861
1706881145, 1, 70, 237, 0, 0, 726.95%, 105, 0, 0, 976.67, 22119, 11937, 726.95%, 1861, 1861
1706881145, 1, 79, 237, 0, 0, 726.95%, 105, 0, 0, 986.67, 22314, 12038, 726.95%, 1861, 1861
1706881145, 1, 86, 237, 0, 0, 726.95%, 105, 0, 0, 873.33, 22486, 12128, 726.95%, 1861, 1861
1706881146, 1, 94, 237, 0, 0, 726.95%, 105, 0, 0, 946.67, 22670, 12228, 726.95%, 1861, 1861
1706881146, 1, 100, 237, 0, 0, 726.95%, 105, 0, 0, 853.33, 22844, 12310, 726.95%, 1861, 1861
1706881146, 1, 108, 237, 0, 0, 726.95%, 105, 0, 0, 853.33, 23006, 12404, 726.95%, 1861, 1861
1706881147, 1, 110, 237, 0, 0, 726.95%, 105, 0, 0, 340.00, 23052, 12460, 726.95%, 1861, 1861
1706881147, 1, 114, 237, 0, 0, 726.95%, 105, 0, 0, 614.89, 23136, 12566, 726.95%, 1861, 1861
1706881147, 1, 114, 237, 0, 0, 726.95%, 105, 0, 0, 551.50, 23222, 12646, 726.95%, 1861, 1861
1706881148, 1, 114, 237, 0, 0, 726.95%, 105, 0, 0, 544.85, 23292, 12740, 726.95%, 1861, 1861
1706881148, 1, 114, 237, 0, 0, 726.95%, 105, 0, 0, 460.32, 23355, 12822, 726.95%, 1861, 1861
1706881148, 1, 114, 237, 0, 0, 726.95%, 105, 0, 0, 621.26, 23441, 12923, 726.95%, 1861, 1861
1706881148, 1, 117, 237, 0, 0, 726.95%, 105, 0, 0, 730.00, 23552, 13031, 726.95%, 1861, 1861
1706881149, 1, 123, 237, 0, 0, 726.95%, 105, 0, 0, 643.33, 23649, 13127, 726.95%, 1861, 1861
1706881149, 1, 126, 237, 0, 0, 726.95%, 105, 0, 0, 650.33, 23725, 13250, 726.95%, 1861, 1861
1706881149, 1, 126, 238, 0, 0, 726.95%, 105, 0, 0, 512.90, 23788, 13346, 726.95%, 1861, 1861
1706881150, 1, 126, 238, 0, 0, 726.95%, 105, 0, 0, 576.67, 23859, 13448, 726.95%, 1861, 1861
1706881150, 1, 126, 238, 0, 0, 726.95%, 106, 0, 0, 591.36, 23923, 13562, 726.95%, 1861, 1861
1706881150, 1, 126, 238, 0, 0, 726.95%, 106, 0, 0, 581.40, 23989, 13671, 726.95%, 1861, 1861
1706881151, 1, 130, 238, 0, 0, 726.95%, 107, 0, 0, 623.33, 24080, 13767, 726.95%, 1861, 1861
1706881151, 1, 136, 238, 0, 0, 726.95%, 107, 0, 0, 786.67, 24240, 13843, 726.95%, 1861, 1861
1706881151, 1, 143, 238, 0, 0, 726.95%, 107, 0, 0, 876.67, 24396, 13950, 726.95%, 1861, 1861
1706881151, 1, 151, 238, 0, 0, 726.95%, 107, 0, 0, 1086.67, 24581, 14091, 726.95%, 1861, 1861
1706881152, 1, 159, 239, 0, 0, 726.95%, 107, 0, 0, 923.33, 24745, 14204, 726.95%, 1861, 1861
1706881152, 1, 164, 239, 0, 0, 726.95%, 108, 0, 0, 820.00, 24883, 14312, 726.95%, 1861, 1861
1706881152, 1, 164, 239, 0, 0, 726.95%, 108, 0, 0, 663.33, 24999, 14395, 726.95%, 1861, 1861
1706881153, 1, 164, 239, 0, 0, 726.95%, 108, 0, 0, 693.33, 25109, 14493, 726.95%, 1861, 1861
1706881153, 1, 164, 239, 0, 0, 726.95%, 108, 0, 0, 641.20, 25206, 14589, 726.95%, 1861, 1861
1706881153, 1, 166, 239, 0, 0, 726.95%, 108, 0, 0, 655.63, 25306, 14687, 726.95%, 1861, 1861
1706881154, 1, 168, 239, 0, 0, 726.95%, 108, 0, 0, 670.00, 25391, 14803, 726.95%, 1861, 1861
1706881154, 1, 168, 239, 0, 0, 726.95%, 108, 0, 0, 664.45, 25468, 14926, 726.95%, 1861, 1861
1706881154, 1, 168, 239, 0, 0, 726.95%, 109, 0, 0, 598.01, 25534, 15040, 726.95%, 1861, 1861
1706881154, 1, 168, 239, 0, 0, 726.95%, 109, 0, 0, 700.00, 25615, 15169, 726.95%, 1861, 1861
1706881155, 1, 169, 239, 0, 0, 726.95%, 109, 0, 0, 681.06, 25704, 15285, 726.95%, 1861, 1861
1706881155, 1, 169, 239, 0, 0, 726.95%, 109, 0, 0, 666.67, 25790, 15399, 726.95%, 1861, 1861
1706881155, 1, 169, 239, 0, 0, 726.95%, 109, 0, 0, 683.33, 25876, 15518, 726.95%, 1861, 1861
1706881156, 1, 169, 239, 0, 0, 726.95%, 109, 0, 0, 596.67, 25952, 15621, 726.95%, 1861, 1861
1706881156, 1, 171, 239, 0, 0, 726.95%, 109, 0, 0, 646.67, 26046, 15721, 726.95%, 1861, 1861
1706881156, 1, 172, 240, 0, 0, 726.95%, 109, 0, 0, 633.33, 26139, 15818, 726.95%, 1861, 1861
1706881157, 1, 172, 241, 0, 0, 726.95%, 109, 0, 0, 660.00, 26232, 15923, 726.95%, 1861, 1861
1706881157, 1, 172, 241, 0, 0, 726.95%, 109, 0, 0, 636.67, 26330, 16016, 726.95%, 1861, 1861
1706881157, 1, 172, 241, 0, 0, 726.95%, 109, 0, 0, 633.33, 26423, 16113, 726.95%, 1861, 1861
1706881157, 1, 175, 241, 0, 0, 726.95%, 109, 0, 0, 556.29, 26495, 16209, 726.95%, 1861, 1861
1706881158, 1, 177, 241, 0, 0, 726.95%, 109, 0, 0, 646.67, 26580, 16318, 726.95%, 1861, 1861
1706881158, 1, 177, 241, 0, 0, 726.95%, 109, 0, 0, 585.53, 26669, 16407, 726.95%, 1861, 1861
1706881158, 1, 177, 241, 0, 0, 726.95%, 110, 0, 0, 613.33, 26744, 16516, 726.95%, 1861, 1861
1706881159, 1, 177, 241, 0, 0, 726.95%, 110, 0, 0, 596.67, 26831, 16608, 726.95%, 1861, 1861
1706881159, 1, 178, 241, 0, 0, 726.95%, 111, 0, 0, 636.67, 26923, 16707, 726.95%, 1861, 1861
1706881159, 1, 183, 241, 0, 0, 726.95%, 111, 0, 0, 583.33, 27003, 16802, 726.95%, 1861, 1861
1706881160, 1, 187, 241, 0, 0, 726.95%, 111, 0, 0, 530.00, 27068, 16896, 726.95%, 1861, 1861
1706881160, 1, 192, 242, 0, 0, 726.95%, 112, 0, 0, 713.33, 27201, 16977, 726.95%, 1861, 1861
1706881160, 1, 196, 243, 0, 0, 726.95%, 112, 0, 0, 576.67, 27277, 17074, 726.95%, 1861, 1861
1706881160, 1, 201, 243, 0, 0, 726.95%, 113, 0, 0, 653.33, 27354, 17193, 726.95%, 1861, 1861
1706881161, 1, 205, 243, 0, 0, 726.95%, 113, 0, 0, 513.33, 27439, 17262, 726.95%, 1861, 1861
1706881161, 1, 209, 243, 0, 0, 726.95%, 114, 0, 0, 573.33, 27517, 17356, 726.95%, 1861, 1861
1706881161, 1, 213, 243, 0, 0, 726.95%, 114, 0, 0, 551.50, 27606, 17433, 726.95%, 1861, 1861
1706881162, 1, 217, 243, 0, 0, 726.95%, 114, 0, 0, 508.31, 27670, 17522, 726.95%, 1861, 1861
1706881162, 1, 221, 243, 0, 0, 726.95%, 114, 0, 0, 474.03, 27739, 17599, 726.95%, 1861, 1861
1706881162, 1, 225, 243, 0, 0, 726.95%, 114, 0, 0, 511.63, 27796, 17696, 726.95%, 1861, 1861
1706881163, 1, 228, 244, 0, 0, 726.95%, 114, 0, 0, 491.69, 27859, 17781, 726.95%, 1861, 1861
1706881163, 1, 231, 244, 0, 0, 726.95%, 115, 0, 0, 399.34, 27904, 17857, 726.95%, 1861, 1861
1706881163, 1, 236, 246, 0, 0, 726.95%, 115, 0, 0, 617.94, 28011, 17936, 726.95%, 1861, 1861
1706881164, 1, 240, 247, 0, 0, 726.95%, 115, 0, 0, 503.31, 28100, 17999, 726.95%, 1861, 1861
1706881164, 1, 244, 247, 0, 0, 726.95%, 117, 0, 0, 508.31, 28177, 18075, 726.95%, 1861, 1861
1706881164, 1, 247, 249, 0, 0, 726.95%, 118, 0, 0, 361.29, 28229, 18135, 726.95%, 1861, 1861
1706881164, 2, 0, 250, 0, 0, 726.95%, 118, 0, 0, 1056.67, 28461, 18220, 726.95%, 1861, 1861
1706881165, 2, 2, 250, 0, 0, 726.95%, 118, 0, 0, 2169.38, 29084, 18263, 726.95%, 1861, 1861
1706881165, 2, 4, 250, 0, 0, 726.95%, 118, 0, 0, 1883.33, 29590, 18322, 726.95%, 1861, 1861
1706881165, 2, 6, 250, 0, 0, 726.95%, 118, 0, 0, 2048.70, 30137, 18406, 726.95%, 1861, 1861
1706881166, 2, 9, 250, 0, 0, 726.95%, 118, 0, 0, 1976.67, 30633, 18503, 726.95%, 1861, 1861
1706881166, 2, 11, 250, 0, 0, 726.95%, 119, 0, 0, 1853.33, 31143, 18549, 726.95%, 1861, 1861
1706881166, 2, 11, 250, 0, 0, 726.95%, 119, 0, 0, 920.00, 31339, 18629, 726.95%, 1861, 1861
1706881167, 2, 11, 250, 0, 0, 726.95%, 119, 0, 0, 903.33, 31526, 18713, 726.95%, 1861, 1861
1706881167, 2, 15, 250, 0, 0, 726.95%, 119, 0, 0, 1250.00, 31812, 18802, 726.95%, 1861, 1861
1706881167, 2, 17, 250, 0, 0, 726.95%, 120, 0, 0, 2366.67, 32435, 18889, 726.95%, 1861, 1861
1706881167, 2, 22, 250, 0, 0, 726.95%, 120, 0, 0, 1119.60, 32631, 19030, 726.95%, 1861, 1861
1706881168, 2, 22, 250, 0, 0, 726.95%, 120, 0, 0, 837.21, 32744, 19169, 726.95%, 1861, 1861
1706881168, 2, 22, 250, 0, 0, 726.95%, 122, 0, 0, 713.33, 32840, 19287, 726.95%, 1861, 1861
1706881168, 2, 29, 250, 0, 0, 726.95%, 122, 0, 0, 1110.00, 33075, 19385, 726.95%, 1861, 1861
1706881169, 2, 30, 250, 0, 0, 726.95%, 122, 0, 0, 1103.33, 33340, 19451, 726.95%, 1861, 1861
1706881169, 2, 30, 250, 0, 0, 726.95%, 122, 0, 0, 873.33, 33541, 19512, 726.95%, 1861, 1861
1706881169, 2, 30, 250, 0, 0, 726.95%, 122, 0, 0, 803.33, 33718, 19576, 726.95%, 1861, 1861
1706881170, 2, 37, 250, 0, 0, 726.95%, 122, 0, 0, 1110.00, 33958, 19669, 726.95%, 1861, 1861
1706881170, 2, 37, 250, 0, 0, 726.95%, 122, 0, 0, 953.33, 34128, 19785, 726.95%, 1861, 1861
1706881170, 2, 37, 250, 0, 0, 726.95%, 122, 0, 0, 936.67, 34300, 19894, 726.95%, 1861, 1861
1706881170, 2, 38, 250, 0, 0, 726.95%, 122, 0, 0, 880.00, 34459, 19999, 726.95%, 1861, 1861
1706881171, 2, 38, 250, 0, 0, 726.95%, 122, 0, 0, 833.33, 34610, 20098, 726.95%, 1861, 1861
1706881171, 2, 38, 250, 0, 0, 726.95%, 122, 0, 0, 876.67, 34754, 20217, 726.95%, 1861, 1861
1706881171, 2, 39, 250, 0, 0, 726.95%, 122, 0, 0, 1233.33, 34957, 20384, 726.95%, 1861, 1861
1706881172, 2, 44, 252, 0, 0, 726.95%, 122, 0, 0, 1256.67, 35205, 20513, 726.95%, 1861, 1861
1706881172, 2, 47, 252, 0, 0, 726.95%, 122, 0, 0, 933.33, 35384, 20614, 726.95%, 1861, 1861
1706881172, 2, 47, 252, 0, 0, 726.95%, 123, 0, 0, 820.60, 35532, 20713, 726.95%, 1861, 1861
1706881173, 2, 47, 252, 0, 0, 726.95%, 125, 0, 0, 816.67, 35682, 20808, 726.95%, 1861, 1861
1706881173, 2, 54, 252, 0, 0, 726.95%, 125, 0, 0, 1536.67, 36017, 20934, 726.95%, 1861, 1861
1706881173, 2, 61, 252, 0, 0, 726.95%, 126, 0, 0, 1010.00, 36228, 21026, 726.95%, 1861, 1861
1706881173, 2, 68, 252, 0, 0, 726.95%, 126, 0, 0, 870.00, 36377, 21138, 726.95%, 1861, 1861
1706881174, 2, 78, 252, 0, 0, 726.95%, 126, 0, 0, 1000.00, 36564, 21251, 726.95%, 1861, 1861
1706881174, 2, 84, 252, 0, 0, 726.95%, 126, 0, 0, 863.33, 36721, 21353, 726.95%, 1861, 1861
1706881174, 2, 93, 252, 0, 0, 726.95%, 126, 0, 0, 940.00, 36926, 21430, 726.95%, 1861, 1861
1706881175, 2, 99, 252, 0, 0, 726.95%, 126, 0, 0, 836.67, 37108, 21499, 726.95%, 1861, 1861
1706881175, 2, 107, 252, 0, 0, 726.95%, 126, 0, 0, 920.00, 37296, 21587, 726.95%, 1861, 1861
1706881175, 2, 113, 252, 0, 0, 726.95%, 127, 0, 0, 816.67, 37400, 21728, 726.95%, 1861, 1861
1706881176, 2, 114, 252, 0, 0, 726.95%, 127, 0, 0, 604.65, 37487, 21823, 726.95%, 1861, 1861
1706881176, 2, 114, 252, 0, 0, 726.95%, 127, 0, 0, 671.10, 37576, 21936, 726.95%, 1861, 1861
1706881176, 2, 114, 252, 0, 0, 726.95%, 127, 0, 0, 627.91, 37673, 22028, 726.95%, 1861, 1861
1706881176, 2, 114, 252, 0, 0, 726.95%, 127, 0, 0, 666.67, 37759, 22142, 726.95%, 1861, 1861
1706881177, 2, 118, 252, 0, 0, 726.95%, 127, 0, 0, 730.00, 37863, 22257, 726.95%, 1861, 1861
1706881177, 2, 125, 252, 0, 0, 726.95%, 127, 0, 0, 836.67, 37985, 22386, 726.95%, 1861, 1861
1706881177, 2, 126, 252, 0, 0, 726.95%, 127, 0, 0, 623.82, 38058, 22512, 726.95%, 1861, 1861
1706881178, 2, 126, 252, 0, 0, 726.95%, 127, 0, 0, 600.00, 38131, 22619, 726.95%, 1861, 1861
1706881178, 2, 126, 252, 0, 0, 726.95%, 127, 0, 0, 544.85, 38198, 22716, 726.95%, 1861, 1861
1706881178, 2, 126, 252, 0, 0, 726.95%, 127, 0, 0, 593.33, 38252, 22840, 726.95%, 1861, 1861
1706881179, 2, 128, 252, 0, 0, 726.95%, 127, 0, 0, 640.00, 38330, 22954, 726.95%, 1861, 1861
1706881179, 2, 134, 252, 0, 0, 726.95%, 127, 0, 0, 750.00, 38456, 23053, 726.95%, 1861, 1861
1706881179, 2, 139, 252, 0, 0, 726.95%, 127, 0, 0, 710.00, 38595, 23127, 726.95%, 1861, 1861
1706881179, 2, 147, 252, 0, 0, 726.95%, 127, 0, 0, 953.33, 38757, 23251, 726.95%, 1861, 1861
1706881180, 2, 156, 252, 0, 0, 726.95%, 127, 0, 0, 1150.00, 38962, 23391, 726.95%, 1861, 1861
1706881180, 2, 163, 252, 0, 0, 726.95%, 127, 0, 0, 820.00, 39098, 23501, 726.95%, 1861, 1861
1706881180, 2, 164, 252, 0, 0, 726.95%, 127, 0, 0, 584.72, 39203, 23572, 726.95%, 1861, 1861
1706881181, 2, 164, 252, 0, 0, 726.95%, 127, 0, 0, 663.33, 39310, 23664, 726.95%, 1861, 1861
1706881181, 2, 164, 252, 0, 0, 726.95%, 127, 0, 0, 393.55, 39376, 23720, 726.95%, 1861, 1861
1706881181, 2, 164, 252, 0, 0, 726.95%, 127, 0, 0, 340.36, 39438, 23771, 726.95%, 1861, 1861
1706881182, 2, 164, 252, 0, 0, 726.95%, 127, 0, 0, 576.67, 39524, 23858, 726.95%, 1861, 1861
1706881182, 2, 166, 252, 0, 0, 726.95%, 128, 0, 0, 508.31, 39603, 23932, 726.95%, 1861, 1861
1706881182, 2, 168, 252, 0, 0, 726.95%, 128, 0, 0, 583.61, 39670, 24043, 726.95%, 1861, 1861
1706881183, 2, 168, 252, 0, 0, 726.95%, 128, 0, 0, 412.31, 39724, 24123, 726.95%, 1861, 1861
1706881183, 2, 168, 252, 0, 0, 726.95%, 128, 0, 0, 568.11, 39804, 24214, 726.95%, 1861, 1861
1706881183, 2, 168, 252, 0, 0, 726.95%, 128, 0, 0, 561.46, 39868, 24319, 726.95%, 1861, 1861
1706881183, 2, 168, 252, 0, 0, 726.95%, 128, 0, 0, 473.33, 39938, 24391, 726.95%, 1861, 1861
1706881184, 2, 169, 252, 0, 0, 726.95%, 128, 0, 0, 548.17, 40014, 24480, 726.95%, 1861, 1861
1706881184, 2, 169, 252, 0, 0, 726.95%, 128, 0, 0, 594.68, 40095, 24578, 726.95%, 1861, 1861
1706881184, 2, 169, 252, 0, 0, 726.95%, 128, 0, 0, 650.00, 40181, 24687, 726.95%, 1861, 1861
1706881185, 2, 169, 252, 0, 0, 726.95%, 128, 0, 0, 651.16, 40279, 24785, 726.95%, 1861, 1861
1706881185, 2, 171, 252, 0, 0, 726.95%, 128, 0, 0, 663.33, 40369, 24894, 726.95%, 1861, 1861
1706881185, 2, 172, 252, 0, 0, 726.95%, 128, 0, 0, 676.67, 40462, 25004, 726.95%, 1861, 1861
1706881186, 2, 172, 252, 0, 0, 726.95%, 128, 0, 0, 601.33, 40550, 25097, 726.95%, 1861, 1861
1706881186, 2, 172, 252, 0, 0, 726.95%, 128, 0, 0, 633.33, 40665, 25172, 726.95%, 1861, 1861
1706881186, 2, 172, 252, 0, 0, 726.95%, 128, 0, 0, 663.33, 40762, 25274, 726.95%, 1861, 1861
1706881186, 2, 175, 252, 0, 0, 726.95%, 128, 0, 0, 654.49, 40856, 25377, 726.95%, 1861, 1861
1706881187, 2, 177, 252, 0, 0, 726.95%, 128, 0, 0, 661.13, 40953, 25479, 726.95%, 1861, 1861
1706881187, 2, 177, 252, 0, 0, 726.95%, 128, 0, 0, 670.00, 41047, 25586, 726.95%, 1861, 1861
1706881187, 2, 177, 252, 0, 0, 726.95%, 128, 0, 0, 654.49, 41143, 25687, 726.95%, 1861, 1861
1706881188, 2, 177, 252, 0, 0, 726.95%, 129, 0, 0, 591.36, 41230, 25778, 726.95%, 1861, 1861
1706881188, 2, 180, 252, 0, 0, 726.95%, 129, 0, 0, 634.55, 41310, 25889, 726.95%, 1861, 1861
1706881188, 2, 184, 252, 0, 0, 726.95%, 129, 0, 0, 503.33, 41374, 25976, 726.95%, 1861, 1861
1706881189, 2, 188, 252, 0, 0, 726.95%, 130, 0, 0, 566.67, 41462, 26058, 726.95%, 1861, 1861
1706881189, 2, 193, 252, 0, 0, 726.95%, 130, 0, 0, 706.67, 41585, 26147, 726.95%, 1861, 1861
1706881189, 2, 198, 252, 0, 0, 726.95%, 131, 0, 0, 596.67, 41670, 26241, 726.95%, 1861, 1861
1706881189, 2, 202, 252, 0, 0, 726.95%, 131, 0, 0, 627.91, 41753, 26347, 726.95%, 1861, 1861
1706881190, 2, 207, 252, 0, 0, 726.95%, 131, 0, 0, 656.67, 41843, 26454, 726.95%, 1861, 1861
1706881190, 2, 211, 252, 0, 0, 726.95%, 131, 0, 0, 543.33, 41924, 26536, 726.95%, 1861, 1861
1706881190, 2, 215, 252, 0, 0, 726.95%, 131, 0, 0, 576.67, 41992, 26641, 726.95%, 1861, 1861
1706881191, 2, 219, 252, 0, 0, 726.95%, 131, 0, 0, 516.67, 42062, 26726, 726.95%, 1861, 1861
1706881191, 2, 223, 252, 0, 0, 726.95%, 131, 0, 0, 483.33, 42117, 26816, 726.95%, 1861, 1861
1706881191, 2, 227, 253, 0, 0, 726.95%, 131, 0, 0, 495.27, 42177, 26913, 726.95%, 1861, 1861
1706881192, 2, 231, 254, 0, 0, 726.95%, 131, 0, 0, 503.33, 42241, 27000, 726.95%, 1861, 1861
1706881192, 2, 233, 254, 0, 0, 726.95%, 131, 0, 0, 383.33, 42294, 27062, 726.95%, 1861, 1861
1706881192, 2, 239, 254, 0, 0, 726.95%, 131, 0, 0, 723.33, 42420, 27153, 726.95%, 1861, 1861
1706881192, 2, 243, 255, 0, 0, 726.95%, 131, 0, 0, 541.53, 42499, 27237, 726.95%, 1861, 1861
1706881193, 2, 248, 255, 0, 0, 726.95%, 131, 0, 0, 576.67, 42579, 27330, 726.95%, 1861, 1861
1706881193, 2, 252, 256, 0, 0, 726.95%, 131, 0, 0, 606.67, 42692, 27399, 726.95%, 1861, 1861
1706881193, 2, 256, 257, 0, 0, 726.95%, 131, 0, 0, 443.33, 42740, 27484, 726.95%, 1861, 1861
1706881194, 3, 1, 257, 0, 0, 726.95%, 131, 0, 0, 1733.33, 43174, 27570, 726.95%, 1861, 1861
1706881194, 3, 3, 257, 0, 0, 726.95%, 131, 0, 0, 2253.33, 43798, 27622, 726.95%, 1861, 1861
1706881194, 3, 5, 257, 0, 0, 726.95%, 131, 0, 0, 2243.33, 44383, 27710, 726.95%, 1861, 1861
1706881195, 3, 8, 257, 0, 0, 726.95%, 131, 0, 0, 2153.33, 44908, 27831, 726.95%, 1861, 1861
1706881195, 3, 10, 257, 0, 0, 726.95%, 131, 0, 0, 2310.00, 45541, 27891, 726.95%, 1861, 1861
1706881195, 3, 11, 257, 0, 0, 726.95%, 132, 0, 0, 966.67, 45743, 27979, 726.95%, 1861, 1861
1706881195, 3, 11, 257, 0, 0, 726.95%, 132, 0, 0, 983.33, 45945, 28072, 726.95%, 1861, 1861
1706881196, 3, 15, 257, 0, 0, 726.95%, 132, 0, 0, 1476.67, 46314, 28146, 726.95%, 1861, 1861
1706881196, 3, 17, 257, 0, 0, 726.95%, 132, 0, 0, 2263.33, 46914, 28225, 726.95%, 1861, 1861
1706881196, 3, 22, 257, 0, 0, 726.95%, 132, 0, 0, 1070.00, 47101, 28359, 726.95%, 1861, 1861
1706881197, 3, 22, 257, 0, 0, 726.95%, 132, 0, 0, 843.33, 47208, 28505, 726.95%, 1861, 1861
1706881197, 3, 22, 257, 0, 0, 726.95%, 132, 0, 0, 836.67, 47316, 28648, 726.95%, 1861, 1861
1706881197, 3, 30, 257, 0, 0, 726.95%, 132, 0, 0, 1753.33, 47732, 28758, 726.95%, 1861, 1861
1706881198, 3, 30, 257, 0, 0, 726.95%, 132, 0, 0, 920.00, 47926, 28840, 726.95%, 1861, 1861
1706881198, 3, 30, 257, 0, 0, 726.95%, 132, 0, 0, 893.33, 48136, 28898, 726.95%, 1861, 1861
1706881198, 3, 37, 257, 0, 0, 726.95%, 132, 0, 0, 1023.33, 48367, 28974, 726.95%, 1861, 1861
1706881198, 3, 37, 257, 0, 0, 726.95%, 133, 0, 0, 933.33, 48537, 29084, 726.95%, 1861, 1861
1706881199, 3, 37, 257, 0, 0, 726.95%, 133, 0, 0, 986.67, 48707, 29210, 726.95%, 1861, 1861
1706881199, 3, 38, 257, 0, 0, 726.95%, 133, 0, 0, 943.52, 48870, 29331, 726.95%, 1861, 1861
1706881199, 3, 38, 257, 0, 0, 726.95%, 134, 0, 0, 890.00, 49036, 29432, 726.95%, 1861, 1861
1706881200, 3, 38, 257, 0, 0, 726.95%, 134, 0, 0, 903.33, 49196, 29543, 726.95%, 1861, 1861
1706881200, 3, 39, 257, 0, 0, 726.95%, 134, 0, 0, 1226.67, 49407, 29700, 726.95%, 1861, 1861
1706881200, 3, 44, 257, 0, 0, 726.95%, 134, 0, 0, 1266.67, 49642, 29845, 726.95%, 1861, 1861
1706881201, 3, 47, 257, 0, 0, 726.95%, 134, 0, 0, 890.00, 49805, 29949, 726.95%, 1861, 1861
1706881201, 3, 47, 257, 0, 0, 726.95%, 134, 0, 0, 850.50, 49944, 30066, 726.95%, 1861, 1861
1706881201, 3, 47, 257, 0, 0, 726.95%, 134, 0, 0, 840.00, 50097, 30165, 726.95%, 1861, 1861
1706881201, 3, 54, 257, 0, 0, 726.95%, 134, 0, 0, 1630.00, 50457, 30294, 726.95%, 1861, 1861
1706881202, 3, 61, 257, 0, 0, 726.95%, 136, 0, 0, 1040.00, 50671, 30392, 726.95%, 1861, 1861
1706881202, 3, 71, 257, 0, 0, 726.95%, 138, 0, 0, 1052.98, 50868, 30513, 726.95%, 1861, 1861
1706881202, 3, 80, 257, 0, 0, 726.95%, 138, 0, 0, 1036.67, 51080, 30612, 726.95%, 1861, 1861
1706881203, 3, 89, 257, 0, 0, 726.95%, 138, 0, 0, 1003.33, 51267, 30726, 726.95%, 1861, 1861
1706881203, 3, 97, 257, 0, 0, 726.95%, 138, 0, 0, 940.20, 51460, 30816, 726.95%, 1861, 1861
1706881203, 3, 103, 257, 0, 0, 726.95%, 139, 0, 0, 806.67, 51618, 30900, 726.95%, 1861, 1861
1706881204, 3, 110, 257, 0, 0, 726.95%, 139, 0, 0, 856.67, 51752, 31023, 726.95%, 1861, 1861
1706881204, 3, 114, 257, 0, 0, 726.95%, 140, 0, 0, 756.67, 51871, 31131, 726.95%, 1861, 1861
1706881204, 3, 114, 257, 0, 0, 726.95%, 140, 0, 0, 621.36, 51963, 31231, 726.95%, 1861, 1861
1706881204, 3, 114, 257, 0, 0, 726.95%, 140, 0, 0, 660.00, 52058, 31334, 726.95%, 1861, 1861
1706881205, 3, 114, 257, 0, 0, 726.95%, 140, 0, 0, 663.33, 52155, 31436, 726.95%, 1861, 1861
1706881205, 3, 116, 257, 0, 0, 726.95%, 140, 0, 0, 700.00, 52253, 31548, 726.95%, 1861, 1861
1706881205, 3, 122, 257, 0, 0, 726.95%, 140, 0, 0, 836.67, 52368, 31684, 726.95%, 1861, 1861
1706881206, 3, 126, 257, 0, 0, 726.95%, 140, 0, 0, 714.29, 52454, 31813, 726.95%, 1861, 1861
1706881206, 3, 126, 257, 0, 0, 726.95%, 141, 0, 0, 636.67, 52533, 31925, 726.95%, 1861, 1861
1706881206, 3, 126, 257, 0, 0, 726.95%, 141, 0, 0, 647.84, 52604, 32049, 726.95%, 1861, 1861
1706881207, 3, 126, 257, 0, 0, 726.95%, 142, 0, 0, 637.87, 52688, 32157, 726.95%, 1861, 1861
1706881207, 3, 128, 257, 0, 0, 726.95%, 142, 0, 0, 676.67, 52779, 32269, 726.95%, 1861, 1861
1706881207, 3, 134, 257, 0, 0, 726.95%, 142, 0, 0, 774.09, 52917, 32364, 726.95%, 1861, 1861
1706881207, 3, 140, 257, 0, 0, 726.95%, 143, 0, 0, 796.67, 53066, 32454, 726.95%, 1861, 1861
1706881208, 3, 148, 257, 0, 0, 726.95%, 143, 0, 0, 1073.33, 53241, 32601, 726.95%, 1861, 1861
1706881208, 3, 157, 257, 0, 0, 726.95%, 143, 0, 0, 1116.67, 53443, 32734, 726.95%, 1861, 1861
1706881208, 3, 163, 257, 0, 0, 726.95%, 144, 0, 0, 760.00, 53572, 32833, 726.95%, 1861, 1861
1706881209, 3, 164, 257, 0, 0, 726.95%, 144, 0, 0, 646.67, 53675, 32924, 726.95%, 1861, 1861
1706881209, 3, 164, 257, 0, 0, 726.95%, 144, 0, 0, 724.25, 53782, 33035, 726.95%, 1861, 1861
1706881209, 3, 164, 257, 0, 0, 726.95%, 144, 0, 0, 660.00, 53901, 33114, 726.95%, 1861, 1861
1706881210, 3, 165, 257, 0, 0, 726.95%, 144, 0, 0, 736.67, 54015, 33221, 726.95%, 1861, 1861
1706881210, 3, 168, 257, 0, 0, 726.95%, 145, 0, 0, 766.67, 54104, 33362, 726.95%, 1861, 1861
1706881210, 3, 168, 257, 0, 0, 726.95%, 145, 0, 0, 733.33, 54189, 33497, 726.95%, 1861, 1861
1706881210, 3, 168, 257, 0, 0, 726.95%, 145, 0, 0, 750.83, 54269, 33643, 726.95%, 1861, 1861
1706881211, 3, 168, 257, 0, 0, 726.95%, 145, 0, 0, 730.00, 54352, 33779, 726.95%, 1861, 1861
1706881211, 3, 169, 257, 0, 0, 726.95%, 145, 0, 0, 643.33, 54430, 33894, 726.95%, 1861, 1861
1706881211, 3, 169, 257, 0, 0, 726.95%, 145, 0, 0, 644.95, 54519, 34003, 726.95%, 1861, 1861
1706881212, 3, 169, 257, 0, 0, 726.95%, 145, 0, 0, 684.39, 54607, 34121, 726.95%, 1861, 1861
1706881212, 3, 169, 257, 0, 0, 726.95%, 145, 0, 0, 643.33, 54700, 34221, 726.95%, 1861, 1861
1706881212, 3, 172, 257, 0, 0, 726.95%, 145, 0, 0, 593.33, 54784, 34315, 726.95%, 1861, 1861
1706881213, 3, 172, 257, 0, 0, 726.95%, 145, 0, 0, 693.33, 54867, 34440, 726.95%, 1861, 1861
1706881213, 3, 172, 258, 0, 0, 726.95%, 145, 0, 0, 681.06, 54961, 34551, 726.95%, 1861, 1861
1706881213, 3, 172, 258, 0, 0, 726.95%, 145, 0, 0, 617.94, 55045, 34653, 726.95%, 1861, 1861
1706881214, 3, 172, 258, 0, 0, 726.95%, 146, 0, 0, 620.00, 55129, 34755, 726.95%, 1861, 1861
1706881214, 3, 177, 258, 0, 0, 726.95%, 146, 0, 0, 643.33, 55218, 34859, 726.95%, 1861, 1861
1706881214, 3, 177, 258, 0, 0, 726.95%, 146, 0, 0, 666.67, 55316, 34961, 726.95%, 1861, 1861
1706881214, 3, 177, 258, 0, 0, 726.95%, 146, 0, 0, 620.00, 55401, 35062, 726.95%, 1861, 1861
1706881215, 3, 177, 258, 0, 0, 726.95%, 146, 0, 0, 633.33, 55486, 35167, 726.95%, 1861, 1861
1706881215, 3, 177, 258, 0, 0, 726.95%, 146, 0, 0, 653.33, 55580, 35269, 726.95%, 1861, 1861
1706881215, 3, 181, 258, 0, 0, 726.95%, 146, 0, 0, 546.36, 55644, 35370, 726.95%, 1861, 1861
1706881216, 3, 184, 258, 0, 0, 726.95%, 146, 0, 0, 465.12, 55716, 35438, 726.95%, 1861, 1861
1706881216, 3, 188, 258, 0, 0, 726.95%, 146, 0, 0, 470.00, 55783, 35512, 726.95%, 1861, 1861
1706881216, 3, 193, 258, 0, 0, 726.95%, 146, 0, 0, 726.67, 55898, 35615, 726.95%, 1861, 1861
1706881217, 3, 197, 258, 0, 0, 726.95%, 146, 0, 0, 506.67, 55962, 35703, 726.95%, 1861, 1861
1706881217, 3, 201, 258, 0, 0, 726.95%, 147, 0, 0, 561.46, 56038, 35796, 726.95%, 1861, 1861
1706881217, 3, 203, 258, 0, 0, 726.95%, 147, 0, 0, 267.33, 56081, 35834, 726.95%, 1861, 1861
1706881217, 3, 207, 259, 0, 0, 726.95%, 147, 0, 0, 500.00, 56158, 35907, 726.95%, 1861, 1861
1706881218, 3, 211, 259, 0, 0, 726.95%, 147, 0, 0, 475.41, 56229, 35981, 726.95%, 1861, 1861
1706881218, 3, 214, 259, 0, 0, 726.95%, 147, 0, 0, 376.95, 56282, 36049, 726.95%, 1861, 1861
1706881218, 3, 217, 259, 0, 0, 726.95%, 147, 0, 0, 453.33, 56334, 36133, 726.95%, 1861, 1861
1706881219, 3, 220, 259, 0, 0, 726.95%, 147, 0, 0, 471.76, 56404, 36205, 726.95%, 1861, 1861
1706881219, 3, 224, 259, 0, 0, 726.95%, 147, 0, 0, 473.33, 56466, 36285, 726.95%, 1861, 1861
1706881219, 3, 227, 259, 0, 0, 726.95%, 147, 0, 0, 460.00, 56537, 36352, 726.95%, 1861, 1861
1706881220, 3, 231, 259, 0, 0, 726.95%, 147, 0, 0, 506.67, 56591, 36450, 726.95%, 1861, 1861
1706881220, 3, 236, 259, 0, 0, 726.95%, 147, 0, 0, 636.67, 56699, 36533, 726.95%, 1861, 1861
1706881220, 3, 241, 259, 0, 0, 726.95%, 147, 0, 0, 600.00, 56795, 36617, 726.95%, 1861, 1861
1706881220, 3, 245, 259, 0, 0, 726.95%, 147, 0, 0, 496.67, 56856, 36705, 726.95%, 1861, 1861
1706881221, 3, 249, 259, 0, 0, 726.95%, 147, 0, 0, 550.00, 56948, 36778, 726.95%, 1861, 1861
1706881221, 3, 254, 260, 0, 0, 726.95%, 147, 0, 0, 636.67, 57038, 36879, 726.95%, 1861, 1861
1706881221, 3, 258, 261, 0, 0, 726.95%, 147, 0, 0, 536.67, 57107, 36971, 726.95%, 1861, 1861
1706881222, 4, 0, 261, 0, 0, 726.95%, 147, 0, 0, 1213.33, 57370, 37072, 726.95%, 1861, 1861
1706881222, 4, 2, 261, 0, 0, 726.95%, 147, 0, 0, 2433.33, 58052, 37120, 726.95%, 1861, 1861
1706881222, 4, 5, 261, 0, 0, 726.95%, 147, 0, 0, 2286.67, 58647, 37211, 726.95%, 1861, 1861
1706881223, 4, 8, 261, 0, 0, 726.95%, 147, 0, 0, 2250.00, 59216, 37317, 726.95%, 1861, 1861
1706881223, 4, 10, 261, 0, 0, 726.95%, 147, 0, 0, 2100.00, 59786, 37377, 726.95%, 1861, 1861
1706881223, 4, 11, 261, 0, 0, 726.95%, 147, 0, 0, 1216.67, 60079, 37449, 726.95%, 1861, 1861
1706881223, 4, 11, 261, 0, 0, 726.95%, 147, 0, 0, 873.33, 60255, 37535, 726.95%, 1861, 1861
1706881224, 4, 11, 261, 0, 0, 726.95%, 147, 0, 0, 816.67, 60417, 37618, 726.95%, 1861, 1861
1706881224, 4, 16, 261, 0, 0, 726.95%, 148, 0, 0, 1743.33, 60880, 37678, 726.95%, 1861, 1861
1706881224, 4, 22, 261, 0, 0, 726.95%, 148, 0, 0, 2070.00, 61409, 37770, 726.95%, 1861, 1861
1706881225, 4, 22, 261, 0, 0, 726.95%, 148, 0, 0, 723.33, 61501, 37895, 726.95%, 1861, 1861
1706881225, 4, 22, 261, 0, 0, 726.95%, 149, 0, 0, 707.64, 61582, 38027, 726.95%, 1861, 1861
1706881225, 4, 22, 261, 0, 0, 726.95%, 149, 0, 0, 773.33, 61680, 38161, 726.95%, 1861, 1861
1706881226, 4, 29, 261, 0, 0, 726.95%, 150, 0, 0, 956.67, 61873, 38255, 726.95%, 1861, 1861
1706881226, 4, 30, 261, 0, 0, 726.95%, 150, 0, 0, 1250.00, 62169, 38334, 726.95%, 1861, 1861
1706881226, 4, 30, 261, 0, 0, 726.95%, 150, 0, 0, 650.00, 62308, 38390, 726.95%, 1861, 1861
1706881226, 4, 30, 261, 0, 0, 726.95%, 150, 0, 0, 820.00, 62478, 38466, 726.95%, 1861, 1861
1706881227, 4, 37, 261, 0, 0, 726.95%, 150, 0, 0, 1073.33, 62716, 38550, 726.95%, 1861, 1861
1706881227, 4, 37, 261, 0, 0, 726.95%, 150, 0, 0, 843.85, 62846, 38674, 726.95%, 1861, 1861
1706881227, 4, 37, 261, 0, 0, 726.95%, 151, 0, 0, 930.00, 63007, 38792, 726.95%, 1861, 1861
1706881228, 4, 38, 261, 0, 0, 726.95%, 151, 0, 0, 913.33, 63163, 38910, 726.95%, 1861, 1861
1706881228, 4, 38, 261, 0, 0, 726.95%, 151, 0, 0, 863.33, 63313, 39019, 726.95%, 1861, 1861
1706881228, 4, 38, 261, 0, 0, 726.95%, 151, 0, 0, 910.00, 63475, 39130, 726.95%, 1861, 1861
1706881229, 4, 39, 261, 0, 0, 726.95%, 151, 0, 0, 986.67, 63656, 39245, 726.95%, 1861, 1861
1706881229, 4, 39, 261, 0, 0, 726.95%, 151, 0, 0, 1003.27, 63838, 39370, 726.95%, 1861, 1861
1706881229, 4, 47, 261, 0, 0, 726.95%, 151, 0, 0, 913.62, 64032, 39451, 726.95%, 1861, 1861
1706881229, 4, 47, 261, 0, 0, 726.95%, 151, 0, 0, 793.33, 64182, 39539, 726.95%, 1861, 1861
1706881230, 4, 47, 261, 0, 0, 726.95%, 151, 0, 0, 820.00, 64344, 39623, 726.95%, 1861, 1861
1706881230, 4, 47, 261, 0, 0, 726.95%, 151, 0, 0, 793.33, 64491, 39714, 726.95%, 1861, 1861
1706881230, 4, 54, 261, 0, 0, 726.95%, 151, 0, 0, 1620.00, 64857, 39834, 726.95%, 1861, 1861
1706881231, 4, 62, 261, 0, 0, 726.95%, 151, 0, 0, 1090.00, 65073, 39945, 726.95%, 1861, 1861
1706881231, 4, 71, 261, 0, 0, 726.95%, 151, 0, 0, 986.71, 65248, 40067, 726.95%, 1861, 1861
1706881231, 4, 80, 261, 0, 0, 726.95%, 151, 0, 0, 946.67, 65435, 40164, 726.95%, 1861, 1861
1706881232, 4, 88, 261, 0, 0, 726.95%, 151, 0, 0, 983.33, 65632, 40262, 726.95%, 1861, 1861
1706881232, 4, 96, 261, 0, 0, 726.95%, 151, 0, 0, 950.00, 65821, 40358, 726.95%, 1861, 1861
1706881232, 4, 102, 261, 0, 0, 726.95%, 151, 0, 0, 856.67, 65996, 40440, 726.95%, 1861, 1861
1706881232, 4, 110, 261, 0, 0, 726.95%, 151, 0, 0, 880.00, 66132, 40568, 726.95%, 1861, 1861
1706881233, 4, 114, 261, 0, 0, 726.95%, 151, 0, 0, 746.67, 66234, 40690, 726.95%, 1861, 1861
1706881233, 4, 114, 261, 0, 0, 726.95%, 151, 0, 0, 626.67, 66330, 40782, 726.95%, 1861, 1861
1706881233, 4, 114, 261, 0, 0, 726.95%, 151, 0, 0, 613.33, 66434, 40862, 726.95%, 1861, 1861
1706881234, 4, 114, 261, 0, 0, 726.95%, 151, 0, 0, 630.00, 66511, 40974, 726.95%, 1861, 1861
1706881234, 4, 115, 261, 0, 0, 726.95%, 151, 0, 0, 646.67, 66601, 41078, 726.95%, 1861, 1861
1706881234, 4, 121, 261, 0, 0, 726.95%, 152, 0, 0, 783.33, 66720, 41194, 726.95%, 1861, 1861
1706881235, 4, 126, 261, 0, 0, 726.95%, 152, 0, 0, 713.33, 66808, 41320, 726.95%, 1861, 1861
1706881235, 4, 126, 261, 0, 0, 726.95%, 152, 0, 0, 654.49, 66870, 41455, 726.95%, 1861, 1861
1706881235, 4, 126, 261, 0, 0, 726.95%, 152, 0, 0, 673.33, 66932, 41595, 726.95%, 1861, 1861
1706881235, 4, 126, 261, 0, 0, 726.95%, 152, 0, 0, 637.87, 67009, 41710, 726.95%, 1861, 1861
1706881236, 4, 127, 261, 0, 0, 726.95%, 152, 0, 0, 660.00, 67079, 41838, 726.95%, 1861, 1861
1706881236, 4, 132, 261, 0, 0, 726.95%, 152, 0, 0, 764.12, 67204, 41943, 726.95%, 1861, 1861
1706881236, 4, 139, 261, 0, 0, 726.95%, 152, 0, 0, 823.33, 67366, 42028, 726.95%, 1861, 1861
1706881237, 4, 146, 261, 0, 0, 726.95%, 153, 0, 0, 930.00, 67537, 42136, 726.95%, 1861, 1861
1706881237, 4, 155, 261, 0, 0, 726.95%, 154, 0, 0, 1143.33, 67737, 42279, 726.95%, 1861, 1861
1706881237, 4, 162, 261, 0, 0, 726.95%, 154, 0, 0, 840.00, 67875, 42393, 726.95%, 1861, 1861
1706881238, 4, 164, 261, 0, 0, 726.95%, 154, 0, 0, 744.19, 67999, 42493, 726.95%, 1861, 1861
1706881238, 4, 164, 261, 0, 0, 726.95%, 154, 0, 0, 637.87, 68103, 42581, 726.95%, 1861, 1861
1706881238, 4, 164, 261, 0, 0, 726.95%, 154, 0, 0, 654.49, 68198, 42683, 726.95%, 1861, 1861
1706881238, 4, 164, 261, 0, 0, 726.95%, 154, 0, 0, 643.56, 68299, 42777, 726.95%, 1861, 1861
1706881239, 4, 168, 261, 0, 0, 726.95%, 154, 0, 0, 681.06, 68406, 42875, 726.95%, 1861, 1861
1706881239, 4, 168, 261, 0, 0, 726.95%, 154, 0, 0, 726.67, 68479, 43020, 726.95%, 1861, 1861
1706881239, 4, 168, 261, 0, 0, 726.95%, 154, 0, 0, 738.41, 68574, 43148, 726.95%, 1861, 1861
1706881240, 4, 168, 261, 0, 0, 726.95%, 154, 0, 0, 754.15, 68654, 43295, 726.95%, 1861, 1861
1706881240, 4, 169, 261, 0, 0, 726.95%, 154, 0, 0, 703.33, 68753, 43407, 726.95%, 1861, 1861
1706881240, 4, 169, 261, 0, 0, 726.95%, 154, 0, 0, 690.00, 68836, 43531, 726.95%, 1861, 1861
1706881241, 4, 169, 261, 0, 0, 726.95%, 154, 0, 0, 690.00, 68932, 43642, 726.95%, 1861, 1861
1706881241, 4, 169, 261, 0, 0, 726.95%, 154, 0, 0, 683.33, 69031, 43748, 726.95%, 1861, 1861
1706881241, 4, 171, 261, 0, 0, 726.95%, 154, 0, 0, 666.67, 69123, 43856, 726.95%, 1861, 1861
1706881241, 4, 172, 261, 0, 0, 726.95%, 154, 0, 0, 530.00, 69209, 43929, 726.95%, 1861, 1861
1706881242, 4, 172, 261, 0, 0, 726.95%, 154, 0, 0, 691.03, 69305, 44041, 726.95%, 1861, 1861
1706881242, 4, 172, 261, 0, 0, 726.95%, 154, 0, 0, 556.67, 69374, 44139, 726.95%, 1861, 1861
1706881242, 4, 172, 261, 0, 0, 726.95%, 154, 0, 0, 651.16, 69473, 44236, 726.95%, 1861, 1861
1706881243, 4, 175, 261, 0, 0, 726.95%, 154, 0, 0, 690.00, 69566, 44350, 726.95%, 1861, 1861
1706881243, 4, 177, 261, 0, 0, 726.95%, 155, 0, 0, 676.67, 69660, 44459, 726.95%, 1861, 1861
1706881243, 4, 177, 261, 0, 0, 726.95%, 155, 0, 0, 501.66, 69735, 44535, 726.95%, 1861, 1861
1706881244, 4, 177, 261, 0, 0, 726.95%, 155, 0, 0, 593.33, 69819, 44629, 726.95%, 1861, 1861
1706881244, 4, 177, 262, 0, 0, 726.95%, 155, 0, 0, 650.00, 69902, 44741, 726.95%, 1861, 1861
1706881244, 4, 178, 262, 0, 0, 726.95%, 155, 0, 0, 647.84, 70002, 44836, 726.95%, 1861, 1861
1706881244, 4, 182, 262, 0, 0, 726.95%, 155, 0, 0, 473.33, 70064, 44916, 726.95%, 1861, 1861
1706881245, 4, 185, 262, 0, 0, 726.95%, 155, 0, 0, 483.33, 70131, 44994, 726.95%, 1861, 1861
1706881245, 4, 191, 262, 0, 0, 726.95%, 155, 0, 0, 763.33, 70251, 45103, 726.95%, 1861, 1861
1706881245, 4, 196, 262, 0, 0, 726.95%, 155, 0, 0, 650.00, 70335, 45214, 726.95%, 1861, 1861
1706881246, 4, 200, 262, 0, 0, 726.95%, 155, 0, 0, 553.33, 70412, 45303, 726.95%, 1861, 1861
1706881246, 4, 205, 262, 0, 0, 726.95%, 155, 0, 0, 633.33, 70506, 45399, 726.95%, 1861, 1861
1706881246, 4, 209, 262, 0, 0, 726.95%, 156, 0, 0, 603.33, 70586, 45500, 726.95%, 1861, 1861
1706881247, 4, 214, 262, 0, 0, 726.95%, 156, 0, 0, 613.33, 70679, 45591, 726.95%, 1861, 1861
1706881247, 4, 217, 262, 0, 0, 726.95%, 156, 0, 0, 416.67, 70738, 45657, 726.95%, 1861, 1861
1706881247, 4, 221, 262, 0, 0, 726.95%, 156, 0, 0, 536.42, 70810, 45747, 726.95%, 1861, 1861
1706881247, 4, 225, 262, 0, 0, 726.95%, 156, 0, 0, 506.67, 70876, 45833, 726.95%, 1861, 1861
1706881248, 4, 229, 262, 0, 0, 726.95%, 156, 0, 0, 510.00, 70941, 45921, 726.95%, 1861, 1861
1706881248, 4, 232, 263, 0, 0, 726.95%, 156, 0, 0, 421.93, 70998, 45991, 726.95%, 1861, 1861
1706881248, 4, 237, 263, 0, 0, 726.95%, 156, 0, 0, 584.72, 71097, 46068, 726.95%, 1861, 1861
1706881249, 4, 241, 263, 0, 0, 726.95%, 156, 0, 0, 551.50, 71187, 46144, 726.95%, 1861, 1861
1706881249, 4, 244, 263, 0, 0, 726.95%, 157, 0, 0, 456.67, 71251, 46217, 726.95%, 1861, 1861
1706881249, 4, 248, 263, 0, 0, 726.95%, 157, 0, 0, 498.35, 71328, 46291, 726.95%, 1861, 1861
1706881250, 4, 253, 264, 0, 0, 726.95%, 157, 0, 0, 607.97, 71426, 46376, 726.95%, 1861, 1861
1706881250, 4, 256, 265, 0, 0, 726.95%, 157, 0, 0, 415.28, 71473, 46454, 726.95%, 1861, 1861
1706881250, 4, 260, 265, 0, 0, 726.95%, 157, 0, 0, 493.38, 71552, 46524, 726.95%, 1861, 1861
1706881250, 4, 262, 265, 0, 0, 726.95%, 157, 0, 0, 289.04, 71594, 46569, 726.95%, 1861, 1861
1706881251, 5, 0, 265, 0, 0, 726.95%, 157, 0, 0, 1083.33, 71840, 46648, 726.95%, 1861, 1861
1706881251, 5, 2, 265, 0, 0, 726.95%, 157, 0, 0, 1903.33, 72352, 46707, 726.95%, 1861, 1861
1706881251, 5, 3, 265, 0, 0, 726.95%, 157, 0, 0, 1647.44, 72801, 46772, 726.95%, 1861, 1861
1706881252, 5, 6, 265, 0, 0, 726.95%, 157, 0, 0, 2103.33, 73347, 46857, 726.95%, 1861, 1861
1706881252, 5, 9, 265, 0, 0, 726.95%, 157, 0, 0, 2378.74, 73948, 46972, 726.95%, 1861, 1861
1706881252, 5, 10, 265, 0, 0, 726.95%, 157, 0, 0, 1095.71, 74254, 46998, 726.95%, 1861, 1861
1706881253, 5, 11, 265, 0, 0, 726.95%, 157, 0, 0, 1083.33, 74506, 47071, 726.95%, 1861, 1861
1706881253, 5, 11, 265, 0, 0, 726.95%, 157, 0, 0, 1026.67, 74705, 47180, 726.95%, 1861, 1861
1706881253, 5, 11, 265, 0, 0, 726.95%, 157, 0, 0, 1023.33, 74914, 47278, 726.95%, 1861, 1861
1706881253, 5, 17, 265, 0, 0, 726.95%, 157, 0, 0, 2310.00, 75562, 47323, 726.95%, 1861, 1861
1706881254, 5, 22, 265, 0, 0, 726.95%, 157, 0, 0, 1596.67, 75887, 47477, 726.95%, 1861, 1861
1706881254, 5, 22, 265, 0, 0, 726.95%, 157, 0, 0, 870.43, 75997, 47629, 726.95%, 1861, 1861
1706881254, 5, 22, 265, 0, 0, 726.95%, 157, 0, 0, 843.33, 76112, 47767, 726.95%, 1861, 1861
1706881255, 5, 29, 265, 0, 0, 726.95%, 158, 0, 0, 1410.00, 76403, 47899, 726.95%, 1861, 1861
1706881255, 5, 30, 265, 0, 0, 726.95%, 158, 0, 0, 1206.67, 76681, 47983, 726.95%, 1861, 1861
1706881255, 5, 30, 265, 0, 0, 726.95%, 158, 0, 0, 897.01, 76881, 48053, 726.95%, 1861, 1861
1706881256, 5, 30, 265, 0, 0, 726.95%, 158, 0, 0, 856.67, 77078, 48113, 726.95%, 1861, 1861
1706881256, 5, 37, 265, 0, 0, 726.95%, 159, 0, 0, 1166.67, 77310, 48231, 726.95%, 1861, 1861
1706881256, 5, 37, 265, 0, 0, 726.95%, 159, 0, 0, 936.67, 77472, 48350, 726.95%, 1861, 1861
1706881257, 5, 38, 265, 0, 0, 726.95%, 160, 0, 0, 967.85, 77621, 48502, 726.95%, 1861, 1861
1706881257, 5, 38, 265, 0, 0, 726.95%, 160, 0, 0, 936.88, 77791, 48614, 726.95%, 1861, 1861
1706881257, 5, 38, 265, 0, 0, 726.95%, 160, 0, 0, 923.33, 77955, 48727, 726.95%, 1861, 1861
1706881257, 5, 39, 265, 0, 0, 726.95%, 160, 0, 0, 1096.67, 78142, 48869, 726.95%, 1861, 1861
1706881258, 5, 43, 265, 0, 0, 726.95%, 160, 0, 0, 1448.50, 78408, 49039, 726.95%, 1861, 1861
1706881258, 5, 47, 265, 0, 0, 726.95%, 160, 0, 0, 960.13, 78594, 49142, 726.95%, 1861, 1861
1706881258, 5, 47, 265, 0, 0, 726.95%, 160, 0, 0, 846.67, 78750, 49240, 726.95%, 1861, 1861
1706881259, 5, 47, 265, 0, 0, 726.95%, 160, 0, 0, 800.00, 78901, 49329, 726.95%, 1861, 1861
1706881259, 5, 54, 265, 0, 0, 726.95%, 160, 0, 0, 1143.33, 79145, 49428, 726.95%, 1861, 1861
1706881259, 5, 60, 265, 0, 0, 726.95%, 160, 0, 0, 1516.67, 79481, 49547, 726.95%, 1861, 1861
1706881260, 5, 70, 265, 0, 0, 726.95%, 161, 0, 0, 983.33, 79649, 49674, 726.95%, 1861, 1861
1706881260, 5, 79, 265, 0, 0, 726.95%, 161, 0, 0, 1060.00, 79870, 49771, 726.95%, 1861, 1861
1706881260, 5, 88, 265, 0, 0, 726.95%, 161, 0, 0, 1020.00, 80057, 49890, 726.95%, 1861, 1861
1706881260, 5, 96, 265, 0, 0, 726.95%, 163, 0, 0, 1003.33, 80238, 50010, 726.95%, 1861, 1861
1706881261, 5, 101, 265, 0, 0, 726.95%, 163, 0, 0, 703.33, 80379, 50080, 726.95%, 1861, 1861
1706881261, 5, 106, 265, 0, 0, 726.95%, 163, 0, 0, 646.67, 80512, 50141, 726.95%, 1861, 1861
1706881261, 5, 113, 265, 0, 0, 726.95%, 164, 0, 0, 820.60, 80619, 50281, 726.95%, 1861, 1861
1706881262, 5, 114, 265, 0, 0, 726.95%, 164, 0, 0, 717.61, 80710, 50406, 726.95%, 1861, 1861
1706881262, 5, 114, 265, 0, 0, 726.95%, 164, 0, 0, 643.33, 80805, 50504, 726.95%, 1861, 1861
1706881262, 5, 114, 265, 0, 0, 726.95%, 164, 0, 0, 674.42, 80904, 50608, 726.95%, 1861, 1861
1706881263, 5, 114, 265, 0, 0, 726.95%, 164, 0, 0, 549.67, 80985, 50693, 726.95%, 1861, 1861
1706881263, 5, 114, 265, 0, 0, 726.95%, 164, 0, 0, 483.87, 80993, 50700, 726.95%, 1861, 1861
