# unix_time, cycles_done, cur_path, paths_total, pending_total, pending_favs, map_size, unique_crashes, unique_hangs, max_depth, execs_per_sec, valid_inputs, invalid_inputs, valid_cov, all_covered_probes, valid_covered_probes
1706881350, 0, 0, 1, 0, 0, 329.30%, 0, 0, 0, 0.23, 1, 0, 329.30%, 843, 843
1706881350, 0, 0, 18, 0, 0, 666.41%, 3, 0, 0, 106.31, 25, 8, 616.02%, 1706, 1577
1706881350, 0, 0, 26, 0, 0, 681.25%, 4, 0, 0, 59.70, 38, 15, 617.19%, 1744, 1580
1706881351, 0, 0, 34, 0, 0, 753.13%, 5, 0, 0, 102.65, 66, 18, 728.13%, 1928, 1864
1706881351, 0, 0, 55, 0, 0, 767.97%, 7, 0, 0, 203.70, 122, 28, 738.67%, 1966, 1891
1706881351, 0, 0, 62, 0, 0, 769.92%, 8, 0, 0, 135.84, 160, 37, 738.67%, 1971, 1891
1706881352, 0, 0, 68, 0, 0, 780.08%, 11, 0, 0, 190.00, 207, 47, 753.13%, 1997, 1928
1706881352, 0, 0, 79, 0, 0, 781.64%, 13, 0, 0, 274.93, 284, 72, 753.13%, 2001, 1928
1706881352, 0, 1, 90, 0, 0, 785.16%, 14, 0, 0, 259.37, 355, 91, 754.30%, 2010, 1931
1706881353, 0, 1, 95, 0, 0, 785.94%, 16, 0, 0, 209.97, 423, 103, 754.30%, 2012, 1931
1706881353, 0, 1, 102, 0, 0, 786.72%, 17, 0, 0, 475.25, 544, 126, 755.08%, 2014, 1933
1706881353, 0, 2, 112, 0, 0, 787.50%, 17, 0, 0, 354.30, 634, 143, 755.47%, 2016, 1934
1706881354, 0, 2, 115, 0, 0, 787.50%, 18, 0, 0, 124.74, 681, 155, 755.47%, 2016, 1934
1706881354, 0, 2, 117, 0, 0, 787.50%, 18, 0, 0, 83.87, 701, 161, 755.47%, 2016, 1934
1706881355, 0, 3, 123, 0, 0, 787.50%, 18, 0, 0, 430.82, 814, 185, 755.47%, 2016, 1934
1706881355, 0, 3, 126, 0, 0, 787.50%, 19, 0, 0, 186.78, 867, 197, 755.86%, 2016, 1935
1706881355, 0, 3, 126, 0, 0, 787.50%, 19, 0, 0, 194.03, 919, 210, 755.86%, 2016, 1935
1706881356, 0, 3, 130, 0, 0, 789.84%, 21, 0, 0, 352.77, 1015, 235, 756.25%, 2022, 1936
1706881356, 0, 3, 132, 0, 0, 789.84%, 22, 0, 0, 205.96, 1078, 248, 756.25%, 2022, 1936
1706881356, 0, 4, 134, 0, 0, 789.84%, 23, 0, 0, 303.03, 1189, 257, 756.64%, 2022, 1937
1706881357, 0, 4, 134, 0, 0, 789.84%, 23, 0, 0, 160.22, 1268, 265, 756.64%, 2022, 1937
1706881357, 0, 5, 135, 0, 0, 789.84%, 25, 0, 0, 228.95, 1341, 279, 756.64%, 2022, 1937
1706881358, 0, 5, 138, 0, 0, 790.63%, 26, 0, 0, 393.33, 1440, 298, 756.64%, 2024, 1937
1706881358, 0, 6, 141, 0, 0, 794.14%, 26, 0, 0, 533.33, 1554, 344, 757.03%, 2033, 1938
1706881358, 0, 6, 143, 0, 0, 794.14%, 26, 0, 0, 236.67, 1592, 377, 757.03%, 2033, 1938
1706881358, 0, 7, 145, 0, 0, 794.14%, 26, 0, 0, 403.33, 1668, 422, 757.03%, 2033, 1938
1706881359, 0, 8, 148, 0, 0, 794.53%, 26, 0, 0, 350.14, 1766, 449, 757.03%, 2034, 1938
1706881359, 0, 8, 151, 0, 0, 795.31%, 26, 0, 0, 357.33, 1873, 476, 757.42%, 2036, 1939
1706881360, 0, 9, 153, 0, 0, 795.31%, 26, 0, 0, 409.38, 1969, 511, 757.42%, 2036, 1939
1706881360, 0, 9, 155, 0, 0, 795.70%, 26, 0, 0, 260.00, 2031, 527, 757.81%, 2037, 1940
1706881360, 0, 9, 155, 0, 0, 795.70%, 26, 0, 0, 344.44, 2135, 547, 757.81%, 2037, 1940
1706881361, 0, 10, 157, 0, 0, 795.70%, 26, 0, 0, 845.68, 2388, 568, 757.81%, 2037, 1940
1706881361, 0, 12, 158, 0, 0, 795.70%, 26, 0, 0, 380.82, 2498, 597, 757.81%, 2037, 1940
1706881361, 0, 12, 159, 0, 0, 795.70%, 27, 0, 0, 212.90, 2551, 610, 757.81%, 2037, 1940
1706881362, 0, 13, 162, 0, 0, 796.09%, 27, 0, 0, 375.80, 2646, 633, 757.81%, 2038, 1940
1706881362, 0, 13, 162, 0, 0, 796.09%, 28, 0, 0, 255.60, 2750, 666, 757.81%, 2038, 1940
1706881362, 0, 13, 166, 0, 0, 796.48%, 28, 0, 0, 520.00, 2868, 704, 757.81%, 2039, 1940
1706881363, 0, 14, 170, 0, 0, 798.05%, 29, 0, 0, 283.87, 2929, 731, 757.81%, 2043, 1940
1706881363, 0, 14, 177, 0, 0, 798.05%, 31, 0, 0, 614.62, 2982, 863, 757.81%, 2043, 1940
1706881363, 0, 14, 180, 0, 0, 798.05%, 31, 0, 0, 245.85, 3007, 912, 757.81%, 2043, 1940
1706881364, 0, 15, 185, 0, 0, 800.39%, 32, 0, 0, 747.54, 3175, 972, 758.20%, 2049, 1941
1706881364, 0, 17, 186, 0, 0, 800.78%, 32, 0, 0, 466.67, 3290, 997, 758.59%, 2050, 1942
1706881364, 0, 19, 187, 0, 0, 800.78%, 32, 0, 0, 916.67, 3549, 1024, 758.59%, 2050, 1942
1706881364, 0, 19, 187, 0, 0, 800.78%, 32, 0, 0, 883.33, 3785, 1053, 758.59%, 2050, 1942
1706881365, 0, 21, 189, 0, 0, 800.78%, 33, 0, 0, 393.33, 3868, 1088, 758.59%, 2050, 1942
1706881365, 0, 23, 193, 0, 0, 800.78%, 35, 0, 0, 462.91, 3940, 1172, 758.59%, 2050, 1942
1706881365, 0, 23, 198, 0, 0, 800.78%, 36, 0, 0, 192.55, 3957, 1217, 758.59%, 2050, 1942
1706881366, 0, 23, 199, 0, 0, 800.78%, 39, 0, 0, 215.95, 3969, 1270, 758.59%, 2050, 1942
1706881366, 0, 24, 200, 0, 0, 800.78%, 41, 0, 0, 411.00, 4024, 1342, 758.59%, 2050, 1942
1706881366, 0, 24, 200, 0, 0, 800.78%, 41, 0, 0, 708.07, 4232, 1362, 758.59%, 2050, 1942
1706881367, 0, 25, 200, 0, 0, 800.78%, 41, 0, 0, 179.15, 4278, 1371, 758.59%, 2050, 1942
1706881367, 0, 25, 200, 0, 0, 800.78%, 41, 0, 0, 670.00, 4446, 1404, 758.59%, 2050, 1942
1706881367, 0, 26, 205, 0, 0, 800.78%, 41, 0, 0, 330.03, 4516, 1434, 758.59%, 2050, 1942
1706881368, 0, 26, 209, 0, 0, 800.78%, 41, 0, 0, 303.47, 4575, 1480, 758.59%, 2050, 1942
1706881368, 0, 26, 209, 0, 0, 800.78%, 41, 0, 0, 410.00, 4646, 1532, 758.59%, 2050, 1942
1706881368, 0, 26, 213, 0, 0, 800.78%, 41, 0, 0, 363.33, 4712, 1575, 758.59%, 2050, 1942
1706881369, 0, 26, 215, 0, 0, 800.78%, 41, 0, 0, 366.67, 4788, 1609, 758.59%, 2050, 1942
1706881369, 0, 26, 217, 0, 0, 801.17%, 41, 0, 0, 250.77, 4840, 1638, 758.98%, 2051, 1943
1706881369, 0, 26, 220, 0, 0, 801.95%, 41, 0, 0, 259.02, 4895, 1662, 760.55%, 2053, 1947
1706881369, 0, 31, 223, 0, 0, 802.73%, 42, 0, 0, 718.45, 5070, 1709, 760.55%, 2055, 1947
1706881370, 0, 34, 224, 0, 0, 802.73%, 42, 0, 0, 679.53, 5269, 1739, 760.55%, 2055, 1947
1706881370, 0, 35, 224, 0, 0, 802.73%, 43, 0, 0, 946.20, 5477, 1830, 760.55%, 2055, 1947
1706881370, 0, 35, 226, 0, 0, 802.73%, 46, 0, 0, 506.67, 5548, 1911, 760.55%, 2055, 1947
1706881371, 0, 35, 228, 0, 0, 802.73%, 47, 0, 0, 408.64, 5616, 1966, 760.55%, 2055, 1947
1706881371, 0, 35, 233, 0, 0, 803.52%, 47, 0, 0, 436.67, 5696, 2017, 761.72%, 2057, 1950
1706881371, 0, 35, 234, 0, 0, 803.91%, 48, 0, 0, 470.00, 5774, 2080, 762.11%, 2058, 1951
1706881372, 0, 37, 236, 0, 0, 803.91%, 49, 0, 0, 468.44, 5839, 2156, 762.11%, 2058, 1951
1706881372, 0, 37, 237, 0, 0, 803.91%, 50, 0, 0, 233.33, 5870, 2195, 762.11%, 2058, 1951
1706881372, 0, 37, 241, 0, 0, 803.91%, 52, 0, 0, 479.65, 5947, 2283, 762.11%, 2058, 1951
1706881373, 0, 37, 243, 0, 0, 803.91%, 53, 0, 0, 316.67, 5993, 2332, 762.11%, 2058, 1951
1706881373, 0, 37, 245, 0, 0, 804.30%, 53, 0, 0, 375.42, 6046, 2392, 762.11%, 2059, 1951
1706881373, 0, 37, 247, 0, 0, 804.30%, 53, 0, 0, 383.33, 6099, 2454, 762.50%, 2059, 1952
1706881374, 0, 37, 249, 0, 0, 804.30%, 53, 0, 0, 77.72, 6115, 2468, 762.50%, 2059, 1952
1706881374, 0, 38, 249, 0, 0, 804.30%, 54, 0, 0, 623.33, 6241, 2529, 762.50%, 2059, 1952
1706881374, 0, 39, 250, 0, 0, 804.30%, 54, 0, 0, 746.67, 6408, 2586, 762.50%, 2059, 1952
1706881374, 0, 39, 250, 0, 0, 804.30%, 54, 0, 0, 422.08, 6514, 2610, 762.50%, 2059, 1952
1706881375, 0, 40, 252, 0, 0, 804.30%, 56, 0, 0, 1100.00, 6757, 2697, 762.89%, 2059, 1953
1706881375, 0, 44, 253, 0, 0, 805.47%, 56, 0, 0, 813.95, 6907, 2792, 762.89%, 2062, 1953
1706881375, 0, 46, 255, 0, 0, 805.47%, 56, 0, 0, 1016.18, 7143, 2870, 762.89%, 2062, 1953
1706881376, 0, 48, 256, 0, 0, 805.47%, 56, 0, 0, 645.78, 7275, 2975, 762.89%, 2062, 1953
1706881376, 0, 49, 257, 0, 0, 805.47%, 57, 0, 0, 1003.32, 7454, 3098, 762.89%, 2062, 1953
1706881376, 0, 49, 257, 0, 0, 805.47%, 57, 0, 0, 723.33, 7566, 3203, 762.89%, 2062, 1953
1706881377, 0, 49, 257, 0, 0, 805.47%, 57, 0, 0, 603.33, 7670, 3280, 762.89%, 2062, 1953
1706881377, 0, 54, 259, 0, 0, 805.47%, 57, 0, 0, 1210.00, 7916, 3397, 762.89%, 2062, 1953
1706881377, 0, 56, 259, 0, 0, 805.47%, 58, 0, 0, 930.82, 8090, 3519, 762.89%, 2062, 1953
1706881378, 0, 56, 261, 0, 0, 805.47%, 59, 0, 0, 455.97, 8143, 3611, 762.89%, 2062, 1953
1706881378, 0, 57, 262, 0, 0, 805.47%, 60, 0, 0, 736.67, 8265, 3710, 763.28%, 2062, 1954
1706881378, 0, 62, 262, 0, 0, 805.47%, 60, 0, 0, 1043.33, 8469, 3819, 763.28%, 2062, 1954
1706881378, 0, 62, 263, 0, 0, 805.47%, 60, 0, 0, 362.02, 8538, 3872, 763.28%, 2062, 1954
1706881379, 0, 67, 264, 0, 0, 805.47%, 60, 0, 0, 910.00, 8739, 3944, 763.67%, 2062, 1955
1706881379, 0, 74, 265, 0, 0, 805.47%, 60, 0, 0, 978.26, 8942, 4056, 763.67%, 2062, 1955
1706881379, 0, 77, 265, 0, 0, 805.47%, 62, 0, 0, 1306.67, 9205, 4185, 763.67%, 2062, 1955
1706881380, 0, 81, 266, 0, 0, 805.47%, 63, 0, 0, 1023.53, 9463, 4275, 763.67%, 2062, 1955
1706881380, 0, 81, 269, 0, 0, 805.47%, 65, 0, 0, 553.33, 9474, 4430, 765.23%, 2062, 1959
1706881380, 0, 81, 272, 0, 0, 805.47%, 67, 0, 0, 549.67, 9479, 4591, 765.23%, 2062, 1959
1706881381, 0, 82, 273, 0, 0, 805.47%, 67, 0, 0, 983.44, 9684, 4683, 766.02%, 2062, 1961
1706881381, 0, 85, 274, 0, 0, 805.47%, 68, 0, 0, 666.67, 9768, 4799, 766.02%, 2062, 1961
1706881381, 0, 87, 276, 0, 0, 805.47%, 68, 0, 0, 1130.00, 9973, 4933, 766.02%, 2062, 1961
1706881382, 0, 94, 276, 0, 0, 805.47%, 68, 0, 0, 1633.33, 10263, 5133, 766.02%, 2062, 1961
1706881382, 0, 98, 277, 0, 0, 805.47%, 68, 0, 0, 1461.54, 10596, 5256, 766.41%, 2062, 1962
1706881382, 0, 106, 279, 0, 0, 806.25%, 68, 0, 0, 1243.33, 10760, 5465, 766.41%, 2064, 1962
1706881382, 0, 111, 279, 0, 0, 806.25%, 68, 0, 0, 1093.33, 10942, 5611, 766.41%, 2064, 1962
1706881383, 0, 119, 279, 0, 0, 806.25%, 69, 0, 0, 916.94, 11108, 5721, 766.41%, 2064, 1962
1706881383, 0, 124, 280, 0, 0, 806.25%, 70, 0, 0, 1300.00, 11357, 5862, 766.41%, 2064, 1962
1706881383, 0, 128, 282, 0, 0, 807.42%, 70, 0, 0, 1530.00, 11635, 6043, 769.92%, 2067, 1971
1706881384, 0, 132, 282, 0, 0, 807.42%, 71, 0, 0, 1943.33, 12076, 6185, 769.92%, 2067, 1971
1706881384, 0, 136, 283, 0, 0, 807.42%, 73, 0, 0, 1380.00, 12340, 6335, 770.31%, 2067, 1972
1706881384, 0, 136, 283, 0, 0, 807.42%, 73, 0, 0, 483.33, 12348, 6472, 770.31%, 2067, 1972
1706881385, 0, 138, 284, 0, 0, 807.42%, 74, 0, 0, 1353.33, 12506, 6720, 770.31%, 2067, 1972
1706881385, 0, 142, 285, 0, 0, 807.42%, 74, 0, 0, 2190.00, 12895, 6988, 770.31%, 2067, 1972
1706881385, 0, 149, 285, 0, 0, 807.42%, 75, 0, 0, 1386.67, 13169, 7130, 770.31%, 2067, 1972
1706881385, 0, 155, 285, 0, 0, 807.42%, 75, 0, 0, 2113.33, 13630, 7303, 770.31%, 2067, 1972
1706881386, 0, 165, 287, 0, 0, 807.42%, 78, 0, 0, 1194.72, 13772, 7523, 770.31%, 2067, 1972
1706881386, 0, 166, 287, 0, 0, 807.42%, 79, 0, 0, 1010.00, 13850, 7748, 770.31%, 2067, 1972
1706881386, 0, 174, 287, 0, 0, 807.42%, 79, 0, 0, 1180.00, 14065, 7887, 770.31%, 2067, 1972
1706881387, 0, 180, 288, 0, 0, 808.98%, 79, 0, 0, 906.67, 14219, 8005, 770.31%, 2071, 1972
1706881387, 0, 181, 288, 0, 0, 808.98%, 80, 0, 0, 1286.67, 14432, 8178, 770.31%, 2071, 1972
1706881387, 0, 189, 289, 0, 0, 808.98%, 81, 0, 0, 2150.00, 14892, 8363, 770.31%, 2071, 1972
1706881388, 0, 197, 291, 0, 0, 808.98%, 82, 0, 0, 830.00, 15011, 8493, 770.31%, 2071, 1972
1706881388, 0, 204, 293, 0, 0, 808.98%, 83, 0, 0, 807.31, 15158, 8589, 770.31%, 2071, 1972
1706881388, 0, 211, 294, 0, 0, 808.98%, 86, 0, 0, 753.33, 15286, 8687, 770.31%, 2071, 1972
1706881388, 0, 215, 294, 0, 0, 808.98%, 86, 0, 0, 693.33, 15392, 8789, 770.31%, 2071, 1972
1706881389, 0, 215, 295, 0, 0, 808.98%, 86, 0, 0, 753.33, 15442, 8965, 770.31%, 2071, 1972
1706881389, 0, 216, 295, 0, 0, 808.98%, 86, 0, 0, 860.00, 15554, 9111, 770.31%, 2071, 1972
1706881389, 0, 216, 296, 0, 0, 808.98%, 86, 0, 0, 903.33, 15699, 9237, 771.09%, 2071, 1974
1706881390, 0, 217, 298, 0, 0, 808.98%, 87, 0, 0, 800.66, 15820, 9357, 771.09%, 2071, 1974
1706881390, 0, 217, 302, 0, 0, 809.38%, 87, 0, 0, 568.11, 15890, 9458, 772.27%, 2072, 1977
1706881390, 0, 217, 307, 0, 0, 809.77%, 90, 0, 0, 338.87, 15935, 9515, 772.66%, 2073, 1978
1706881391, 0, 217, 309, 0, 0, 809.77%, 91, 0, 0, 607.97, 16009, 9624, 772.66%, 2073, 1978
1706881391, 0, 217, 311, 0, 0, 809.77%, 92, 0, 0, 516.67, 16064, 9724, 772.66%, 2073, 1978
1706881391, 0, 222, 312, 0, 0, 809.77%, 94, 0, 0, 716.67, 16152, 9851, 775.39%, 2073, 1985
1706881391, 0, 223, 313, 0, 0, 809.77%, 94, 0, 0, 1126.25, 16190, 10152, 775.39%, 2073, 1985
1706881392, 0, 230, 316, 0, 0, 809.77%, 94, 0, 0, 960.00, 16239, 10391, 775.39%, 2073, 1985
1706881392, 0, 230, 318, 0, 0, 809.77%, 95, 0, 0, 708.20, 16241, 10605, 775.39%, 2073, 1985
1706881392, 0, 231, 320, 0, 0, 809.77%, 95, 0, 0, 1116.67, 16412, 10769, 775.39%, 2073, 1985
1706881393, 0, 233, 320, 0, 0, 809.77%, 95, 0, 0, 1293.33, 16598, 10971, 775.39%, 2073, 1985
1706881393, 0, 233, 321, 0, 0, 809.77%, 95, 0, 0, 1170.00, 16786, 11134, 775.78%, 2073, 1986
1706881393, 0, 236, 321, 0, 0, 809.77%, 97, 0, 0, 1050.00, 16951, 11284, 775.78%, 2073, 1986
1706881394, 0, 242, 322, 0, 0, 809.77%, 98, 0, 0, 630.00, 17025, 11399, 775.78%, 2073, 1986
1706881394, 0, 244, 322, 0, 0, 809.77%, 99, 0, 0, 776.67, 17061, 11596, 775.78%, 2073, 1986
1706881394, 0, 245, 325, 0, 0, 809.77%, 99, 0, 0, 690.00, 17098, 11766, 775.78%, 2073, 1986
1706881394, 0, 246, 326, 0, 0, 809.77%, 103, 0, 0, 673.33, 17157, 11909, 775.78%, 2073, 1986
1706881395, 0, 246, 327, 0, 0, 809.77%, 103, 0, 0, 610.00, 17217, 12032, 775.78%, 2073, 1986
1706881395, 0, 246, 327, 0, 0, 809.77%, 103, 0, 0, 528.24, 17262, 12146, 775.78%, 2073, 1986
1706881395, 0, 246, 327, 0, 0, 809.77%, 103, 0, 0, 541.53, 17315, 12256, 775.78%, 2073, 1986
1706881396, 0, 252, 328, 0, 0, 809.77%, 103, 0, 0, 1290.00, 17554, 12404, 775.78%, 2073, 1986
1706881396, 0, 260, 330, 0, 0, 809.77%, 104, 0, 0, 780.65, 17659, 12541, 775.78%, 2073, 1986
1706881396, 0, 263, 332, 0, 0, 809.77%, 104, 0, 0, 1203.33, 17933, 12628, 776.17%, 2073, 1987
1706881397, 0, 268, 334, 0, 0, 809.77%, 105, 0, 0, 1003.33, 18117, 12745, 776.17%, 2073, 1987
1706881397, 0, 268, 336, 0, 0, 809.77%, 106, 0, 0, 523.33, 18192, 12827, 776.17%, 2073, 1987
1706881397, 0, 268, 338, 0, 0, 809.77%, 108, 0, 0, 513.25, 18264, 12910, 776.17%, 2073, 1987
1706881398, 0, 268, 338, 0, 0, 809.77%, 108, 0, 0, 586.67, 18334, 13016, 776.17%, 2073, 1987
1706881398, 0, 268, 338, 0, 0, 809.77%, 108, 0, 0, 596.67, 18406, 13123, 776.17%, 2073, 1987
1706881398, 0, 272, 340, 0, 0, 809.77%, 109, 0, 0, 876.67, 18540, 13252, 776.17%, 2073, 1987
1706881398, 0, 274, 341, 0, 0, 809.77%, 110, 0, 0, 1193.33, 18730, 13420, 776.17%, 2073, 1987
1706881399, 0, 277, 341, 0, 0, 809.77%, 111, 0, 0, 1423.33, 18954, 13623, 776.17%, 2073, 1987
1706881399, 0, 280, 341, 0, 0, 809.77%, 111, 0, 0, 1573.33, 19242, 13807, 776.17%, 2073, 1987
1706881399, 0, 281, 342, 0, 0, 809.77%, 111, 0, 0, 614.62, 19345, 13889, 776.17%, 2073, 1987
1706881400, 0, 281, 343, 0, 0, 809.77%, 113, 0, 0, 546.67, 19430, 13968, 776.17%, 2073, 1987
1706881400, 0, 281, 343, 0, 0, 809.77%, 114, 0, 0, 518.27, 19504, 14050, 776.17%, 2073, 1987
1706881400, 0, 281, 344, 0, 0, 809.77%, 115, 0, 0, 590.00, 19586, 14145, 776.17%, 2073, 1987
1706881401, 0, 282, 345, 0, 0, 809.77%, 115, 0, 0, 1206.67, 19845, 14248, 776.56%, 2073, 1988
1706881401, 0, 287, 345, 0, 0, 809.77%, 115, 0, 0, 1420.00, 20004, 14515, 776.56%, 2073, 1988
1706881401, 0, 295, 347, 0, 0, 809.77%, 117, 0, 0, 856.67, 20127, 14649, 776.56%, 2073, 1988
1706881401, 0, 295, 347, 0, 0, 809.77%, 117, 0, 0, 1066.67, 20270, 14826, 776.56%, 2073, 1988
1706881402, 0, 295, 347, 0, 0, 809.77%, 117, 0, 0, 834.71, 20416, 14983, 776.56%, 2073, 1988
1706881402, 0, 298, 347, 0, 0, 809.77%, 117, 0, 0, 766.67, 20507, 15122, 776.56%, 2073, 1988
1706881402, 0, 298, 347, 0, 0, 809.77%, 117, 0, 0, 706.67, 20594, 15247, 776.56%, 2073, 1988
1706881403, 0, 298, 348, 0, 0, 809.77%, 118, 0, 0, 588.04, 20667, 15351, 776.56%, 2073, 1988
1706881403, 0, 298, 348, 0, 0, 809.77%, 119, 0, 0, 443.33, 20732, 15419, 776.56%, 2073, 1988
1706881403, 0, 300, 348, 0, 0, 809.77%, 119, 0, 0, 573.33, 20803, 15520, 776.56%, 2073, 1988
1706881404, 0, 304, 348, 0, 0, 809.77%, 121, 0, 0, 730.90, 20865, 15678, 776.56%, 2073, 1988
1706881404, 0, 304, 348, 0, 0, 809.77%, 121, 0, 0, 646.67, 20934, 15803, 776.56%, 2073, 1988
1706881404, 0, 304, 348, 0, 0, 809.77%, 121, 0, 0, 641.20, 21002, 15928, 776.56%, 2073, 1988
1706881404, 0, 304, 349, 0, 0, 809.77%, 121, 0, 0, 673.33, 21070, 16062, 776.56%, 2073, 1988
1706881405, 0, 310, 350, 0, 0, 809.77%, 122, 0, 0, 660.00, 21141, 16189, 776.56%, 2073, 1988
1706881405, 0, 311, 350, 0, 0, 809.77%, 123, 0, 0, 1136.67, 21299, 16372, 776.56%, 2073, 1988
1706881405, 0, 311, 350, 0, 0, 809.77%, 123, 0, 0, 1063.33, 21459, 16531, 776.56%, 2073, 1988
1706881406, 0, 320, 350, 0, 0, 809.77%, 123, 0, 0, 833.33, 21553, 16687, 776.56%, 2073, 1988
1706881406, 0, 320, 350, 0, 0, 809.77%, 123, 0, 0, 863.33, 21692, 16807, 776.56%, 2073, 1988
1706881406, 0, 321, 350, 0, 0, 809.77%, 123, 0, 0, 1070.00, 21861, 16959, 776.56%, 2073, 1988
1706881407, 0, 328, 350, 0, 0, 809.77%, 123, 0, 0, 704.32, 21930, 17102, 776.56%, 2073, 1988
1706881407, 0, 333, 351, 0, 0, 809.77%, 124, 0, 0, 1100.00, 22140, 17222, 776.56%, 2073, 1988
1706881407, 0, 340, 351, 0, 0, 809.77%, 125, 0, 0, 616.67, 22205, 17342, 776.56%, 2073, 1988
1706881407, 0, 344, 351, 0, 0, 809.77%, 126, 0, 0, 1203.33, 22450, 17458, 776.56%, 2073, 1988
1706881408, 0, 348, 353, 0, 0, 809.77%, 126, 0, 0, 930.38, 22631, 17571, 776.56%, 2073, 1988
1706881408, 0, 354, 355, 0, 0, 809.77%, 127, 0, 0, 636.67, 22710, 17683, 776.56%, 2073, 1988
1706881408, 1, 1, 356, 0, 0, 809.77%, 127, 0, 0, 1770.00, 23134, 17790, 776.56%, 2073, 1988
1706881409, 1, 3, 356, 0, 0, 809.77%, 128, 0, 0, 2080.00, 23645, 17903, 776.56%, 2073, 1988
1706881409, 1, 5, 356, 0, 0, 809.77%, 128, 0, 0, 1933.33, 24123, 18005, 776.56%, 2073, 1988
1706881409, 1, 8, 356, 0, 0, 809.77%, 128, 0, 0, 1870.00, 24527, 18162, 776.56%, 2073, 1988
1706881410, 1, 12, 356, 0, 0, 809.77%, 128, 0, 0, 2313.33, 25110, 18273, 776.56%, 2073, 1988
1706881410, 1, 14, 356, 0, 0, 809.77%, 128, 0, 0, 1946.67, 25576, 18391, 776.56%, 2073, 1988
1706881410, 1, 15, 357, 0, 0, 809.77%, 128, 0, 0, 1210.00, 25764, 18566, 776.56%, 2073, 1988
1706881410, 1, 19, 357, 0, 0, 809.77%, 128, 0, 0, 2296.67, 26356, 18663, 776.56%, 2073, 1988
1706881411, 1, 23, 357, 0, 0, 809.77%, 128, 0, 0, 1570.00, 26589, 18901, 776.56%, 2073, 1988
1706881411, 1, 25, 357, 0, 0, 809.77%, 128, 0, 0, 1663.33, 26964, 19025, 776.56%, 2073, 1988
1706881411, 1, 26, 357, 0, 0, 809.77%, 128, 0, 0, 1089.70, 27195, 19122, 776.56%, 2073, 1988
1706881412, 1, 26, 357, 0, 0, 809.77%, 128, 0, 0, 837.21, 27341, 19228, 776.56%, 2073, 1988
1706881412, 1, 26, 357, 0, 0, 809.77%, 128, 0, 0, 730.00, 27462, 19326, 776.56%, 2073, 1988
1706881412, 1, 34, 357, 0, 0, 809.77%, 129, 0, 0, 1626.67, 27860, 19416, 776.56%, 2073, 1988
1706881413, 1, 35, 357, 0, 0, 809.77%, 130, 0, 0, 1616.67, 28156, 19605, 776.56%, 2073, 1988
1706881413, 1, 35, 357, 0, 0, 809.77%, 130, 0, 0, 1213.33, 28368, 19757, 776.56%, 2073, 1988
1706881413, 1, 37, 357, 0, 0, 809.77%, 131, 0, 0, 973.33, 28516, 19901, 776.56%, 2073, 1988
1706881413, 1, 37, 357, 0, 0, 809.77%, 131, 0, 0, 950.00, 28650, 20052, 776.56%, 2073, 1988
1706881414, 1, 38, 357, 0, 0, 809.77%, 131, 0, 0, 1290.00, 28877, 20212, 776.56%, 2073, 1988
1706881414, 1, 40, 357, 0, 0, 809.77%, 131, 0, 0, 1875.41, 29311, 20350, 776.56%, 2073, 1988
1706881414, 1, 46, 357, 0, 0, 809.77%, 131, 0, 0, 2046.67, 29743, 20532, 776.56%, 2073, 1988
1706881415, 1, 49, 357, 0, 0, 809.77%, 132, 0, 0, 1620.00, 30011, 20750, 776.56%, 2073, 1988
1706881415, 1, 49, 357, 0, 0, 809.77%, 132, 0, 0, 1250.00, 30201, 20935, 776.56%, 2073, 1988
1706881415, 1, 56, 357, 0, 0, 809.77%, 133, 0, 0, 2053.16, 30605, 21149, 776.56%, 2073, 1988
1706881416, 1, 57, 357, 0, 0, 809.77%, 133, 0, 0, 1286.67, 30782, 21358, 776.56%, 2073, 1988
1706881416, 1, 65, 357, 0, 0, 809.77%, 133, 0, 0, 1926.67, 31139, 21579, 776.56%, 2073, 1988
1706881416, 1, 74, 358, 0, 0, 809.77%, 133, 0, 0, 1730.00, 31494, 21743, 776.56%, 2073, 1988
1706881416, 1, 80, 358, 0, 0, 809.77%, 133, 0, 0, 2230.00, 31988, 21918, 776.56%, 2073, 1988
1706881417, 1, 81, 358, 0, 0, 809.77%, 134, 0, 0, 953.33, 32013, 22179, 776.56%, 2073, 1988
1706881417, 1, 85, 358, 0, 0, 809.77%, 134, 0, 0, 1586.67, 32270, 22398, 776.56%, 2073, 1988
1706881417, 1, 88, 358, 0, 0, 809.77%, 135, 0, 0, 1840.00, 32578, 22642, 776.56%, 2073, 1988
1706881418, 1, 95, 360, 0, 0, 809.77%, 135, 0, 0, 1450.00, 32837, 22818, 778.13%, 2073, 1992
1706881418, 1, 102, 360, 0, 0, 809.77%, 135, 0, 0, 1560.00, 33168, 22955, 778.13%, 2073, 1992
1706881418, 1, 111, 360, 0, 0, 809.77%, 135, 0, 0, 1913.33, 33448, 23249, 778.13%, 2073, 1992
1706881419, 1, 123, 360, 0, 0, 809.77%, 135, 0, 0, 1346.67, 33680, 23421, 778.13%, 2073, 1992
1706881419, 1, 126, 360, 0, 0, 809.77%, 135, 0, 0, 1733.33, 34041, 23580, 778.13%, 2073, 1992
1706881419, 1, 129, 360, 0, 0, 809.77%, 135, 0, 0, 1713.33, 34380, 23755, 778.13%, 2073, 1992
1706881419, 1, 132, 360, 0, 0, 809.77%, 135, 0, 0, 1936.67, 34809, 23907, 778.13%, 2073, 1992
1706881420, 1, 136, 360, 0, 0, 809.77%, 135, 0, 0, 1140.00, 34881, 24177, 778.13%, 2073, 1992
1706881420, 1, 138, 360, 0, 0, 809.77%, 135, 0, 0, 1680.00, 35151, 24411, 778.13%, 2073, 1992
1706881420, 1, 145, 360, 0, 0, 809.77%, 135, 0, 0, 2113.33, 35510, 24686, 778.13%, 2073, 1992
1706881421, 1, 150, 362, 0, 0, 809.77%, 136, 0, 0, 1790.00, 35876, 24857, 778.52%, 2073, 1993
1706881421, 1, 161, 363, 0, 0, 809.77%, 136, 0, 0, 1666.67, 36193, 25040, 778.52%, 2073, 1993
1706881421, 1, 165, 363, 0, 0, 809.77%, 136, 0, 0, 1023.19, 36312, 25274, 778.52%, 2073, 1993
1706881422, 1, 167, 363, 0, 0, 809.77%, 136, 0, 0, 820.00, 36413, 25419, 778.52%, 2073, 1993
1706881422, 1, 176, 363, 0, 0, 809.77%, 137, 0, 0, 1053.33, 36598, 25550, 778.52%, 2073, 1993
1706881422, 1, 180, 364, 0, 0, 809.77%, 137, 0, 0, 910.30, 36743, 25679, 778.52%, 2073, 1993
1706881423, 1, 182, 364, 0, 0, 809.77%, 137, 0, 0, 1490.00, 37023, 25846, 778.52%, 2073, 1993
1706881423, 1, 190, 364, 0, 0, 809.77%, 138, 0, 0, 1960.00, 37417, 26040, 778.52%, 2073, 1993
1706881423, 1, 199, 364, 0, 0, 809.77%, 139, 0, 0, 906.67, 37551, 26178, 778.52%, 2073, 1993
1706881423, 1, 205, 364, 0, 0, 809.77%, 139, 0, 0, 723.33, 37658, 26288, 778.52%, 2073, 1993
1706881424, 1, 212, 364, 0, 0, 809.77%, 139, 0, 0, 800.00, 37800, 26386, 778.52%, 2073, 1993
1706881424, 1, 215, 365, 0, 0, 809.77%, 139, 0, 0, 532.30, 37880, 26512, 778.52%, 2073, 1993
1706881424, 1, 216, 365, 0, 0, 809.77%, 141, 0, 0, 926.67, 37962, 26708, 778.52%, 2073, 1993
1706881425, 1, 216, 365, 0, 0, 809.77%, 141, 0, 0, 873.33, 38082, 26850, 778.52%, 2073, 1993
1706881425, 1, 216, 365, 0, 0, 809.77%, 141, 0, 0, 840.00, 38209, 26975, 778.52%, 2073, 1993
1706881425, 1, 217, 365, 0, 0, 809.77%, 141, 0, 0, 716.67, 38295, 27104, 778.52%, 2073, 1993
1706881426, 1, 217, 365, 0, 0, 809.77%, 143, 0, 0, 683.33, 38364, 27240, 778.52%, 2073, 1993
1706881426, 1, 217, 365, 0, 0, 809.77%, 143, 0, 0, 674.42, 38439, 27368, 778.52%, 2073, 1993
1706881426, 1, 217, 367, 0, 0, 809.77%, 143, 0, 0, 661.13, 38514, 27492, 778.52%, 2073, 1993
1706881427, 1, 222, 367, 0, 0, 809.77%, 143, 0, 0, 940.59, 38593, 27698, 778.52%, 2073, 1993
1706881427, 1, 227, 367, 0, 0, 809.77%, 143, 0, 0, 996.68, 38646, 27945, 778.52%, 2073, 1993
1706881427, 1, 230, 368, 0, 0, 809.77%, 144, 0, 0, 853.33, 38659, 28188, 778.52%, 2073, 1993
1706881427, 1, 231, 368, 0, 0, 809.77%, 145, 0, 0, 923.33, 38713, 28411, 778.52%, 2073, 1993
1706881428, 1, 231, 368, 0, 0, 809.77%, 145, 0, 0, 1246.67, 38900, 28598, 778.52%, 2073, 1993
1706881428, 1, 233, 368, 0, 0, 809.77%, 145, 0, 0, 1370.00, 39115, 28794, 778.52%, 2073, 1993
1706881428, 1, 233, 368, 0, 0, 809.77%, 145, 0, 0, 1283.33, 39323, 28971, 778.52%, 2073, 1993
1706881429, 1, 241, 368, 0, 0, 809.77%, 145, 0, 0, 853.33, 39437, 29113, 778.52%, 2073, 1993
1706881429, 1, 244, 368, 0, 0, 809.77%, 145, 0, 0, 699.71, 39479, 29311, 778.52%, 2073, 1993
1706881429, 1, 245, 368, 0, 0, 809.77%, 145, 0, 0, 735.10, 39507, 29505, 778.52%, 2073, 1993
1706881430, 1, 246, 368, 0, 0, 809.77%, 145, 0, 0, 603.33, 39583, 29610, 778.52%, 2073, 1993
1706881430, 1, 246, 368, 0, 0, 809.77%, 145, 0, 0, 717.61, 39662, 29747, 778.52%, 2073, 1993
1706881430, 1, 246, 368, 0, 0, 809.77%, 145, 0, 0, 630.00, 39718, 29880, 778.52%, 2073, 1993
1706881430, 1, 248, 368, 0, 0, 809.77%, 145, 0, 0, 750.00, 39801, 30022, 778.52%, 2073, 1993
1706881431, 1, 257, 368, 0, 0, 809.77%, 145, 0, 0, 1603.33, 40074, 30230, 778.52%, 2073, 1993
1706881431, 1, 265, 368, 0, 0, 809.77%, 145, 0, 0, 1943.33, 40491, 30396, 778.52%, 2073, 1993
1706881431, 1, 268, 368, 0, 0, 809.77%, 145, 0, 0, 616.67, 40570, 30502, 778.52%, 2073, 1993
1706881432, 1, 268, 368, 0, 0, 809.77%, 146, 0, 0, 600.00, 40644, 30608, 778.52%, 2073, 1993
1706881432, 1, 268, 368, 0, 0, 809.77%, 146, 0, 0, 633.33, 40712, 30730, 778.52%, 2073, 1993
1706881432, 1, 268, 368, 0, 0, 809.77%, 148, 0, 0, 594.68, 40789, 30832, 778.52%, 2073, 1993
1706881433, 1, 272, 368, 0, 0, 809.77%, 148, 0, 0, 770.00, 40881, 30971, 778.52%, 2073, 1993
1706881433, 1, 272, 368, 0, 0, 809.77%, 150, 0, 0, 1317.88, 41090, 31160, 778.52%, 2073, 1993
1706881433, 1, 277, 368, 0, 0, 809.77%, 150, 0, 0, 1385.38, 41312, 31355, 778.52%, 2073, 1993
1706881433, 1, 280, 368, 0, 0, 809.77%, 150, 0, 0, 1580.00, 41585, 31556, 778.52%, 2073, 1993
1706881434, 1, 281, 368, 0, 0, 809.77%, 150, 0, 0, 813.95, 41737, 31649, 778.52%, 2073, 1993
1706881434, 1, 281, 368, 0, 0, 809.77%, 150, 0, 0, 540.00, 41813, 31735, 778.52%, 2073, 1993
1706881434, 1, 281, 368, 0, 0, 809.77%, 151, 0, 0, 586.67, 41902, 31822, 778.52%, 2073, 1993
1706881435, 1, 281, 369, 0, 0, 809.77%, 151, 0, 0, 590.00, 41988, 31913, 778.52%, 2073, 1993
1706881435, 1, 282, 369, 0, 0, 809.77%, 151, 0, 0, 1430.00, 42290, 32040, 778.52%, 2073, 1993
1706881435, 1, 288, 369, 0, 0, 809.77%, 151, 0, 0, 1310.00, 42401, 32322, 778.52%, 2073, 1993
1706881436, 1, 295, 369, 0, 0, 809.77%, 152, 0, 0, 826.67, 42540, 32431, 778.52%, 2073, 1993
1706881436, 1, 295, 369, 0, 0, 809.77%, 152, 0, 0, 933.33, 42685, 32566, 778.52%, 2073, 1993
1706881436, 1, 295, 369, 0, 0, 809.77%, 152, 0, 0, 910.00, 42809, 32715, 778.52%, 2073, 1993
1706881436, 1, 298, 369, 0, 0, 809.77%, 152, 0, 0, 756.67, 42911, 32840, 778.52%, 2073, 1993
1706881437, 1, 298, 369, 0, 0, 809.77%, 152, 0, 0, 677.74, 42991, 32964, 778.52%, 2073, 1993
1706881437, 1, 298, 370, 0, 0, 809.77%, 153, 0, 0, 713.33, 43053, 33116, 778.52%, 2073, 1993
1706881437, 1, 298, 370, 0, 0, 809.77%, 153, 0, 0, 723.33, 43133, 33253, 778.52%, 2073, 1993
1706881438, 1, 304, 371, 0, 0, 809.77%, 153, 0, 0, 676.67, 43202, 33387, 778.52%, 2073, 1993
1706881438, 1, 304, 371, 0, 0, 809.77%, 154, 0, 0, 664.45, 43269, 33520, 778.52%, 2073, 1993
1706881438, 1, 304, 371, 0, 0, 809.77%, 154, 0, 0, 694.35, 43346, 33652, 778.52%, 2073, 1993
1706881439, 1, 304, 371, 0, 0, 809.77%, 154, 0, 0, 627.91, 43414, 33773, 778.52%, 2073, 1993
1706881439, 1, 307, 371, 0, 0, 809.77%, 154, 0, 0, 660.00, 43486, 33899, 778.52%, 2073, 1993
1706881439, 1, 311, 371, 0, 0, 809.77%, 154, 0, 0, 623.33, 43565, 34007, 778.52%, 2073, 1993
1706881439, 1, 311, 371, 0, 0, 809.77%, 154, 0, 0, 1046.67, 43730, 34156, 778.52%, 2073, 1993
1706881440, 1, 312, 371, 0, 0, 809.77%, 154, 0, 0, 1010.00, 43895, 34294, 778.52%, 2073, 1993
1706881440, 1, 320, 371, 0, 0, 809.77%, 154, 0, 0, 956.67, 44008, 34468, 778.52%, 2073, 1993
1706881440, 1, 320, 371, 0, 0, 809.77%, 154, 0, 0, 1270.00, 44219, 34638, 778.52%, 2073, 1993
1706881441, 1, 326, 371, 0, 0, 809.77%, 154, 0, 0, 903.33, 44338, 34790, 778.52%, 2073, 1993
1706881441, 1, 332, 371, 0, 0, 809.77%, 154, 0, 0, 1186.67, 44556, 34928, 778.52%, 2073, 1993
1706881441, 1, 337, 375, 0, 0, 809.77%, 154, 0, 0, 471.76, 44609, 35017, 778.52%, 2073, 1993
1706881442, 1, 344, 375, 0, 0, 809.77%, 155, 0, 0, 1030.00, 44755, 35180, 778.52%, 2073, 1993
1706881442, 1, 347, 376, 0, 0, 809.77%, 155, 0, 0, 1326.67, 45029, 35304, 778.52%, 2073, 1993
1706881442, 1, 353, 379, 0, 0, 809.77%, 156, 0, 0, 639.07, 45115, 35411, 778.52%, 2073, 1993
1706881442, 1, 359, 379, 0, 0, 809.77%, 156, 0, 0, 943.52, 45271, 35539, 778.52%, 2073, 1993
1706881443, 1, 359, 379, 0, 0, 809.77%, 156, 0, 0, 976.67, 45457, 35646, 778.52%, 2073, 1993
1706881443, 1, 359, 379, 0, 0, 809.77%, 156, 0, 0, 956.67, 45640, 35750, 778.52%, 2073, 1993
1706881443, 1, 366, 381, 0, 0, 809.77%, 157, 0, 0, 1413.33, 45962, 35852, 778.52%, 2073, 1993
1706881444, 1, 372, 385, 0, 0, 809.77%, 158, 0, 0, 561.06, 46009, 35975, 778.52%, 2073, 1993
1706881444, 1, 376, 388, 0, 0, 809.77%, 159, 0, 0, 493.33, 46084, 36048, 778.52%, 2073, 1993
1706881444, 1, 382, 389, 0, 0, 809.77%, 160, 0, 0, 596.03, 46159, 36153, 778.52%, 2073, 1993
1706881445, 1, 385, 395, 0, 0, 809.77%, 160, 0, 0, 433.77, 46225, 36218, 778.52%, 2073, 1993
1706881445, 1, 390, 397, 0, 0, 809.77%, 160, 0, 0, 466.67, 46281, 36302, 778.52%, 2073, 1993
1706881445, 1, 393, 399, 0, 0, 809.77%, 160, 0, 0, 443.33, 46353, 36363, 778.52%, 2073, 1993
1706881446, 1, 397, 401, 0, 0, 809.77%, 160, 0, 0, 468.44, 46416, 36441, 778.52%, 2073, 1993
1706881446, 2, 0, 401, 0, 0, 809.77%, 160, 0, 0, 393.33, 46477, 36498, 778.52%, 2073, 1993
1706881446, 2, 1, 401, 0, 0, 809.77%, 160, 0, 0, 2043.33, 46987, 36601, 778.52%, 2073, 1993
1706881446, 2, 3, 401, 0, 0, 809.77%, 160, 0, 0, 2199.34, 47543, 36707, 778.52%, 2073, 1993
1706881447, 2, 7, 401, 0, 0, 809.77%, 160, 0, 0, 2416.67, 48085, 36890, 778.52%, 2073, 1993
1706881447, 2, 10, 401, 0, 0, 809.77%, 160, 0, 0, 2413.33, 48662, 37037, 778.52%, 2073, 1993
1706881447, 2, 13, 401, 0, 0, 809.77%, 161, 0, 0, 2373.33, 49269, 37142, 778.52%, 2073, 1993
1706881448, 2, 15, 401, 0, 0, 809.77%, 161, 0, 0, 1416.67, 49492, 37344, 778.52%, 2073, 1993
1706881448, 2, 19, 401, 0, 0, 809.77%, 161, 0, 0, 2183.33, 50049, 37442, 778.52%, 2073, 1993
1706881448, 2, 23, 401, 0, 0, 809.77%, 161, 0, 0, 1613.33, 50356, 37619, 778.52%, 2073, 1993
1706881449, 2, 24, 401, 0, 0, 809.77%, 161, 0, 0, 1470.00, 50603, 37813, 778.52%, 2073, 1993
1706881449, 2, 26, 401, 0, 0, 809.77%, 161, 0, 0, 1275.08, 50905, 37905, 778.52%, 2073, 1993
1706881449, 2, 26, 401, 0, 0, 809.77%, 162, 0, 0, 726.67, 51038, 37990, 778.52%, 2073, 1993
1706881449, 2, 26, 401, 0, 0, 809.77%, 162, 0, 0, 756.67, 51176, 38079, 778.52%, 2073, 1993
1706881450, 2, 31, 401, 0, 0, 809.77%, 162, 0, 0, 996.67, 51380, 38174, 778.52%, 2073, 1993
1706881450, 2, 35, 401, 0, 0, 809.77%, 163, 0, 0, 1830.00, 51800, 38303, 778.52%, 2073, 1993
1706881450, 2, 35, 401, 0, 0, 809.77%, 164, 0, 0, 1143.33, 51987, 38459, 778.52%, 2073, 1993
1706881451, 2, 37, 401, 0, 0, 809.77%, 165, 0, 0, 1126.67, 52180, 38604, 778.52%, 2073, 1993
1706881451, 2, 37, 401, 0, 0, 809.77%, 165, 0, 0, 833.33, 52306, 38728, 778.52%, 2073, 1993
1706881451, 2, 37, 401, 0, 0, 809.77%, 165, 0, 0, 814.57, 52426, 38854, 778.52%, 2073, 1993
1706881452, 2, 38, 401, 0, 0, 809.77%, 165, 0, 0, 1070.00, 52612, 38989, 778.52%, 2073, 1993
1706881452, 2, 40, 401, 0, 0, 809.77%, 165, 0, 0, 2226.67, 53141, 39128, 778.52%, 2073, 1993
1706881452, 2, 47, 401, 0, 0, 809.77%, 165, 0, 0, 2063.33, 53564, 39324, 778.52%, 2073, 1993
1706881452, 2, 49, 401, 0, 0, 809.77%, 165, 0, 0, 1693.33, 53851, 39545, 778.52%, 2073, 1993
1706881453, 2, 49, 401, 0, 0, 809.77%, 166, 0, 0, 1206.67, 54044, 39714, 778.52%, 2073, 1993
1706881453, 2, 56, 401, 0, 0, 809.77%, 166, 0, 0, 2006.67, 54469, 39891, 778.52%, 2073, 1993
1706881453, 2, 58, 401, 0, 0, 809.77%, 166, 0, 0, 1563.33, 54710, 40119, 778.52%, 2073, 1993
1706881454, 2, 67, 402, 0, 0, 809.77%, 166, 0, 0, 1986.67, 55110, 40315, 778.52%, 2073, 1993
1706881454, 2, 76, 403, 0, 0, 809.77%, 166, 0, 0, 1727.57, 55444, 40501, 778.52%, 2073, 1993
1706881454, 2, 80, 403, 0, 0, 809.77%, 166, 0, 0, 1760.00, 55835, 40638, 778.52%, 2073, 1993
1706881455, 2, 81, 403, 0, 0, 809.77%, 167, 0, 0, 953.33, 55859, 40900, 778.52%, 2073, 1993
1706881455, 2, 85, 403, 0, 0, 809.77%, 167, 0, 0, 1470.00, 56111, 41089, 778.52%, 2073, 1993
1706881455, 2, 88, 403, 0, 0, 809.77%, 167, 0, 0, 1740.00, 56408, 41314, 778.52%, 2073, 1993
1706881455, 2, 95, 403, 0, 0, 809.77%, 168, 0, 0, 1906.67, 56724, 41570, 778.52%, 2073, 1993
1706881456, 2, 104, 403, 0, 0, 809.77%, 168, 0, 0, 1450.00, 57011, 41718, 778.52%, 2073, 1993
1706881456, 2, 111, 403, 0, 0, 809.77%, 168, 0, 0, 2240.00, 57380, 42021, 778.52%, 2073, 1993
1706881456, 2, 124, 403, 0, 0, 809.77%, 168, 0, 0, 1343.33, 57617, 42187, 778.52%, 2073, 1993
1706881457, 2, 128, 403, 0, 0, 809.77%, 168, 0, 0, 1833.33, 57964, 42390, 778.52%, 2073, 1993
1706881457, 2, 132, 403, 0, 0, 809.77%, 168, 0, 0, 1946.67, 58376, 42562, 778.52%, 2073, 1993
1706881457, 2, 136, 403, 0, 0, 809.77%, 168, 0, 0, 1746.67, 58717, 42745, 778.52%, 2073, 1993
1706881458, 2, 137, 403, 0, 0, 809.77%, 169, 0, 0, 1153.33, 58747, 43061, 778.52%, 2073, 1993
1706881458, 2, 140, 403, 0, 0, 809.77%, 170, 0, 0, 2136.67, 59164, 43285, 778.52%, 2073, 1993
1706881458, 2, 148, 404, 0, 0, 810.55%, 170, 0, 0, 1583.33, 59428, 43496, 778.52%, 2075, 1993
1706881458, 2, 155, 404, 0, 0, 810.55%, 170, 0, 0, 2373.33, 59956, 43680, 778.52%, 2075, 1993
1706881459, 2, 165, 404, 0, 0, 810.55%, 171, 0, 0, 1340.00, 60115, 43923, 778.52%, 2075, 1993
1706881459, 2, 167, 404, 0, 0, 810.55%, 172, 0, 0, 960.26, 60193, 44135, 778.52%, 2075, 1993
1706881459, 2, 174, 404, 0, 0, 810.55%, 172, 0, 0, 1186.67, 60408, 44276, 778.52%, 2075, 1993
1706881460, 2, 180, 405, 0, 0, 810.55%, 172, 0, 0, 980.00, 60554, 44424, 778.91%, 2075, 1994
1706881460, 2, 183, 405, 0, 0, 810.55%, 172, 0, 0, 1600.00, 60847, 44611, 778.91%, 2075, 1994
1706881460, 2, 190, 405, 0, 0, 810.55%, 172, 0, 0, 1826.67, 61241, 44765, 778.91%, 2075, 1994
1706881461, 2, 199, 405, 0, 0, 810.55%, 172, 0, 0, 946.67, 61392, 44898, 778.91%, 2075, 1994
1706881461, 2, 206, 405, 0, 0, 810.55%, 172, 0, 0, 820.00, 61507, 45029, 778.91%, 2075, 1994
1706881461, 2, 213, 405, 0, 0, 810.55%, 173, 0, 0, 770.00, 61648, 45119, 778.91%, 2075, 1994
1706881461, 2, 215, 405, 0, 0, 810.55%, 173, 0, 0, 973.33, 61739, 45320, 778.91%, 2075, 1994
1706881462, 2, 216, 405, 0, 0, 810.55%, 174, 0, 0, 1003.33, 61867, 45493, 778.91%, 2075, 1994
1706881462, 2, 216, 405, 0, 0, 810.55%, 174, 0, 0, 993.36, 62011, 45648, 778.91%, 2075, 1994
1706881462, 2, 217, 405, 0, 0, 810.55%, 174, 0, 0, 930.00, 62139, 45799, 778.91%, 2075, 1994
1706881463, 2, 217, 405, 0, 0, 810.55%, 174, 0, 0, 682.12, 62219, 45925, 778.91%, 2075, 1994
1706881463, 2, 217, 405, 0, 0, 810.55%, 174, 0, 0, 736.67, 62286, 46079, 778.91%, 2075, 1994
1706881463, 2, 217, 405, 0, 0, 810.55%, 174, 0, 0, 626.67, 62360, 46193, 778.91%, 2075, 1994
1706881464, 2, 222, 405, 0, 0, 810.55%, 174, 0, 0, 940.00, 62452, 46383, 778.91%, 2075, 1994
1706881464, 2, 227, 405, 0, 0, 810.55%, 174, 0, 0, 1080.00, 62513, 46646, 778.91%, 2075, 1994
1706881464, 2, 230, 406, 0, 0, 810.55%, 175, 0, 0, 806.67, 62525, 46876, 778.91%, 2075, 1994
1706881464, 2, 231, 406, 0, 0, 810.55%, 175, 0, 0, 923.33, 62567, 47111, 778.91%, 2075, 1994
1706881465, 2, 231, 406, 0, 0, 810.55%, 175, 0, 0, 1196.67, 62761, 47276, 778.91%, 2075, 1994
1706881465, 2, 233, 406, 0, 0, 810.55%, 175, 0, 0, 1242.52, 62956, 47455, 778.91%, 2075, 1994
1706881465, 2, 233, 406, 0, 0, 810.55%, 176, 0, 0, 1246.67, 63141, 47644, 778.91%, 2075, 1994
1706881466, 2, 239, 406, 0, 0, 810.55%, 176, 0, 0, 950.17, 63288, 47783, 778.91%, 2075, 1994
1706881466, 2, 244, 406, 0, 0, 810.55%, 176, 0, 0, 856.67, 63343, 47985, 778.91%, 2075, 1994
1706881466, 2, 245, 406, 0, 0, 810.55%, 176, 0, 0, 896.67, 63383, 48214, 778.91%, 2075, 1994
1706881467, 2, 246, 406, 0, 0, 810.55%, 176, 0, 0, 760.00, 63460, 48365, 778.91%, 2075, 1994
1706881467, 2, 246, 406, 0, 0, 810.55%, 176, 0, 0, 730.90, 63530, 48515, 778.91%, 2075, 1994
1706881467, 2, 246, 406, 0, 0, 810.55%, 176, 0, 0, 763.33, 63599, 48675, 778.91%, 2075, 1994
1706881467, 2, 252, 406, 0, 0, 810.55%, 177, 0, 0, 1676.67, 63877, 48900, 778.91%, 2075, 1994
1706881468, 2, 263, 408, 0, 0, 810.55%, 177, 0, 0, 1683.33, 64216, 49066, 779.30%, 2075, 1995
1706881468, 2, 268, 408, 0, 0, 810.55%, 177, 0, 0, 1053.33, 64402, 49196, 779.30%, 2075, 1995
1706881468, 2, 268, 408, 0, 0, 810.55%, 177, 0, 0, 583.33, 64484, 49289, 779.30%, 2075, 1995
1706881469, 2, 268, 408, 0, 0, 810.55%, 177, 0, 0, 620.00, 64565, 49394, 779.30%, 2075, 1995
1706881469, 2, 268, 408, 0, 0, 810.55%, 177, 0, 0, 523.33, 64654, 49462, 779.30%, 2075, 1995
1706881469, 2, 269, 408, 0, 0, 810.55%, 177, 0, 0, 548.17, 64723, 49558, 779.30%, 2075, 1995
1706881470, 2, 272, 408, 0, 0, 810.55%, 178, 0, 0, 986.67, 64868, 49709, 779.30%, 2075, 1995
1706881470, 2, 276, 408, 0, 0, 810.55%, 178, 0, 0, 1343.33, 65080, 49900, 779.30%, 2075, 1995
1706881470, 2, 279, 409, 0, 0, 810.55%, 178, 0, 0, 1426.67, 65279, 50129, 779.69%, 2075, 1996
1706881470, 2, 281, 409, 0, 0, 810.55%, 178, 0, 0, 1521.59, 65610, 50256, 779.69%, 2075, 1996
1706881471, 2, 281, 409, 0, 0, 810.55%, 178, 0, 0, 586.09, 65699, 50344, 779.69%, 2075, 1996
1706881471, 2, 281, 409, 0, 0, 810.55%, 178, 0, 0, 560.00, 65773, 50438, 779.69%, 2075, 1996
1706881471, 2, 281, 409, 0, 0, 810.55%, 178, 0, 0, 554.82, 65857, 50521, 779.69%, 2075, 1996
1706881472, 2, 282, 409, 0, 0, 810.55%, 178, 0, 0, 633.33, 65957, 50611, 779.69%, 2075, 1996
1706881472, 2, 287, 409, 0, 0, 810.55%, 179, 0, 0, 1870.00, 66262, 50867, 779.69%, 2075, 1996
1706881472, 2, 288, 409, 0, 0, 810.55%, 181, 0, 0, 404.70, 66291, 50993, 779.69%, 2075, 1996
1706881473, 2, 295, 409, 0, 0, 810.55%, 181, 0, 0, 780.00, 66412, 51106, 779.69%, 2075, 1996
1706881473, 2, 295, 409, 0, 0, 810.55%, 181, 0, 0, 906.67, 66528, 51262, 779.69%, 2075, 1996
1706881473, 2, 295, 409, 0, 0, 810.55%, 181, 0, 0, 1000.00, 66678, 51412, 779.69%, 2075, 1996
1706881474, 2, 298, 409, 0, 0, 810.55%, 181, 0, 0, 784.05, 66772, 51554, 779.69%, 2075, 1996
1706881474, 2, 298, 409, 0, 0, 810.55%, 181, 0, 0, 694.35, 66846, 51689, 779.69%, 2075, 1996
1706881474, 2, 298, 409, 0, 0, 810.55%, 181, 0, 0, 610.00, 66915, 51803, 779.69%, 2075, 1996
1706881474, 2, 298, 409, 0, 0, 810.55%, 181, 0, 0, 643.33, 66983, 51928, 779.69%, 2075, 1996
1706881475, 2, 303, 411, 0, 0, 810.55%, 181, 0, 0, 588.04, 67047, 52041, 779.69%, 2075, 1996
1706881475, 2, 304, 411, 0, 0, 810.55%, 181, 0, 0, 626.67, 67113, 52163, 779.69%, 2075, 1996
1706881475, 2, 304, 411, 0, 0, 810.55%, 181, 0, 0, 653.33, 67198, 52274, 779.69%, 2075, 1996
1706881476, 2, 304, 411, 0, 0, 810.55%, 181, 0, 0, 660.00, 67273, 52397, 779.69%, 2075, 1996
1706881476, 2, 305, 411, 0, 0, 810.55%, 181, 0, 0, 703.33, 67345, 52536, 779.69%, 2075, 1996
1706881476, 2, 311, 412, 0, 0, 810.94%, 182, 0, 0, 710.00, 67425, 52669, 779.69%, 2076, 1996
1706881477, 2, 311, 412, 0, 0, 810.94%, 182, 0, 0, 1123.33, 67598, 52833, 779.69%, 2076, 1996
1706881477, 2, 313, 412, 0, 0, 810.94%, 182, 0, 0, 1093.33, 67753, 53006, 779.69%, 2076, 1996
1706881477, 2, 320, 412, 0, 0, 810.94%, 182, 0, 0, 690.00, 67820, 53146, 779.69%, 2076, 1996
1706881477, 2, 320, 412, 0, 0, 810.94%, 182, 0, 0, 1206.67, 68010, 53318, 779.69%, 2076, 1996
1706881478, 2, 325, 412, 0, 0, 810.94%, 183, 0, 0, 1030.00, 68153, 53484, 779.69%, 2076, 1996
1706881478, 2, 331, 413, 0, 0, 810.94%, 183, 0, 0, 746.67, 68241, 53620, 779.69%, 2076, 1996
1706881478, 2, 336, 413, 0, 0, 810.94%, 183, 0, 0, 943.52, 68409, 53736, 779.69%, 2076, 1996
1706881479, 2, 344, 413, 0, 0, 810.94%, 184, 0, 0, 710.00, 68505, 53853, 779.69%, 2076, 1996
1706881479, 2, 347, 414, 0, 0, 810.94%, 184, 0, 0, 1611.30, 68848, 53995, 779.69%, 2076, 1996
1706881479, 2, 352, 414, 0, 0, 810.94%, 184, 0, 0, 607.97, 68923, 54103, 779.69%, 2076, 1996
1706881480, 2, 359, 414, 0, 0, 810.94%, 184, 0, 0, 843.33, 69065, 54214, 779.69%, 2076, 1996
1706881480, 2, 359, 414, 0, 0, 810.94%, 184, 0, 0, 1056.67, 69268, 54328, 779.69%, 2076, 1996
1706881480, 2, 359, 414, 0, 0, 810.94%, 184, 0, 0, 1073.33, 69460, 54458, 779.69%, 2076, 1996
1706881480, 2, 366, 414, 0, 0, 810.94%, 184, 0, 0, 1490.00, 69777, 54588, 779.69%, 2076, 1996
1706881481, 2, 373, 414, 0, 0, 810.94%, 185, 0, 0, 596.67, 69825, 54719, 779.69%, 2076, 1996
1706881481, 2, 378, 414, 0, 0, 810.94%, 185, 0, 0, 583.33, 69913, 54806, 779.69%, 2076, 1996
1706881481, 2, 383, 414, 0, 0, 810.94%, 185, 0, 0, 607.97, 69994, 54908, 779.69%, 2076, 1996
1706881482, 2, 388, 414, 0, 0, 810.94%, 185, 0, 0, 490.00, 70052, 54997, 779.69%, 2076, 1996
1706881482, 2, 392, 415, 0, 0, 810.94%, 185, 0, 0, 513.33, 70131, 55072, 779.69%, 2076, 1996
1706881482, 2, 396, 417, 0, 0, 810.94%, 185, 0, 0, 523.33, 70202, 55158, 779.69%, 2076, 1996
1706881483, 2, 400, 417, 0, 0, 810.94%, 185, 0, 0, 470.00, 70275, 55226, 779.69%, 2076, 1996
1706881483, 2, 404, 417, 0, 0, 810.94%, 185, 0, 0, 1396.67, 70539, 55381, 779.69%, 2076, 1996
1706881483, 2, 404, 417, 0, 0, 810.94%, 185, 0, 0, 1116.67, 70756, 55499, 779.69%, 2076, 1996
1706881483, 2, 409, 418, 0, 0, 810.94%, 185, 0, 0, 1893.33, 71176, 55647, 780.08%, 2076, 1997
1706881484, 2, 411, 418, 0, 0, 810.94%, 186, 0, 0, 900.00, 71200, 55893, 780.08%, 2076, 1997
1706881484, 2, 413, 419, 0, 0, 810.94%, 187, 0, 0, 746.67, 71242, 56075, 780.08%, 2076, 1997
1706881484, 2, 418, 419, 0, 0, 810.94%, 187, 0, 0, 996.68, 71434, 56183, 780.08%, 2076, 1997
1706881485, 3, 1, 419, 0, 0, 810.94%, 187, 0, 0, 2003.33, 71909, 56309, 780.08%, 2076, 1997
1706881485, 3, 4, 419, 0, 0, 810.94%, 187, 0, 0, 2480.00, 72534, 56428, 780.08%, 2076, 1997
1706881485, 3, 8, 419, 0, 0, 810.94%, 187, 0, 0, 2656.67, 73134, 56625, 780.08%, 2076, 1997
1706881486, 3, 10, 419, 0, 0, 810.94%, 187, 0, 0, 2186.67, 73682, 56733, 780.08%, 2076, 1997
1706881486, 3, 13, 419, 0, 0, 810.94%, 187, 0, 0, 2260.00, 74230, 56863, 780.08%, 2076, 1997
1706881486, 3, 15, 419, 0, 0, 810.94%, 187, 0, 0, 1710.00, 74521, 57085, 780.08%, 2076, 1997
1706881486, 3, 21, 419, 0, 0, 810.94%, 187, 0, 0, 2520.00, 75178, 57184, 780.08%, 2076, 1997
1706881487, 3, 24, 419, 0, 0, 810.94%, 188, 0, 0, 1550.00, 75360, 57467, 780.08%, 2076, 1997
1706881487, 3, 26, 419, 0, 0, 810.94%, 188, 0, 0, 2006.67, 75837, 57592, 780.08%, 2076, 1997
1706881487, 3, 26, 419, 0, 0, 810.94%, 188, 0, 0, 897.01, 75988, 57711, 780.08%, 2076, 1997
1706881488, 3, 26, 419, 0, 0, 810.94%, 188, 0, 0, 920.00, 76151, 57824, 780.08%, 2076, 1997
1706881488, 3, 34, 419, 0, 0, 810.94%, 188, 0, 0, 1786.67, 76583, 57928, 780.08%, 2076, 1997
1706881488, 3, 35, 419, 0, 0, 810.94%, 188, 0, 0, 1643.33, 76908, 58096, 780.08%, 2076, 1997
1706881489, 3, 37, 419, 0, 0, 810.94%, 188, 0, 0, 1386.67, 77142, 58278, 780.08%, 2076, 1997
1706881489, 3, 37, 419, 0, 0, 810.94%, 188, 0, 0, 876.67, 77264, 58419, 780.08%, 2076, 1997
1706881489, 3, 37, 419, 0, 0, 810.94%, 189, 0, 0, 956.81, 77382, 58589, 780.08%, 2076, 1997
1706881489, 3, 38, 419, 0, 0, 810.94%, 189, 0, 0, 1250.00, 77625, 58721, 780.08%, 2076, 1997
1706881490, 3, 44, 419, 0, 0, 810.94%, 189, 0, 0, 2350.00, 78159, 58892, 780.08%, 2076, 1997
1706881490, 3, 48, 419, 0, 0, 810.94%, 189, 0, 0, 2430.00, 78637, 59143, 780.08%, 2076, 1997
1706881490, 3, 49, 419, 0, 0, 810.94%, 189, 0, 0, 1413.33, 78870, 59334, 780.08%, 2076, 1997
1706881491, 3, 54, 419, 0, 0, 810.94%, 189, 0, 0, 1723.33, 79192, 59529, 780.08%, 2076, 1997
1706881491, 3, 56, 419, 0, 0, 810.94%, 189, 0, 0, 1420.00, 79421, 59726, 780.08%, 2076, 1997
1706881491, 3, 62, 419, 0, 0, 810.94%, 190, 0, 0, 1753.33, 79742, 59931, 780.08%, 2076, 1997
1706881492, 3, 71, 419, 0, 0, 810.94%, 190, 0, 0, 2057.14, 80189, 60132, 780.08%, 2076, 1997
1706881492, 3, 79, 419, 0, 0, 810.94%, 190, 0, 0, 1963.33, 80571, 60339, 780.08%, 2076, 1997
1706881492, 3, 81, 419, 0, 0, 810.94%, 190, 0, 0, 1219.35, 80759, 60529, 780.08%, 2076, 1997
1706881492, 3, 82, 419, 0, 0, 810.94%, 190, 0, 0, 930.00, 80809, 60758, 780.08%, 2076, 1997
1706881493, 3, 85, 419, 0, 0, 810.94%, 190, 0, 0, 1591.64, 81061, 61001, 780.08%, 2076, 1997
1706881493, 3, 91, 419, 0, 0, 810.94%, 190, 0, 0, 2010.00, 81467, 61198, 780.08%, 2076, 1997
1706881493, 3, 97, 419, 0, 0, 810.94%, 190, 0, 0, 1823.33, 81838, 61374, 780.08%, 2076, 1997
1706881494, 3, 107, 420, 0, 0, 812.50%, 190, 0, 0, 1726.67, 82064, 61666, 780.08%, 2080, 1997
1706881494, 3, 120, 420, 0, 0, 812.50%, 190, 0, 0, 1716.67, 82392, 61853, 780.08%, 2080, 1997
1706881494, 3, 125, 420, 0, 0, 812.50%, 190, 0, 0, 1664.45, 82701, 62045, 780.08%, 2080, 1997
1706881495, 3, 129, 420, 0, 0, 812.50%, 190, 0, 0, 1876.67, 83068, 62241, 780.08%, 2080, 1997
1706881495, 3, 132, 420, 0, 0, 812.50%, 190, 0, 0, 2120.00, 83569, 62376, 780.08%, 2080, 1997
1706881495, 3, 136, 420, 0, 0, 812.50%, 190, 0, 0, 1143.33, 83620, 62668, 780.08%, 2080, 1997
1706881495, 3, 138, 420, 0, 0, 812.50%, 190, 0, 0, 1570.00, 83897, 62862, 780.08%, 2080, 1997
1706881496, 3, 145, 420, 0, 0, 812.50%, 190, 0, 0, 2163.33, 84265, 63143, 780.08%, 2080, 1997
1706881496, 3, 153, 420, 0, 0, 812.50%, 190, 0, 0, 2016.67, 84681, 63332, 780.08%, 2080, 1997
1706881496, 3, 163, 420, 0, 0, 812.50%, 190, 0, 0, 1840.00, 85001, 63564, 780.08%, 2080, 1997
1706881497, 3, 166, 420, 0, 0, 812.50%, 190, 0, 0, 1196.67, 85092, 63832, 780.08%, 2080, 1997
1706881497, 3, 176, 420, 0, 0, 812.50%, 190, 0, 0, 1363.33, 85337, 63996, 780.08%, 2080, 1997
1706881497, 3, 180, 420, 0, 0, 812.50%, 190, 0, 0, 1039.87, 85502, 64144, 780.08%, 2080, 1997
1706881498, 3, 185, 420, 0, 0, 812.50%, 190, 0, 0, 2103.33, 85913, 64364, 780.08%, 2080, 1997
1706881498, 3, 193, 421, 0, 0, 812.50%, 191, 0, 0, 1528.24, 86216, 64521, 780.86%, 2080, 1999
1706881498, 3, 202, 421, 0, 0, 812.50%, 191, 0, 0, 926.91, 86373, 64643, 780.86%, 2080, 1999
1706881498, 3, 209, 421, 0, 0, 812.50%, 191, 0, 0, 837.21, 86515, 64753, 780.86%, 2080, 1999
1706881499, 3, 215, 421, 0, 0, 812.50%, 191, 0, 0, 896.67, 86649, 64888, 780.86%, 2080, 1999
1706881499, 3, 216, 421, 0, 0, 812.50%, 191, 0, 0, 1023.33, 86733, 65111, 780.86%, 2080, 1999
1706881499, 3, 216, 422, 0, 0, 812.50%, 191, 0, 0, 1063.33, 86888, 65275, 780.86%, 2080, 1999
1706881500, 3, 216, 422, 0, 0, 812.50%, 191, 0, 0, 1020.00, 87034, 65435, 780.86%, 2080, 1999
1706881500, 3, 217, 422, 0, 0, 812.50%, 192, 0, 0, 723.33, 87108, 65578, 780.86%, 2080, 1999
1706881500, 3, 217, 422, 0, 0, 812.50%, 192, 0, 0, 726.67, 87186, 65718, 780.86%, 2080, 1999
1706881501, 3, 217, 422, 0, 0, 812.50%, 192, 0, 0, 680.00, 87260, 65848, 780.86%, 2080, 1999
1706881501, 3, 222, 422, 0, 0, 812.50%, 192, 0, 0, 860.00, 87346, 66020, 780.86%, 2080, 1999
1706881501, 3, 225, 422, 0, 0, 812.50%, 192, 0, 0, 1196.67, 87395, 66330, 780.86%, 2080, 1999
1706881501, 3, 230, 422, 0, 0, 812.50%, 192, 0, 0, 850.00, 87426, 66554, 780.86%, 2080, 1999
1706881502, 3, 231, 422, 0, 0, 812.50%, 192, 0, 0, 883.72, 87444, 66802, 780.86%, 2080, 1999
1706881502, 3, 231, 422, 0, 0, 812.50%, 192, 0, 0, 1216.67, 87637, 66974, 780.86%, 2080, 1999
1706881502, 3, 233, 422, 0, 0, 812.50%, 192, 0, 0, 1310.00, 87845, 67159, 780.86%, 2080, 1999
1706881503, 3, 233, 422, 0, 0, 812.50%, 192, 0, 0, 1336.67, 88062, 67343, 780.86%, 2080, 1999
1706881503, 3, 240, 422, 0, 0, 812.50%, 193, 0, 0, 1020.00, 88202, 67509, 780.86%, 2080, 1999
1706881503, 3, 244, 422, 0, 0, 812.50%, 194, 0, 0, 836.67, 88249, 67713, 780.86%, 2080, 1999
1706881504, 3, 246, 422, 0, 0, 812.50%, 194, 0, 0, 916.67, 88289, 67948, 780.86%, 2080, 1999
1706881504, 3, 246, 422, 0, 0, 812.50%, 194, 0, 0, 677.74, 88350, 68091, 780.86%, 2080, 1999
1706881504, 3, 246, 422, 0, 0, 812.50%, 194, 0, 0, 631.23, 88417, 68214, 780.86%, 2080, 1999
1706881504, 3, 246, 422, 0, 0, 812.50%, 194, 0, 0, 727.57, 88488, 68362, 780.86%, 2080, 1999
1706881505, 3, 251, 422, 0, 0, 812.50%, 195, 0, 0, 840.00, 88607, 68495, 780.86%, 2080, 1999
1706881505, 3, 260, 422, 0, 0, 812.50%, 195, 0, 0, 1448.50, 88831, 68707, 780.86%, 2080, 1999
1706881505, 3, 266, 422, 0, 0, 812.50%, 195, 0, 0, 1943.52, 89270, 68853, 780.86%, 2080, 1999
1706881506, 3, 268, 422, 0, 0, 812.50%, 195, 0, 0, 624.58, 89351, 68960, 780.86%, 2080, 1999
1706881506, 3, 268, 422, 0, 0, 812.50%, 195, 0, 0, 603.33, 89429, 69063, 780.86%, 2080, 1999
1706881506, 3, 268, 422, 0, 0, 812.50%, 195, 0, 0, 613.33, 89507, 69169, 780.86%, 2080, 1999
1706881507, 3, 268, 422, 0, 0, 812.50%, 195, 0, 0, 584.72, 89597, 69255, 780.86%, 2080, 1999
1706881507, 3, 272, 422, 0, 0, 812.50%, 195, 0, 0, 966.67, 89727, 69415, 780.86%, 2080, 1999
1706881507, 3, 276, 423, 0, 0, 812.50%, 195, 0, 0, 1286.67, 89925, 69603, 780.86%, 2080, 1999
1706881507, 3, 279, 423, 0, 0, 812.50%, 195, 0, 0, 1693.33, 90173, 69863, 780.86%, 2080, 1999
1706881508, 3, 281, 423, 0, 0, 812.50%, 195, 0, 0, 1506.62, 90489, 70002, 780.86%, 2080, 1999
1706881508, 3, 281, 423, 0, 0, 812.50%, 195, 0, 0, 613.33, 90574, 70101, 780.86%, 2080, 1999
1706881508, 3, 281, 424, 0, 0, 812.50%, 196, 0, 0, 561.46, 90651, 70193, 780.86%, 2080, 1999
1706881509, 3, 281, 424, 0, 0, 812.50%, 196, 0, 0, 586.67, 90737, 70283, 780.86%, 2080, 1999
1706881509, 3, 282, 424, 0, 0, 812.50%, 196, 0, 0, 883.33, 90904, 70381, 780.86%, 2080, 1999
1706881509, 3, 287, 424, 0, 0, 812.50%, 196, 0, 0, 1453.33, 91148, 70573, 780.86%, 2080, 1999
1706881510, 3, 293, 424, 0, 0, 812.50%, 196, 0, 0, 1079.73, 91260, 70786, 780.86%, 2080, 1999
1706881510, 3, 295, 424, 0, 0, 812.50%, 196, 0, 0, 1060.00, 91422, 70942, 780.86%, 2080, 1999
1706881510, 3, 295, 424, 0, 0, 812.50%, 196, 0, 0, 846.67, 91549, 71069, 780.86%, 2080, 1999
1706881510, 3, 298, 424, 0, 0, 812.50%, 196, 0, 0, 960.00, 91656, 71250, 780.86%, 2080, 1999
1706881511, 3, 298, 424, 0, 0, 812.50%, 196, 0, 0, 697.67, 91740, 71376, 780.86%, 2080, 1999
1706881511, 3, 298, 424, 0, 0, 812.50%, 196, 0, 0, 664.45, 91818, 71498, 780.86%, 2080, 1999
1706881511, 3, 298, 424, 0, 0, 812.50%, 196, 0, 0, 696.67, 91906, 71619, 780.86%, 2080, 1999
1706881512, 3, 303, 424, 0, 0, 812.50%, 196, 0, 0, 671.10, 91971, 71756, 780.86%, 2080, 1999
1706881512, 3, 304, 424, 0, 0, 812.50%, 196, 0, 0, 716.67, 92042, 71900, 780.86%, 2080, 1999
1706881512, 3, 304, 424, 0, 0, 812.50%, 196, 0, 0, 601.33, 92107, 72016, 780.86%, 2080, 1999
1706881513, 3, 304, 424, 0, 0, 812.50%, 196, 0, 0, 700.00, 92188, 72145, 780.86%, 2080, 1999
1706881513, 3, 307, 424, 0, 0, 812.50%, 196, 0, 0, 770.76, 92256, 72309, 780.86%, 2080, 1999
1706881513, 3, 311, 424, 0, 0, 812.50%, 197, 0, 0, 926.67, 92378, 72465, 780.86%, 2080, 1999
1706881513, 3, 311, 424, 0, 0, 812.50%, 197, 0, 0, 1143.33, 92550, 72636, 780.86%, 2080, 1999
1706881514, 3, 317, 424, 0, 0, 812.50%, 197, 0, 0, 923.33, 92635, 72828, 780.86%, 2080, 1999
1706881514, 3, 320, 424, 0, 0, 812.50%, 198, 0, 0, 1196.67, 92817, 73005, 780.86%, 2080, 1999
1706881514, 3, 321, 424, 0, 0, 812.50%, 199, 0, 0, 1103.33, 92999, 73154, 780.86%, 2080, 1999
1706881515, 3, 329, 424, 0, 0, 812.50%, 199, 0, 0, 760.00, 93071, 73310, 780.86%, 2080, 1999
1706881515, 3, 335, 424, 0, 0, 812.50%, 199, 0, 0, 1130.00, 93299, 73421, 780.86%, 2080, 1999
1706881515, 3, 342, 424, 0, 0, 812.50%, 199, 0, 0, 653.33, 93373, 73543, 780.86%, 2080, 1999
1706881516, 3, 346, 424, 0, 0, 812.50%, 199, 0, 0, 1673.33, 93714, 73704, 780.86%, 2080, 1999
1706881516, 3, 351, 424, 0, 0, 812.50%, 199, 0, 0, 607.97, 93794, 73807, 780.86%, 2080, 1999
1706881516, 3, 359, 424, 0, 0, 812.50%, 199, 0, 0, 853.33, 93926, 73931, 780.86%, 2080, 1999
1706881516, 3, 359, 424, 0, 0, 812.50%, 199, 0, 0, 1066.67, 94108, 74069, 780.86%, 2080, 1999
1706881517, 3, 359, 424, 0, 0, 812.50%, 200, 0, 0, 1026.67, 94300, 74185, 780.86%, 2080, 1999
1706881517, 3, 365, 424, 0, 0, 812.50%, 200, 0, 0, 1568.11, 94640, 74317, 780.86%, 2080, 1999
1706881517, 3, 372, 424, 0, 0, 812.50%, 200, 0, 0, 606.67, 94687, 74452, 780.86%, 2080, 1999
1706881518, 3, 377, 424, 0, 0, 812.50%, 200, 0, 0, 566.67, 94780, 74529, 780.86%, 2080, 1999
1706881518, 3, 383, 424, 0, 0, 812.50%, 200, 0, 0, 620.00, 94870, 74625, 780.86%, 2080, 1999
1706881518, 3, 388, 424, 0, 0, 812.50%, 200, 0, 0, 514.95, 94943, 74707, 780.86%, 2080, 1999
1706881519, 3, 392, 425, 0, 0, 812.50%, 201, 0, 0, 490.07, 95014, 74784, 780.86%, 2080, 1999
1706881519, 3, 395, 425, 0, 0, 812.50%, 201, 0, 0, 385.38, 95070, 74844, 780.86%, 2080, 1999
1706881519, 3, 399, 427, 0, 0, 812.50%, 201, 0, 0, 496.67, 95125, 74938, 780.86%, 2080, 1999
1706881519, 3, 404, 427, 0, 0, 812.50%, 201, 0, 0, 1180.00, 95338, 75079, 780.86%, 2080, 1999
1706881520, 3, 404, 427, 0, 0, 812.50%, 202, 0, 0, 1056.48, 95542, 75193, 780.86%, 2080, 1999
1706881520, 3, 407, 427, 0, 0, 812.50%, 202, 0, 0, 983.33, 95729, 75301, 780.86%, 2080, 1999
1706881520, 3, 411, 427, 0, 0, 812.50%, 202, 0, 0, 1600.00, 96082, 75428, 780.86%, 2080, 1999
1706881521, 3, 411, 427, 0, 0, 812.50%, 203, 0, 0, 890.37, 96093, 75685, 780.86%, 2080, 1999
1706881521, 3, 415, 427, 0, 0, 812.50%, 203, 0, 0, 643.56, 96143, 75830, 780.86%, 2080, 1999
1706881521, 3, 419, 430, 0, 0, 813.67%, 203, 0, 0, 1176.67, 96343, 75983, 781.64%, 2083, 2001
1706881522, 3, 421, 430, 0, 0, 813.67%, 203, 0, 0, 1836.67, 96585, 76292, 781.64%, 2083, 2001
1706881522, 3, 426, 434, 0, 0, 813.67%, 203, 0, 0, 583.33, 96665, 76387, 781.64%, 2083, 2001
1706881522, 3, 428, 434, 0, 0, 813.67%, 203, 0, 0, 1343.33, 96847, 76608, 781.64%, 2083, 2001
1706881522, 3, 428, 434, 0, 0, 813.67%, 203, 0, 0, 873.33, 96940, 76777, 781.64%, 2083, 2001
1706881523, 3, 431, 435, 0, 0, 813.67%, 203, 0, 0, 853.33, 97023, 76950, 781.64%, 2083, 2001
1706881523, 3, 435, 437, 0, 0, 813.67%, 203, 0, 0, 466.67, 97090, 77023, 781.64%, 2083, 2001
1706881523, 4, 0, 437, 0, 0, 813.67%, 204, 0, 0, 1550.00, 97437, 77141, 781.64%, 2083, 2001
1706881524, 4, 3, 437, 0, 0, 813.67%, 204, 0, 0, 2403.33, 98027, 77272, 781.64%, 2083, 2001
1706881524, 4, 6, 437, 0, 0, 813.67%, 204, 0, 0, 2306.67, 98593, 77398, 781.64%, 2083, 2001
1706881524, 4, 9, 438, 0, 0, 813.67%, 204, 0, 0, 2143.33, 99043, 77591, 781.64%, 2083, 2001
1706881525, 4, 12, 438, 0, 0, 813.67%, 204, 0, 0, 2343.33, 99650, 77687, 781.64%, 2083, 2001
1706881525, 4, 14, 438, 0, 0, 813.67%, 204, 0, 0, 1856.67, 100023, 77871, 781.64%, 2083, 2001
1706881525, 4, 18, 438, 0, 0, 813.67%, 204, 0, 0, 2243.33, 100557, 78010, 781.64%, 2083, 2001
1706881525, 4, 21, 438, 0, 0, 813.67%, 204, 0, 0, 1323.33, 100869, 78095, 781.64%, 2083, 2001
1706881526, 4, 23, 438, 0, 0, 813.67%, 204, 0, 0, 1656.72, 100938, 78137, 781.64%, 2083, 2001
