# unix_time, cycles_done, cur_path, paths_total, pending_total, pending_favs, map_size, unique_crashes, unique_hangs, max_depth, execs_per_sec, valid_inputs, invalid_inputs, valid_cov, all_covered_probes, valid_covered_probes
1705968991, 0, 0, 1, 0, 0, 349.22%, 0, 0, 0, 0.21, 1, 0, 349.22%, 894, 894
1705968991, 0, 0, 13, 0, 0, 390.23%, 1, 0, 0, 55.38, 16, 3, 358.59%, 999, 918
1705968992, 0, 0, 22, 0, 0, 556.64%, 1, 0, 0, 78.72, 41, 5, 533.20%, 1425, 1365
1705968992, 0, 0, 40, 0, 0, 632.03%, 2, 0, 0, 129.57, 76, 9, 607.81%, 1618, 1556
1705968992, 0, 0, 49, 0, 0, 633.98%, 4, 0, 0, 134.62, 120, 14, 617.58%, 1623, 1581
1705968993, 0, 0, 57, 0, 0, 635.94%, 4, 0, 0, 235.88, 182, 23, 617.58%, 1628, 1581
1705968993, 0, 0, 65, 0, 0, 638.67%, 5, 0, 0, 245.45, 255, 31, 619.14%, 1635, 1585
1705968993, 0, 0, 77, 0, 0, 648.83%, 5, 0, 0, 288.03, 339, 36, 628.91%, 1661, 1610
1705968994, 0, 0, 86, 0, 0, 672.27%, 6, 0, 0, 252.60, 426, 46, 649.61%, 1721, 1663
1705968994, 0, 1, 90, 0, 0, 731.25%, 7, 0, 0, 409.24, 536, 60, 650.00%, 1872, 1664
1705968994, 0, 1, 96, 0, 0, 737.50%, 7, 0, 0, 423.33, 644, 79, 658.98%, 1888, 1687
1705968995, 0, 1, 102, 0, 0, 740.63%, 7, 0, 0, 253.69, 709, 100, 659.38%, 1896, 1688
1705968995, 0, 3, 105, 0, 0, 744.14%, 7, 0, 0, 280.13, 787, 108, 659.38%, 1905, 1688
1705968995, 0, 3, 110, 0, 0, 747.27%, 7, 0, 0, 344.31, 895, 115, 659.77%, 1913, 1689
1705968996, 0, 4, 116, 0, 0, 750.39%, 7, 0, 0, 456.72, 1037, 126, 660.55%, 1921, 1691
1705968996, 0, 4, 123, 0, 0, 779.69%, 7, 0, 0, 413.11, 1150, 139, 732.03%, 1996, 1874
1705968996, 0, 4, 129, 0, 0, 781.25%, 11, 0, 0, 393.16, 1258, 169, 737.11%, 2000, 1887
1705968996, 0, 7, 130, 0, 0, 781.25%, 12, 0, 0, 410.00, 1348, 202, 737.50%, 2000, 1888
1705968997, 0, 8, 130, 0, 0, 781.25%, 12, 0, 0, 636.67, 1499, 242, 737.50%, 2000, 1888
1705968997, 0, 8, 131, 0, 0, 781.64%, 14, 0, 0, 433.33, 1605, 266, 737.50%, 2001, 1888
1705968998, 0, 8, 132, 0, 0, 781.64%, 14, 0, 0, 43.85, 1638, 269, 738.28%, 2001, 1890
1705968998, 0, 9, 133, 0, 0, 781.64%, 14, 0, 0, 460.00, 1756, 289, 738.28%, 2001, 1890
1705968998, 0, 9, 135, 0, 0, 782.03%, 14, 0, 0, 246.67, 1822, 297, 738.28%, 2002, 1890
1705968999, 0, 9, 135, 0, 0, 782.03%, 14, 0, 0, 21.25, 1840, 297, 738.28%, 2002, 1890
1705969000, 0, 9, 141, 0, 0, 783.98%, 14, 0, 0, 441.86, 1960, 310, 739.45%, 2007, 1893
1705969000, 0, 10, 147, 0, 0, 789.06%, 14, 0, 0, 481.85, 2047, 369, 742.97%, 2020, 1902
1705969000, 0, 10, 147, 0, 0, 789.06%, 14, 0, 0, 271.74, 2090, 426, 742.97%, 2020, 1902
1705969001, 0, 12, 147, 0, 0, 789.06%, 14, 0, 0, 173.33, 2133, 435, 742.97%, 2020, 1902
1705969001, 0, 12, 147, 0, 0, 789.06%, 16, 0, 0, 405.14, 2213, 481, 742.97%, 2020, 1902
1705969002, 0, 14, 147, 0, 0, 789.06%, 17, 0, 0, 90.80, 2266, 501, 742.97%, 2020, 1902
1705969002, 0, 14, 147, 0, 0, 789.06%, 17, 0, 0, 270.83, 2348, 510, 742.97%, 2020, 1902
1705969002, 0, 14, 147, 0, 0, 789.06%, 17, 0, 0, 599.34, 2518, 521, 742.97%, 2020, 1902
1705969003, 0, 16, 152, 0, 0, 789.45%, 18, 0, 0, 459.28, 2632, 548, 743.75%, 2021, 1904
1705969003, 0, 16, 152, 0, 0, 789.45%, 18, 0, 0, 162.34, 2672, 558, 743.75%, 2021, 1904
1705969003, 0, 16, 155, 0, 0, 789.45%, 19, 0, 0, 340.24, 2761, 584, 743.75%, 2021, 1904
1705969004, 0, 17, 156, 0, 0, 789.45%, 20, 0, 0, 36.25, 2792, 587, 743.75%, 2021, 1904
1705969005, 0, 17, 160, 0, 0, 789.45%, 20, 0, 0, 333.33, 2877, 602, 744.14%, 2021, 1905
1705969005, 0, 18, 164, 0, 0, 789.84%, 20, 0, 0, 660.00, 3053, 624, 744.53%, 2022, 1906
1705969005, 0, 18, 164, 0, 0, 789.84%, 21, 0, 0, 466.67, 3189, 635, 744.53%, 2022, 1906
1705969006, 0, 19, 165, 0, 0, 789.84%, 21, 0, 0, 159.34, 3321, 648, 744.53%, 2022, 1906
1705969006, 0, 19, 166, 0, 0, 789.84%, 21, 0, 0, 602.99, 3497, 674, 744.53%, 2022, 1906
1705969007, 0, 20, 167, 0, 0, 789.84%, 21, 0, 0, 369.82, 3603, 693, 744.53%, 2022, 1906
1705969007, 0, 20, 172, 0, 0, 790.63%, 21, 0, 0, 646.30, 3768, 729, 744.92%, 2024, 1907
1705969007, 0, 24, 173, 0, 0, 792.19%, 21, 0, 0, 433.33, 3880, 747, 747.27%, 2028, 1913
1705969008, 0, 24, 174, 0, 0, 792.19%, 21, 0, 0, 316.67, 3957, 765, 747.27%, 2028, 1913
1705969008, 0, 24, 177, 0, 0, 792.58%, 22, 0, 0, 353.33, 4047, 781, 747.66%, 2029, 1914
1705969008, 0, 25, 179, 0, 0, 792.97%, 22, 0, 0, 420.37, 4179, 810, 747.66%, 2030, 1914
1705969009, 0, 25, 183, 0, 0, 795.70%, 22, 0, 0, 500.00, 4319, 833, 759.38%, 2037, 1944
1705969009, 0, 30, 186, 0, 0, 795.70%, 22, 0, 0, 455.06, 4452, 862, 759.38%, 2037, 1944
1705969009, 0, 30, 189, 0, 0, 796.09%, 22, 0, 0, 531.35, 4577, 898, 759.38%, 2038, 1944
1705969010, 0, 31, 193, 0, 0, 796.09%, 22, 0, 0, 194.19, 4685, 937, 759.77%, 2038, 1945
1705969010, 0, 33, 196, 0, 0, 797.66%, 23, 0, 0, 1003.09, 4914, 1033, 760.16%, 2042, 1946
1705969011, 0, 33, 197, 0, 0, 797.66%, 24, 0, 0, 366.67, 5006, 1051, 760.55%, 2042, 1947
1705969011, 0, 36, 198, 0, 0, 797.66%, 25, 0, 0, 582.55, 5168, 1076, 760.55%, 2042, 1947
1705969011, 0, 43, 203, 0, 0, 797.66%, 25, 0, 0, 694.08, 5341, 1114, 761.72%, 2042, 1950
1705969012, 0, 43, 206, 0, 0, 797.66%, 26, 0, 0, 351.35, 5440, 1132, 761.72%, 2042, 1950
1705969012, 0, 45, 207, 0, 0, 797.66%, 26, 0, 0, 239.01, 5515, 1144, 761.72%, 2042, 1950
1705969012, 0, 45, 209, 0, 0, 798.05%, 28, 0, 0, 491.69, 5636, 1171, 761.72%, 2043, 1950
1705969013, 0, 52, 212, 0, 0, 798.05%, 28, 0, 0, 388.01, 5738, 1192, 762.89%, 2043, 1953
1705969013, 0, 57, 213, 0, 0, 798.44%, 29, 0, 0, 372.69, 5900, 1292, 762.89%, 2044, 1953
1705969014, 0, 59, 217, 0, 0, 798.83%, 29, 0, 0, 1184.82, 6145, 1406, 762.89%, 2045, 1953
1705969014, 0, 59, 219, 0, 0, 799.22%, 29, 0, 0, 275.75, 6211, 1423, 762.89%, 2046, 1953
1705969014, 0, 60, 222, 0, 0, 799.22%, 31, 0, 0, 436.89, 6329, 1440, 763.28%, 2046, 1954
1705969015, 0, 64, 222, 0, 0, 799.22%, 31, 0, 0, 921.57, 6580, 1471, 763.28%, 2046, 1954
1705969015, 0, 67, 225, 0, 0, 799.22%, 32, 0, 0, 1058.46, 6848, 1547, 763.67%, 2046, 1955
1705969015, 0, 70, 225, 0, 0, 799.22%, 32, 0, 0, 948.01, 7080, 1625, 763.67%, 2046, 1955
1705969016, 0, 70, 225, 0, 0, 799.22%, 32, 0, 0, 81.08, 7109, 1641, 763.67%, 2046, 1955
1705969016, 0, 71, 226, 0, 0, 799.22%, 33, 0, 0, 1077.36, 7379, 1747, 763.67%, 2046, 1955
1705969016, 0, 74, 226, 0, 0, 799.22%, 34, 0, 0, 640.00, 7539, 1779, 763.67%, 2046, 1955
1705969017, 0, 76, 227, 0, 0, 799.22%, 34, 0, 0, 1103.66, 7800, 1880, 763.67%, 2046, 1955
1705969017, 0, 79, 228, 0, 0, 799.22%, 34, 0, 0, 526.91, 7943, 1923, 763.67%, 2046, 1955
1705969017, 0, 80, 229, 0, 0, 799.22%, 34, 0, 0, 840.00, 8106, 2012, 763.67%, 2046, 1955
1705969018, 0, 82, 230, 0, 0, 799.22%, 34, 0, 0, 272.73, 8245, 2068, 763.67%, 2046, 1955
1705969018, 0, 82, 230, 0, 0, 799.22%, 34, 0, 0, 384.87, 8334, 2096, 763.67%, 2046, 1955
1705969019, 0, 83, 230, 0, 0, 799.22%, 34, 0, 0, 547.47, 8439, 2164, 763.67%, 2046, 1955
1705969019, 0, 84, 231, 0, 0, 799.22%, 36, 0, 0, 827.92, 8582, 2276, 763.67%, 2046, 1955
1705969019, 0, 85, 232, 0, 0, 799.22%, 36, 0, 0, 466.67, 8692, 2313, 763.67%, 2046, 1955
1705969020, 0, 85, 235, 0, 0, 799.22%, 36, 0, 0, 769.97, 8866, 2380, 763.67%, 2046, 1955
1705969020, 0, 86, 236, 0, 0, 800.78%, 39, 0, 0, 353.70, 8901, 2455, 763.67%, 2050, 1955
1705969020, 0, 86, 238, 0, 0, 800.78%, 40, 0, 0, 281.46, 8902, 2539, 763.67%, 2050, 1955
1705969021, 0, 86, 239, 0, 0, 800.78%, 40, 0, 0, 176.67, 8904, 2590, 763.67%, 2050, 1955
1705969021, 0, 86, 245, 0, 0, 802.34%, 41, 0, 0, 447.62, 8906, 2729, 763.67%, 2054, 1955
1705969021, 0, 88, 248, 0, 0, 802.73%, 41, 0, 0, 990.00, 9091, 2841, 763.67%, 2055, 1955
1705969022, 0, 89, 249, 0, 0, 802.73%, 43, 0, 0, 919.00, 9318, 2909, 763.67%, 2055, 1955
1705969022, 0, 90, 250, 0, 0, 802.73%, 46, 0, 0, 646.30, 9425, 3003, 763.67%, 2055, 1955
1705969022, 0, 90, 250, 0, 0, 802.73%, 46, 0, 0, 199.34, 9458, 3030, 763.67%, 2055, 1955
1705969022, 0, 90, 252, 0, 0, 802.73%, 48, 0, 0, 546.67, 9543, 3109, 763.67%, 2055, 1955
1705969023, 0, 90, 254, 0, 0, 802.73%, 49, 0, 0, 337.46, 9599, 3162, 763.67%, 2055, 1955
1705969023, 0, 91, 254, 0, 0, 802.73%, 51, 0, 0, 483.33, 9681, 3225, 763.67%, 2055, 1955
1705969023, 0, 95, 254, 0, 0, 802.73%, 53, 0, 0, 1098.77, 9909, 3353, 763.67%, 2055, 1955
1705969024, 0, 97, 254, 0, 0, 802.73%, 54, 0, 0, 1074.53, 10124, 3484, 763.67%, 2055, 1955
1705969024, 0, 98, 255, 0, 0, 802.73%, 54, 0, 0, 204.38, 10196, 3552, 763.67%, 2055, 1955
1705969025, 0, 99, 255, 0, 0, 802.73%, 55, 0, 0, 830.07, 10323, 3679, 763.67%, 2055, 1955
1705969025, 0, 102, 256, 0, 0, 803.91%, 55, 0, 0, 654.80, 10581, 3789, 763.67%, 2058, 1955
1705969026, 0, 106, 257, 0, 0, 803.91%, 55, 0, 0, 1082.54, 10774, 3937, 763.67%, 2058, 1955
1705969026, 0, 106, 259, 0, 0, 805.08%, 55, 0, 0, 594.68, 10907, 3983, 766.41%, 2061, 1962
1705969026, 0, 109, 260, 0, 0, 805.08%, 55, 0, 0, 928.34, 11044, 4131, 766.41%, 2061, 1962
1705969027, 0, 110, 261, 0, 0, 805.08%, 56, 0, 0, 489.85, 11088, 4280, 766.80%, 2061, 1963
1705969027, 0, 111, 263, 0, 0, 805.08%, 56, 0, 0, 853.33, 11106, 4518, 766.80%, 2061, 1963
1705969027, 0, 112, 263, 0, 0, 805.08%, 56, 0, 0, 1090.00, 11273, 4678, 766.80%, 2061, 1963
1705969028, 0, 114, 264, 0, 0, 805.86%, 56, 0, 0, 340.91, 11356, 4715, 766.80%, 2063, 1963
1705969028, 0, 116, 264, 0, 0, 805.86%, 57, 0, 0, 682.27, 11555, 4793, 766.80%, 2063, 1963
1705969028, 0, 116, 265, 0, 0, 805.86%, 59, 0, 0, 371.79, 11627, 4837, 766.80%, 2063, 1963
1705969029, 0, 116, 268, 0, 0, 805.86%, 61, 0, 0, 381.41, 11707, 4876, 767.97%, 2063, 1966
1705969029, 0, 116, 270, 0, 0, 805.86%, 61, 0, 0, 258.26, 11762, 4907, 767.97%, 2063, 1966
1705969029, 0, 116, 272, 0, 0, 806.64%, 61, 0, 0, 392.16, 11843, 4946, 767.97%, 2065, 1966
1705969029, 0, 116, 272, 0, 0, 806.64%, 62, 0, 0, 453.33, 11928, 4997, 767.97%, 2065, 1966
1705969030, 0, 120, 274, 0, 0, 807.81%, 63, 0, 0, 963.33, 12086, 5128, 771.48%, 2068, 1975
1705969030, 0, 123, 274, 0, 0, 807.81%, 63, 0, 0, 1483.44, 12326, 5336, 771.48%, 2068, 1975
1705969030, 0, 124, 279, 0, 0, 807.81%, 65, 0, 0, 1133.33, 12516, 5486, 771.48%, 2068, 1975
1705969031, 0, 124, 281, 0, 0, 807.81%, 65, 0, 0, 553.33, 12604, 5564, 771.48%, 2068, 1975
1705969031, 0, 126, 283, 0, 0, 807.81%, 66, 0, 0, 403.33, 12636, 5653, 771.48%, 2068, 1975
1705969031, 0, 126, 285, 0, 0, 807.81%, 67, 0, 0, 252.93, 12640, 5757, 771.48%, 2068, 1975
1705969032, 0, 126, 286, 0, 0, 807.81%, 68, 0, 0, 166.67, 12641, 5806, 771.48%, 2068, 1975
1705969032, 0, 126, 287, 0, 0, 807.81%, 69, 0, 0, 419.56, 12646, 5934, 771.48%, 2068, 1975
1705969032, 0, 127, 289, 0, 0, 807.81%, 70, 0, 0, 326.67, 12710, 5968, 771.48%, 2068, 1975
1705969033, 0, 127, 293, 0, 0, 807.81%, 72, 0, 0, 627.91, 12824, 6043, 771.48%, 2068, 1975
1705969033, 0, 127, 293, 0, 0, 807.81%, 72, 0, 0, 420.00, 12900, 6093, 771.48%, 2068, 1975
1705969033, 0, 127, 293, 0, 0, 807.81%, 72, 0, 0, 260.00, 12949, 6122, 771.48%, 2068, 1975
1705969034, 0, 127, 293, 0, 0, 807.81%, 73, 0, 0, 253.33, 13003, 6144, 771.48%, 2068, 1975
1705969034, 0, 127, 293, 0, 0, 807.81%, 73, 0, 0, 362.13, 13061, 6195, 771.48%, 2068, 1975
1705969034, 0, 129, 294, 0, 0, 807.81%, 73, 0, 0, 496.67, 13156, 6249, 771.48%, 2068, 1975
1705969034, 0, 130, 294, 0, 0, 807.81%, 73, 0, 0, 1190.94, 13400, 6373, 771.48%, 2068, 1975
1705969035, 0, 131, 295, 0, 0, 807.81%, 73, 0, 0, 372.99, 13470, 6419, 771.48%, 2068, 1975
1705969035, 0, 131, 296, 0, 0, 807.81%, 73, 0, 0, 246.67, 13520, 6443, 771.48%, 2068, 1975
1705969035, 0, 131, 297, 0, 0, 807.81%, 73, 0, 0, 488.45, 13607, 6504, 771.48%, 2068, 1975
1705969036, 0, 131, 297, 0, 0, 807.81%, 75, 0, 0, 240.00, 13655, 6528, 771.48%, 2068, 1975
1705969036, 0, 131, 298, 0, 0, 807.81%, 75, 0, 0, 368.90, 13733, 6571, 771.48%, 2068, 1975
1705969036, 0, 131, 298, 0, 0, 807.81%, 75, 0, 0, 310.00, 13785, 6612, 771.48%, 2068, 1975
1705969037, 0, 133, 299, 0, 0, 808.20%, 75, 0, 0, 733.33, 13907, 6710, 771.48%, 2069, 1975
1705969037, 0, 136, 299, 0, 0, 808.20%, 75, 0, 0, 1163.93, 14087, 6885, 771.48%, 2069, 1975
1705969037, 0, 139, 301, 0, 0, 809.77%, 75, 0, 0, 1040.00, 14312, 6972, 771.48%, 2073, 1975
1705969037, 0, 141, 301, 0, 0, 809.77%, 76, 0, 0, 1225.91, 14586, 7067, 771.48%, 2073, 1975
1705969038, 0, 141, 301, 0, 0, 809.77%, 76, 0, 0, 350.00, 14650, 7108, 771.48%, 2073, 1975
1705969038, 0, 141, 301, 0, 0, 809.77%, 76, 0, 0, 353.33, 14709, 7155, 771.48%, 2073, 1975
1705969038, 0, 141, 301, 0, 0, 809.77%, 76, 0, 0, 220.00, 14750, 7180, 771.48%, 2073, 1975
1705969039, 0, 141, 302, 0, 0, 809.77%, 76, 0, 0, 416.67, 14824, 7231, 771.48%, 2073, 1975
1705969039, 0, 141, 303, 0, 0, 809.77%, 76, 0, 0, 480.00, 14911, 7288, 771.48%, 2073, 1975
1705969039, 0, 141, 303, 0, 0, 809.77%, 76, 0, 0, 300.94, 14968, 7327, 771.48%, 2073, 1975
1705969040, 0, 143, 303, 0, 0, 809.77%, 76, 0, 0, 212.90, 15000, 7361, 771.48%, 2073, 1975
1705969040, 0, 143, 303, 0, 0, 809.77%, 76, 0, 0, 162.03, 15036, 7389, 771.48%, 2073, 1975
1705969040, 0, 144, 304, 0, 0, 809.77%, 77, 0, 0, 382.98, 15139, 7466, 771.48%, 2073, 1975
1705969041, 0, 144, 304, 0, 0, 809.77%, 77, 0, 0, 79.19, 15156, 7484, 771.48%, 2073, 1975
1705969041, 0, 145, 304, 0, 0, 809.77%, 77, 0, 0, 230.23, 15223, 7516, 771.48%, 2073, 1975
1705969042, 0, 145, 304, 0, 0, 809.77%, 77, 0, 0, 104.90, 15253, 7531, 771.48%, 2073, 1975
1705969042, 0, 145, 304, 0, 0, 809.77%, 77, 0, 0, 106.71, 15302, 7544, 771.48%, 2073, 1975
1705969043, 0, 145, 304, 0, 0, 809.77%, 77, 0, 0, 150.00, 15340, 7551, 771.48%, 2073, 1975
1705969043, 0, 146, 304, 0, 0, 809.77%, 77, 0, 0, 146.10, 15371, 7578, 771.48%, 2073, 1975
1705969044, 0, 146, 304, 0, 0, 809.77%, 77, 0, 0, 35.05, 15377, 7589, 771.48%, 2073, 1975
1705969044, 0, 146, 304, 0, 0, 809.77%, 77, 0, 0, 20.17, 15382, 7598, 771.48%, 2073, 1975
1705969045, 0, 149, 304, 0, 0, 809.77%, 78, 0, 0, 231.34, 15450, 7685, 771.48%, 2073, 1975
1705969045, 0, 150, 304, 0, 0, 809.77%, 78, 0, 0, 378.31, 15556, 7722, 771.48%, 2073, 1975
1705969046, 0, 150, 304, 0, 0, 809.77%, 78, 0, 0, 253.33, 15615, 7739, 771.48%, 2073, 1975
1705969046, 0, 150, 304, 0, 0, 809.77%, 78, 0, 0, 8.06, 15617, 7740, 771.48%, 2073, 1975
1705969046, 0, 151, 304, 0, 0, 809.77%, 78, 0, 0, 633.33, 15767, 7780, 771.48%, 2073, 1975
1705969047, 0, 151, 304, 0, 0, 809.77%, 78, 0, 0, 90.91, 15815, 7786, 771.48%, 2073, 1975
1705969047, 0, 151, 304, 0, 0, 809.77%, 78, 0, 0, 3.03, 15816, 7786, 771.48%, 2073, 1975
1705969048, 0, 151, 304, 0, 0, 809.77%, 78, 0, 0, 45.73, 15829, 7788, 771.48%, 2073, 1975
1705969048, 0, 151, 304, 0, 0, 809.77%, 78, 0, 0, 9.36, 15832, 7790, 771.48%, 2073, 1975
1705969048, 0, 151, 304, 0, 0, 809.77%, 78, 0, 0, 2.52, 15833, 7790, 771.48%, 2073, 1975
1705969049, 0, 151, 304, 0, 0, 809.77%, 78, 0, 0, 51.68, 15850, 7793, 771.48%, 2073, 1975
1705969049, 0, 151, 304, 0, 0, 809.77%, 78, 0, 0, 124.10, 15905, 7807, 771.48%, 2073, 1975
1705969050, 0, 152, 304, 0, 0, 809.77%, 78, 0, 0, 52.63, 15917, 7812, 771.48%, 2073, 1975
1705969050, 0, 153, 305, 0, 0, 809.77%, 78, 0, 0, 21.57, 15924, 7816, 772.66%, 2073, 1978
1705969051, 0, 155, 305, 0, 0, 809.77%, 78, 0, 0, 47.15, 15939, 7830, 772.66%, 2073, 1978
1705969051, 0, 155, 305, 0, 0, 809.77%, 78, 0, 0, 1.61, 15940, 7830, 772.66%, 2073, 1978
1705969052, 0, 156, 305, 0, 0, 809.77%, 78, 0, 0, 43.48, 15947, 7859, 772.66%, 2073, 1978
1705969053, 0, 157, 305, 0, 0, 809.77%, 78, 0, 0, 21.44, 15948, 7869, 772.66%, 2073, 1978
1705969053, 0, 157, 305, 0, 0, 809.77%, 78, 0, 0, 42.35, 15956, 7874, 772.66%, 2073, 1978
1705969054, 0, 157, 305, 0, 0, 809.77%, 78, 0, 0, 7.94, 15959, 7879, 772.66%, 2073, 1978
1705969054, 0, 158, 305, 0, 0, 809.77%, 78, 0, 0, 283.39, 16027, 7898, 772.66%, 2073, 1978
1705969055, 0, 158, 305, 0, 0, 809.77%, 78, 0, 0, 1.18, 16028, 7898, 772.66%, 2073, 1978
1705969056, 0, 158, 305, 0, 0, 809.77%, 78, 0, 0, 28.18, 16048, 7903, 772.66%, 2073, 1978
1705969057, 0, 158, 305, 0, 0, 809.77%, 78, 0, 0, 163.87, 16117, 7922, 772.66%, 2073, 1978
1705969057, 0, 158, 305, 0, 0, 809.77%, 78, 0, 0, 49.18, 16129, 7925, 772.66%, 2073, 1978
1705969058, 0, 158, 305, 0, 0, 809.77%, 78, 0, 0, 55.56, 16167, 7935, 772.66%, 2073, 1978
1705969058, 0, 159, 305, 0, 0, 809.77%, 78, 0, 0, 53.33, 16186, 7940, 772.66%, 2073, 1978
1705969059, 0, 159, 305, 0, 0, 809.77%, 78, 0, 0, 37.04, 16186, 7952, 772.66%, 2073, 1978
1705969059, 0, 160, 305, 0, 0, 809.77%, 78, 0, 0, 19.14, 16192, 7962, 772.66%, 2073, 1978
1705969060, 0, 160, 305, 0, 0, 809.77%, 78, 0, 0, 224.72, 16257, 7977, 772.66%, 2073, 1978
1705969060, 0, 160, 305, 0, 0, 809.77%, 78, 0, 0, 36.96, 16269, 7983, 772.66%, 2073, 1978
1705969061, 0, 160, 305, 0, 0, 809.77%, 78, 0, 0, 36.36, 16280, 7984, 772.66%, 2073, 1978
1705969062, 0, 160, 305, 0, 0, 809.77%, 78, 0, 0, 15.01, 16290, 7988, 772.66%, 2073, 1978
1705969062, 0, 160, 305, 0, 0, 809.77%, 78, 0, 0, 11.07, 16299, 7988, 772.66%, 2073, 1978
1705969063, 0, 160, 305, 0, 0, 809.77%, 78, 0, 0, 8.25, 16302, 7989, 772.66%, 2073, 1978
1705969064, 0, 160, 305, 0, 0, 809.77%, 78, 0, 0, 21.23, 16321, 7997, 772.66%, 2073, 1978
1705969066, 0, 160, 305, 0, 0, 809.77%, 78, 0, 0, 0.50, 16321, 7998, 772.66%, 2073, 1978
1705969067, 0, 160, 305, 0, 0, 809.77%, 78, 0, 0, 12.90, 16328, 7999, 772.66%, 2073, 1978
1705969068, 0, 160, 305, 0, 0, 809.77%, 78, 0, 0, 14.59, 16343, 8000, 772.66%, 2073, 1978
1705969068, 0, 160, 305, 0, 0, 809.77%, 78, 0, 0, 82.33, 16373, 8011, 772.66%, 2073, 1978
1705969069, 0, 160, 305, 0, 0, 809.77%, 78, 0, 0, 24.84, 16387, 8016, 772.66%, 2073, 1978
1705969071, 0, 160, 305, 0, 0, 809.77%, 78, 0, 0, 15.45, 16410, 8020, 772.66%, 2073, 1978
1705969071, 0, 161, 305, 0, 0, 809.77%, 78, 0, 0, 34.41, 16424, 8023, 772.66%, 2073, 1978
1705969072, 0, 161, 305, 0, 0, 809.77%, 78, 0, 0, 0.99, 16425, 8023, 772.66%, 2073, 1978
1705969073, 0, 161, 305, 0, 0, 809.77%, 78, 0, 0, 6.04, 16426, 8025, 772.66%, 2073, 1978
1705969076, 0, 161, 305, 0, 0, 809.77%, 79, 0, 0, 1.82, 16428, 8028, 772.66%, 2073, 1978
1705969076, 0, 162, 305, 0, 0, 809.77%, 79, 0, 0, 266.67, 16478, 8058, 772.66%, 2073, 1978
1705969077, 0, 163, 305, 0, 0, 809.77%, 79, 0, 0, 118.03, 16529, 8079, 772.66%, 2073, 1978
1705969077, 0, 163, 305, 0, 0, 809.77%, 79, 0, 0, 1.79, 16529, 8080, 772.66%, 2073, 1978
1705969079, 0, 165, 305, 0, 0, 809.77%, 79, 0, 0, 11.17, 16533, 8098, 772.66%, 2073, 1978
1705969080, 0, 165, 305, 0, 0, 809.77%, 79, 0, 0, 2.30, 16534, 8098, 772.66%, 2073, 1978
1705969080, 0, 165, 305, 0, 0, 809.77%, 79, 0, 0, 11.49, 16538, 8102, 772.66%, 2073, 1978
1705969081, 0, 165, 305, 0, 0, 809.77%, 79, 0, 0, 19.84, 16552, 8105, 772.66%, 2073, 1978
1705969081, 0, 166, 305, 0, 0, 809.77%, 79, 0, 0, 112.96, 16572, 8119, 772.66%, 2073, 1978
1705969120, 0, 166, 305, 0, 0, 809.77%, 79, 0, 0, 0.03, 16572, 8120, 772.66%, 2073, 1978
1705969133, 0, 166, 305, 0, 0, 809.77%, 79, 0, 0, 0.07, 16572, 8121, 772.66%, 2073, 1978
1705969143, 0, 166, 305, 0, 0, 809.77%, 79, 0, 0, 0.11, 16572, 8122, 772.66%, 2073, 1978
1705969146, 0, 166, 305, 0, 0, 809.77%, 79, 0, 0, 0.30, 16573, 8122, 772.66%, 2073, 1978
1705969151, 0, 166, 305, 0, 0, 809.77%, 79, 0, 0, 0.21, 16573, 8123, 772.66%, 2073, 1978
1705969154, 0, 166, 305, 0, 0, 809.77%, 79, 0, 0, 0.27, 16574, 8123, 772.66%, 2073, 1978
1705969160, 0, 166, 305, 0, 0, 809.77%, 79, 0, 0, 0.17, 16575, 8123, 772.66%, 2073, 1978
1705969163, 0, 166, 305, 0, 0, 809.77%, 79, 0, 0, 0.31, 16575, 8124, 772.66%, 2073, 1978
1705969165, 0, 166, 305, 0, 0, 809.77%, 79, 0, 0, 0.51, 16576, 8124, 772.66%, 2073, 1978
1705969166, 0, 166, 305, 0, 0, 809.77%, 79, 0, 0, 1.56, 16576, 8125, 772.66%, 2073, 1978
1705969167, 0, 166, 305, 0, 0, 809.77%, 79, 0, 0, 1.11, 16577, 8125, 772.66%, 2073, 1978
1705969168, 0, 167, 305, 0, 0, 809.77%, 79, 0, 0, 1.51, 16577, 8126, 772.66%, 2073, 1978
1705969169, 0, 167, 305, 0, 0, 809.77%, 79, 0, 0, 0.89, 16578, 8126, 772.66%, 2073, 1978
1705969169, 0, 167, 305, 0, 0, 809.77%, 79, 0, 0, 3.32, 16578, 8127, 772.66%, 2073, 1978
1705969184, 0, 167, 306, 0, 0, 809.77%, 79, 0, 0, 12.77, 16659, 8238, 772.66%, 2073, 1978
1705969186, 0, 167, 306, 0, 0, 809.77%, 79, 0, 0, 0.47, 16660, 8238, 772.66%, 2073, 1978
1705969187, 0, 167, 306, 0, 0, 809.77%, 79, 0, 0, 0.95, 16660, 8239, 772.66%, 2073, 1978
1705969189, 0, 167, 306, 0, 0, 809.77%, 79, 0, 0, 0.65, 16660, 8240, 772.66%, 2073, 1978
1705969191, 0, 167, 306, 0, 0, 809.77%, 79, 0, 0, 0.47, 16660, 8241, 772.66%, 2073, 1978
1705969192, 0, 167, 306, 0, 0, 809.77%, 79, 0, 0, 1.35, 16660, 8242, 772.66%, 2073, 1978
1705969193, 0, 167, 306, 0, 0, 809.77%, 79, 0, 0, 0.61, 16661, 8242, 772.66%, 2073, 1978
1705969194, 0, 167, 306, 0, 0, 809.77%, 79, 0, 0, 0.85, 16661, 8243, 772.66%, 2073, 1978
1705969195, 0, 167, 306, 0, 0, 809.77%, 79, 0, 0, 2.21, 16661, 8244, 772.66%, 2073, 1978
1705969195, 0, 167, 306, 0, 0, 809.77%, 79, 0, 0, 2.69, 16661, 8245, 772.66%, 2073, 1978
1705969196, 0, 167, 306, 0, 0, 809.77%, 79, 0, 0, 1.17, 16662, 8245, 772.66%, 2073, 1978
1705969198, 0, 167, 306, 0, 0, 809.77%, 79, 0, 0, 0.52, 16662, 8246, 772.66%, 2073, 1978
1705969199, 0, 167, 306, 0, 0, 809.77%, 79, 0, 0, 1.46, 16663, 8246, 772.66%, 2073, 1978
1705969200, 0, 167, 306, 0, 0, 809.77%, 79, 0, 0, 1.15, 16663, 8247, 772.66%, 2073, 1978
1705969200, 0, 167, 306, 0, 0, 809.77%, 79, 0, 0, 1.62, 16663, 8248, 772.66%, 2073, 1978
1705969203, 0, 167, 306, 0, 0, 809.77%, 79, 0, 0, 0.31, 16664, 8248, 772.66%, 2073, 1978
1705969204, 0, 167, 306, 0, 0, 809.77%, 79, 0, 0, 2.03, 16665, 8248, 772.66%, 2073, 1978
1705969207, 0, 167, 306, 0, 0, 809.77%, 79, 0, 0, 0.39, 16666, 8248, 772.66%, 2073, 1978
1705969207, 0, 167, 306, 0, 0, 809.77%, 79, 0, 0, 1.93, 16666, 8249, 772.66%, 2073, 1978
1705969207, 0, 167, 306, 0, 0, 809.77%, 79, 0, 0, 2.92, 16666, 8250, 772.66%, 2073, 1978
1705969208, 0, 167, 306, 0, 0, 809.77%, 79, 0, 0, 1.33, 16667, 8250, 772.66%, 2073, 1978
1705969209, 0, 167, 306, 0, 0, 809.77%, 79, 0, 0, 1.56, 16667, 8251, 772.66%, 2073, 1978
1705969211, 0, 167, 306, 0, 0, 809.77%, 80, 0, 0, 12.28, 16684, 8258, 772.66%, 2073, 1978
1705969211, 0, 167, 306, 0, 0, 809.77%, 80, 0, 0, 900.00, 16806, 8406, 772.66%, 2073, 1978
1705969211, 0, 167, 306, 0, 0, 809.77%, 80, 0, 0, 253.33, 16838, 8450, 772.66%, 2073, 1978
1705969212, 0, 171, 306, 0, 0, 809.77%, 80, 0, 0, 706.67, 16953, 8547, 772.66%, 2073, 1978
1705969212, 0, 171, 306, 0, 0, 809.77%, 80, 0, 0, 2.07, 16953, 8548, 772.66%, 2073, 1978
1705969215, 0, 172, 306, 0, 0, 809.77%, 81, 0, 0, 69.47, 17089, 8594, 772.66%, 2073, 1978
1705969218, 0, 172, 307, 0, 0, 809.77%, 81, 0, 0, 47.17, 17215, 8640, 772.66%, 2073, 1978
1705969226, 0, 172, 307, 0, 0, 809.77%, 81, 0, 0, 0.13, 17216, 8640, 772.66%, 2073, 1978
1705969227, 0, 172, 307, 0, 0, 809.77%, 81, 0, 0, 0.77, 17217, 8640, 772.66%, 2073, 1978
1705969232, 0, 172, 307, 0, 0, 809.77%, 81, 0, 0, 0.22, 17218, 8640, 772.66%, 2073, 1978
1705969236, 0, 172, 307, 0, 0, 809.77%, 81, 0, 0, 0.26, 17219, 8640, 772.66%, 2073, 1978
1705969236, 0, 172, 307, 0, 0, 809.77%, 81, 0, 0, 1.46, 17219, 8641, 772.66%, 2073, 1978
1705969237, 0, 173, 307, 0, 0, 809.77%, 81, 0, 0, 2.09, 17219, 8642, 772.66%, 2073, 1978
1705969238, 0, 175, 307, 0, 0, 809.77%, 81, 0, 0, 285.89, 17363, 8725, 772.66%, 2073, 1978
1705969238, 0, 175, 307, 0, 0, 809.77%, 81, 0, 0, 2.82, 17364, 8725, 772.66%, 2073, 1978
1705969238, 0, 175, 307, 0, 0, 809.77%, 81, 0, 0, 1.83, 17365, 8725, 772.66%, 2073, 1978
1705969239, 0, 175, 307, 0, 0, 809.77%, 81, 0, 0, 78.79, 17424, 8744, 772.66%, 2073, 1978
1705969240, 0, 175, 307, 0, 0, 809.77%, 81, 0, 0, 1.41, 17424, 8745, 772.66%, 2073, 1978
1705969240, 0, 176, 307, 0, 0, 809.77%, 81, 0, 0, 153.33, 17457, 8758, 772.66%, 2073, 1978
1705969244, 0, 179, 308, 0, 0, 809.77%, 81, 0, 0, 68.17, 17572, 8873, 772.66%, 2073, 1978
1705969245, 0, 179, 308, 0, 0, 809.77%, 81, 0, 0, 1.20, 17573, 8873, 772.66%, 2073, 1978
1705969246, 0, 179, 308, 0, 0, 809.77%, 81, 0, 0, 0.97, 17574, 8873, 772.66%, 2073, 1978
1705969246, 0, 179, 308, 0, 0, 809.77%, 81, 0, 0, 1.31, 17575, 8873, 772.66%, 2073, 1978
1705969247, 0, 179, 308, 0, 0, 809.77%, 81, 0, 0, 1.21, 17576, 8873, 772.66%, 2073, 1978
1705969249, 0, 181, 309, 0, 0, 809.77%, 81, 0, 0, 85.90, 17688, 8934, 772.66%, 2073, 1978
1705969250, 0, 181, 310, 0, 0, 809.77%, 81, 0, 0, 7.84, 17692, 8937, 772.66%, 2073, 1978
1705969251, 0, 181, 311, 0, 0, 809.77%, 81, 0, 0, 12.17, 17696, 8940, 772.66%, 2073, 1978
1705969251, 0, 186, 311, 0, 0, 809.77%, 81, 0, 0, 610.00, 17787, 9032, 772.66%, 2073, 1978
1705969251, 0, 195, 311, 0, 0, 809.77%, 81, 0, 0, 2440.00, 18359, 9192, 772.66%, 2073, 1978
1705969252, 0, 196, 311, 0, 0, 809.77%, 81, 0, 0, 1316.67, 18667, 9279, 772.66%, 2073, 1978
1705969252, 0, 198, 311, 0, 0, 809.77%, 82, 0, 0, 83.76, 18702, 9293, 772.66%, 2073, 1978
1705969253, 0, 200, 312, 0, 0, 809.77%, 82, 0, 0, 433.71, 18823, 9365, 772.66%, 2073, 1978
1705969253, 0, 200, 313, 0, 0, 809.77%, 82, 0, 0, 40.52, 18829, 9387, 772.66%, 2073, 1978
1705969254, 0, 204, 314, 0, 0, 809.77%, 82, 0, 0, 345.51, 18873, 9447, 772.66%, 2073, 1978
1705969254, 0, 205, 315, 0, 0, 809.77%, 82, 0, 0, 31.11, 18882, 9452, 772.66%, 2073, 1978
1705969257, 0, 209, 316, 0, 0, 809.77%, 82, 0, 0, 148.09, 19196, 9579, 772.66%, 2073, 1978
1705969257, 0, 210, 316, 0, 0, 809.77%, 84, 0, 0, 759.38, 19390, 9628, 772.66%, 2073, 1978
1705969258, 0, 211, 317, 0, 0, 809.77%, 84, 0, 0, 1190.00, 19669, 9706, 773.05%, 2073, 1979
1705969258, 0, 215, 317, 0, 0, 809.77%, 84, 0, 0, 749.59, 19894, 9939, 773.05%, 2073, 1979
1705969259, 0, 219, 317, 0, 0, 809.77%, 85, 0, 0, 452.33, 20021, 10035, 773.05%, 2073, 1979
1705969259, 0, 221, 317, 0, 0, 809.77%, 85, 0, 0, 510.00, 20131, 10078, 773.05%, 2073, 1979
1705969259, 0, 223, 317, 0, 0, 809.77%, 85, 0, 0, 660.00, 20275, 10132, 773.05%, 2073, 1979
1705969260, 0, 231, 317, 0, 0, 809.77%, 85, 0, 0, 1020.00, 20469, 10244, 773.05%, 2073, 1979
1705969260, 0, 235, 317, 0, 0, 809.77%, 85, 0, 0, 185.34, 20482, 10317, 773.05%, 2073, 1979
1705969261, 0, 235, 317, 0, 0, 809.77%, 85, 0, 0, 60.77, 20482, 10361, 773.05%, 2073, 1979
1705969262, 0, 235, 318, 0, 0, 809.77%, 85, 0, 0, 49.26, 20482, 10391, 773.05%, 2073, 1979
1705969262, 0, 235, 320, 0, 0, 809.77%, 85, 0, 0, 29.51, 20482, 10400, 773.05%, 2073, 1979
1705969265, 0, 235, 320, 0, 0, 809.77%, 86, 0, 0, 16.01, 20482, 10443, 773.05%, 2073, 1979
1705969265, 0, 235, 320, 0, 0, 809.77%, 86, 0, 0, 643.53, 20486, 10643, 773.05%, 2073, 1979
1705969265, 0, 242, 320, 0, 0, 809.77%, 86, 0, 0, 813.33, 20505, 10868, 773.05%, 2073, 1979
1705969266, 0, 242, 321, 0, 0, 809.77%, 86, 0, 0, 0.96, 20505, 10869, 773.05%, 2073, 1979
1705969267, 0, 242, 321, 0, 0, 809.77%, 86, 0, 0, 1.93, 20505, 10871, 773.05%, 2073, 1979
1705969268, 0, 242, 321, 0, 0, 809.77%, 86, 0, 0, 193.33, 20505, 10929, 773.05%, 2073, 1979
1705969269, 0, 242, 321, 0, 0, 809.77%, 86, 0, 0, 0.69, 20505, 10930, 773.05%, 2073, 1979
1705969270, 0, 242, 321, 0, 0, 809.77%, 86, 0, 0, 1.61, 20505, 10931, 773.05%, 2073, 1979
1705969270, 0, 242, 321, 0, 0, 809.77%, 86, 0, 0, 90.00, 20505, 10958, 773.05%, 2073, 1979
1705969270, 0, 242, 321, 0, 0, 809.77%, 86, 0, 0, 316.67, 20505, 11053, 773.05%, 2073, 1979
1705969271, 0, 242, 321, 0, 0, 809.77%, 86, 0, 0, 80.00, 20505, 11077, 773.05%, 2073, 1979
1705969271, 0, 245, 321, 0, 0, 809.77%, 86, 0, 0, 169.44, 20505, 11128, 773.05%, 2073, 1979
1705969271, 0, 245, 321, 0, 0, 809.77%, 86, 0, 0, 1.66, 20505, 11129, 773.05%, 2073, 1979
1705969272, 0, 245, 321, 0, 0, 809.77%, 86, 0, 0, 2.53, 20505, 11130, 773.05%, 2073, 1979
1705969272, 0, 246, 321, 0, 0, 809.77%, 86, 0, 0, 443.33, 20506, 11262, 773.05%, 2073, 1979
1705969272, 0, 246, 321, 0, 0, 809.77%, 86, 0, 0, 294.70, 20507, 11350, 773.05%, 2073, 1979
1705969273, 0, 246, 321, 0, 0, 809.77%, 86, 0, 0, 211.92, 20507, 11414, 773.05%, 2073, 1979
1705969274, 0, 246, 322, 0, 0, 810.16%, 86, 0, 0, 3.75, 20507, 11420, 773.05%, 2074, 1979
1705969275, 0, 246, 323, 0, 0, 810.16%, 86, 0, 0, 77.63, 20507, 11471, 773.05%, 2074, 1979
1705969275, 0, 246, 323, 0, 0, 810.16%, 86, 0, 0, 112.96, 20508, 11504, 773.05%, 2074, 1979
1705969276, 0, 251, 323, 0, 0, 810.16%, 87, 0, 0, 441.86, 20570, 11575, 773.05%, 2074, 1979
1705969276, 0, 252, 324, 0, 0, 810.16%, 88, 0, 0, 45.01, 20584, 11593, 773.05%, 2074, 1979
1705969277, 0, 255, 324, 0, 0, 810.16%, 91, 0, 0, 453.33, 20650, 11663, 773.05%, 2074, 1979
1705969277, 0, 256, 324, 0, 0, 810.16%, 91, 0, 0, 182.24, 20705, 11727, 773.05%, 2074, 1979
1705969278, 0, 257, 325, 0, 0, 810.16%, 91, 0, 0, 79.67, 20723, 11738, 773.05%, 2074, 1979
1705969278, 0, 257, 327, 0, 0, 810.16%, 92, 0, 0, 60.30, 20738, 11747, 773.05%, 2074, 1979
1705969279, 0, 257, 329, 0, 0, 811.72%, 93, 0, 0, 42.38, 20756, 11761, 774.61%, 2078, 1983
1705969279, 0, 257, 331, 0, 0, 811.72%, 94, 0, 0, 136.67, 20778, 11780, 775.00%, 2078, 1984
1705969280, 0, 257, 331, 0, 0, 811.72%, 95, 0, 0, 54.49, 20799, 11810, 775.00%, 2078, 1984
1705969280, 0, 257, 331, 0, 0, 811.72%, 97, 0, 0, 151.61, 20824, 11832, 775.00%, 2078, 1984
1705969281, 0, 257, 332, 0, 0, 811.72%, 97, 0, 0, 39.27, 20830, 11839, 775.00%, 2078, 1984
1705969281, 0, 257, 333, 0, 0, 811.72%, 97, 0, 0, 133.18, 20861, 11867, 775.00%, 2078, 1984
1705969281, 0, 257, 335, 0, 0, 811.72%, 97, 0, 0, 310.00, 20906, 11915, 775.00%, 2078, 1984
1705969282, 0, 257, 335, 0, 0, 811.72%, 97, 0, 0, 183.33, 20931, 11945, 775.00%, 2078, 1984
1705969282, 0, 257, 335, 0, 0, 811.72%, 97, 0, 0, 2.87, 20932, 11945, 775.00%, 2078, 1984
1705969282, 0, 257, 335, 0, 0, 811.72%, 98, 0, 0, 215.95, 20964, 11978, 775.00%, 2078, 1984
1705969283, 0, 257, 335, 0, 0, 811.72%, 99, 0, 0, 139.53, 20982, 12002, 775.00%, 2078, 1984
1705969284, 0, 257, 335, 0, 0, 811.72%, 99, 0, 0, 8.08, 20985, 12008, 775.00%, 2078, 1984
1705969284, 0, 257, 336, 0, 0, 811.72%, 99, 0, 0, 47.04, 21005, 12023, 775.00%, 2078, 1984
1705969285, 0, 257, 337, 0, 0, 811.72%, 100, 0, 0, 421.93, 21073, 12082, 775.00%, 2078, 1984
1705969285, 0, 258, 341, 0, 0, 812.89%, 100, 0, 0, 507.99, 21189, 12125, 776.17%, 2081, 1987
1705969285, 0, 260, 341, 0, 0, 812.89%, 100, 0, 0, 1136.67, 21354, 12301, 776.17%, 2081, 1987
1705969286, 0, 260, 341, 0, 0, 812.89%, 101, 0, 0, 226.38, 21393, 12389, 776.17%, 2081, 1987
1705969286, 0, 260, 341, 0, 0, 812.89%, 102, 0, 0, 484.94, 21449, 12494, 776.17%, 2081, 1987
1705969287, 0, 261, 342, 0, 0, 812.89%, 102, 0, 0, 409.51, 21507, 12660, 776.17%, 2081, 1987
1705969287, 0, 264, 343, 0, 0, 812.89%, 102, 0, 0, 650.49, 21607, 12761, 776.17%, 2081, 1987
1705969287, 0, 265, 344, 0, 0, 812.89%, 102, 0, 0, 210.00, 21639, 12792, 776.17%, 2081, 1987
1705969288, 0, 265, 344, 0, 0, 812.89%, 103, 0, 0, 24.89, 21645, 12797, 776.17%, 2081, 1987
1705969288, 0, 265, 345, 0, 0, 812.89%, 103, 0, 0, 164.18, 21690, 12840, 776.17%, 2081, 1987
1705969291, 0, 265, 347, 0, 0, 812.89%, 103, 0, 0, 27.03, 21714, 12883, 776.17%, 2081, 1987
1705969291, 0, 265, 348, 0, 0, 812.89%, 103, 0, 0, 86.67, 21728, 12895, 776.17%, 2081, 1987
1705969292, 0, 265, 350, 0, 0, 812.89%, 103, 0, 0, 137.86, 21760, 12934, 776.17%, 2081, 1987
1705969292, 0, 265, 350, 0, 0, 812.89%, 103, 0, 0, 129.52, 21772, 12965, 776.17%, 2081, 1987
1705969292, 0, 265, 350, 0, 0, 812.89%, 103, 0, 0, 230.00, 21808, 12998, 776.17%, 2081, 1987
1705969293, 0, 265, 350, 0, 0, 812.89%, 103, 0, 0, 259.70, 21848, 13045, 776.17%, 2081, 1987
1705969293, 0, 265, 350, 0, 0, 812.89%, 103, 0, 0, 274.76, 21885, 13094, 776.17%, 2081, 1987
1705969293, 0, 265, 350, 0, 0, 812.89%, 103, 0, 0, 270.36, 21932, 13130, 776.17%, 2081, 1987
1705969294, 0, 265, 350, 0, 0, 812.89%, 103, 0, 0, 10.15, 21934, 13132, 776.17%, 2081, 1987
1705969294, 0, 265, 350, 0, 0, 812.89%, 103, 0, 0, 180.00, 21963, 13157, 776.17%, 2081, 1987
1705969294, 0, 270, 350, 0, 0, 812.89%, 104, 0, 0, 780.00, 22023, 13331, 776.17%, 2081, 1987
1705969295, 0, 270, 350, 0, 0, 812.89%, 104, 0, 0, 696.67, 22037, 13526, 776.17%, 2081, 1987
1705969297, 0, 272, 351, 0, 0, 812.89%, 104, 0, 0, 165.31, 22240, 13647, 776.17%, 2081, 1987
1705969297, 0, 282, 351, 0, 0, 812.89%, 104, 0, 0, 1780.00, 22588, 13833, 776.17%, 2081, 1987
1705969297, 0, 286, 351, 0, 0, 812.89%, 104, 0, 0, 389.36, 22641, 13919, 776.17%, 2081, 1987
1705969298, 0, 289, 351, 0, 0, 812.89%, 105, 0, 0, 127.06, 22675, 13962, 776.17%, 2081, 1987
1705969298, 0, 293, 353, 0, 0, 812.89%, 105, 0, 0, 496.67, 22758, 14028, 776.56%, 2081, 1988
1705969298, 0, 294, 354, 0, 0, 812.89%, 105, 0, 0, 76.67, 22766, 14043, 776.56%, 2081, 1988
1705969299, 0, 298, 354, 0, 0, 812.89%, 105, 0, 0, 680.25, 22861, 14165, 776.56%, 2081, 1988
1705969299, 0, 304, 354, 0, 0, 812.89%, 105, 0, 0, 1616.67, 23158, 14353, 776.56%, 2081, 1988
1705969299, 0, 310, 354, 0, 0, 812.89%, 108, 0, 0, 774.65, 23323, 14463, 776.56%, 2081, 1988
1705969300, 0, 311, 355, 0, 0, 812.89%, 109, 0, 0, 93.75, 23350, 14484, 776.56%, 2081, 1988
1705969301, 0, 311, 356, 0, 0, 812.89%, 109, 0, 0, 9.28, 23356, 14492, 776.56%, 2081, 1988
1705969302, 0, 317, 356, 0, 0, 812.89%, 109, 0, 0, 1773.33, 23745, 14635, 776.56%, 2081, 1988
1705969302, 0, 321, 356, 0, 0, 812.89%, 109, 0, 0, 403.16, 23750, 14911, 776.56%, 2081, 1988
1705969303, 0, 323, 356, 0, 0, 812.89%, 109, 0, 0, 684.39, 23765, 15102, 776.56%, 2081, 1988
1705969304, 0, 325, 357, 0, 0, 812.89%, 109, 0, 0, 45.49, 23800, 15123, 776.56%, 2081, 1988
1705969306, 0, 326, 358, 0, 0, 812.89%, 109, 0, 0, 27.96, 23844, 15150, 776.56%, 2081, 1988
1705969307, 0, 327, 358, 0, 0, 812.89%, 109, 0, 0, 110.00, 23860, 15167, 776.56%, 2081, 1988
1705969307, 0, 327, 358, 0, 0, 812.89%, 109, 0, 0, 2.45, 23860, 15168, 776.56%, 2081, 1988
1705969308, 0, 327, 358, 0, 0, 812.89%, 110, 0, 0, 211.42, 23906, 15222, 776.56%, 2081, 1988
1705969310, 0, 327, 358, 0, 0, 812.89%, 110, 0, 0, 29.27, 23948, 15253, 776.56%, 2081, 1988
1705969316, 0, 327, 359, 0, 0, 812.89%, 110, 0, 0, 6.72, 23968, 15272, 776.56%, 2081, 1988
1705969317, 0, 327, 359, 0, 0, 812.89%, 110, 0, 0, 1.42, 23968, 15273, 776.56%, 2081, 1988
1705969317, 0, 327, 359, 0, 0, 812.89%, 110, 0, 0, 62.50, 23979, 15283, 776.56%, 2081, 1988
1705969317, 0, 327, 359, 0, 0, 812.89%, 110, 0, 0, 2.40, 23980, 15283, 776.56%, 2081, 1988
1705969318, 0, 327, 359, 0, 0, 812.89%, 110, 0, 0, 42.27, 23996, 15305, 776.56%, 2081, 1988
1705969319, 0, 327, 359, 0, 0, 812.89%, 111, 0, 0, 34.07, 24007, 15314, 776.56%, 2081, 1988
1705969319, 0, 327, 359, 0, 0, 812.89%, 111, 0, 0, 390.00, 24068, 15370, 776.56%, 2081, 1988
1705969320, 0, 327, 359, 0, 0, 812.89%, 111, 0, 0, 36.67, 24074, 15375, 776.56%, 2081, 1988
1705969321, 0, 327, 359, 0, 0, 812.89%, 112, 0, 0, 76.47, 24129, 15425, 776.56%, 2081, 1988
1705969323, 0, 327, 360, 0, 0, 812.89%, 112, 0, 0, 29.09, 24156, 15446, 776.56%, 2081, 1988
1705969324, 0, 327, 361, 0, 0, 812.89%, 112, 0, 0, 74.53, 24211, 15501, 776.56%, 2081, 1988
1705969324, 0, 328, 361, 0, 0, 812.89%, 112, 0, 0, 773.33, 24334, 15610, 776.56%, 2081, 1988
1705969325, 0, 328, 361, 0, 0, 812.89%, 113, 0, 0, 149.36, 24388, 15661, 776.56%, 2081, 1988
1705969326, 0, 328, 362, 0, 0, 812.89%, 113, 0, 0, 8.60, 24392, 15664, 776.56%, 2081, 1988
1705969326, 0, 328, 363, 0, 0, 812.89%, 114, 0, 0, 206.35, 24425, 15696, 776.56%, 2081, 1988
1705969327, 0, 328, 363, 0, 0, 812.89%, 114, 0, 0, 108.11, 24452, 15721, 776.56%, 2081, 1988
1705969327, 0, 328, 365, 0, 0, 812.89%, 114, 0, 0, 259.14, 24508, 15743, 776.56%, 2081, 1988
1705969328, 0, 328, 366, 0, 0, 812.89%, 114, 0, 0, 132.44, 24584, 15805, 776.56%, 2081, 1988
1705969328, 0, 330, 366, 0, 0, 812.89%, 114, 0, 0, 353.33, 24640, 15855, 776.56%, 2081, 1988
1705969329, 0, 330, 366, 0, 0, 812.89%, 114, 0, 0, 189.02, 24665, 15892, 776.56%, 2081, 1988
1705969329, 0, 330, 366, 0, 0, 812.89%, 115, 0, 0, 336.67, 24715, 15943, 776.56%, 2081, 1988
1705969329, 0, 330, 366, 0, 0, 812.89%, 115, 0, 0, 671.10, 24806, 16054, 776.56%, 2081, 1988
1705969330, 0, 330, 366, 0, 0, 812.89%, 116, 0, 0, 4.49, 24808, 16057, 776.56%, 2081, 1988
1705969332, 0, 330, 366, 0, 0, 812.89%, 117, 0, 0, 26.36, 24828, 16083, 776.56%, 2081, 1988
1705969332, 0, 330, 366, 0, 0, 812.89%, 117, 0, 0, 563.33, 24906, 16174, 776.56%, 2081, 1988
1705969337, 0, 331, 367, 0, 0, 812.89%, 117, 0, 0, 38.29, 24975, 16265, 776.56%, 2081, 1988
1705969338, 0, 335, 367, 0, 0, 812.89%, 118, 0, 0, 69.74, 25007, 16333, 776.56%, 2081, 1988
1705969339, 0, 335, 368, 0, 0, 812.89%, 118, 0, 0, 7.13, 25011, 16334, 776.56%, 2081, 1988
1705969339, 0, 335, 368, 0, 0, 812.89%, 118, 0, 0, 2.34, 25011, 16335, 776.56%, 2081, 1988
1705969340, 0, 337, 369, 0, 0, 812.89%, 118, 0, 0, 67.77, 25042, 16378, 776.56%, 2081, 1988
1705969341, 0, 339, 370, 0, 0, 812.89%, 118, 0, 0, 51.35, 25063, 16395, 776.56%, 2081, 1988
1705969341, 0, 340, 372, 0, 0, 812.89%, 118, 0, 0, 963.46, 25272, 16476, 776.56%, 2081, 1988
1705969342, 0, 342, 372, 0, 0, 812.89%, 118, 0, 0, 1023.33, 25482, 16573, 776.56%, 2081, 1988
1705969342, 0, 344, 373, 0, 0, 812.89%, 118, 0, 0, 316.67, 25529, 16621, 776.56%, 2081, 1988
1705969342, 0, 345, 374, 0, 0, 812.89%, 118, 0, 0, 76.46, 25542, 16646, 776.56%, 2081, 1988
1705969343, 0, 348, 374, 0, 0, 812.89%, 119, 0, 0, 320.00, 25593, 16691, 776.56%, 2081, 1988
1705969343, 0, 352, 374, 0, 0, 812.89%, 119, 0, 0, 604.65, 25685, 16781, 776.56%, 2081, 1988
1705969343, 0, 352, 374, 0, 0, 812.89%, 119, 0, 0, 386.67, 25746, 16836, 776.56%, 2081, 1988
1705969344, 0, 352, 374, 0, 0, 812.89%, 119, 0, 0, 643.33, 25852, 16923, 776.56%, 2081, 1988
1705969344, 0, 352, 374, 0, 0, 812.89%, 119, 0, 0, 704.32, 25982, 17005, 776.56%, 2081, 1988
1705969349, 0, 354, 374, 0, 0, 812.89%, 120, 0, 0, 32.66, 26054, 17107, 776.56%, 2081, 1988
1705969350, 0, 354, 374, 0, 0, 812.89%, 120, 0, 0, 1.27, 26055, 17107, 776.56%, 2081, 1988
1705969350, 0, 354, 374, 0, 0, 812.89%, 120, 0, 0, 16.67, 26057, 17110, 776.56%, 2081, 1988
1705969351, 0, 354, 374, 0, 0, 812.89%, 120, 0, 0, 2.22, 26058, 17110, 776.56%, 2081, 1988
1705969351, 0, 355, 374, 0, 0, 812.89%, 121, 0, 0, 70.29, 26073, 17126, 776.56%, 2081, 1988
1705969352, 0, 359, 374, 0, 0, 812.89%, 122, 0, 0, 265.91, 26131, 17185, 776.56%, 2081, 1988
1705969352, 0, 361, 375, 0, 0, 812.89%, 123, 0, 0, 132.26, 26157, 17225, 776.56%, 2081, 1988
1705969353, 0, 363, 376, 0, 0, 812.89%, 123, 0, 0, 51.54, 26197, 17257, 776.56%, 2081, 1988
1705969354, 0, 363, 378, 0, 0, 812.89%, 123, 0, 0, 19.43, 26204, 17267, 776.56%, 2081, 1988
1705969357, 0, 367, 378, 0, 0, 812.89%, 124, 0, 0, 57.12, 26262, 17339, 776.56%, 2081, 1988
1705969358, 0, 367, 378, 0, 0, 812.89%, 124, 0, 0, 0.69, 26263, 17339, 776.56%, 2081, 1988
1705969359, 0, 367, 378, 0, 0, 812.89%, 124, 0, 0, 1.39, 26264, 17339, 776.56%, 2081, 1988
1705969359, 0, 372, 378, 0, 0, 812.89%, 124, 0, 0, 170.00, 26283, 17371, 776.56%, 2081, 1988
1705969360, 0, 372, 379, 0, 0, 812.89%, 124, 0, 0, 2.04, 26284, 17371, 776.56%, 2081, 1988
1705969360, 0, 372, 380, 0, 0, 812.89%, 124, 0, 0, 26.10, 26292, 17376, 776.56%, 2081, 1988
1705969360, 0, 375, 381, 0, 0, 812.89%, 124, 0, 0, 277.95, 26336, 17424, 776.56%, 2081, 1988
1705969362, 0, 376, 382, 0, 0, 812.89%, 124, 0, 0, 30.24, 26360, 17454, 776.56%, 2081, 1988
1705969362, 0, 378, 383, 0, 0, 812.89%, 124, 0, 0, 236.67, 26386, 17499, 776.56%, 2081, 1988
1705969364, 0, 378, 385, 0, 0, 812.89%, 124, 0, 0, 9.08, 26392, 17504, 776.56%, 2081, 1988
1705969364, 0, 380, 386, 0, 0, 812.89%, 124, 0, 0, 165.61, 26421, 17527, 776.56%, 2081, 1988
1705969365, 0, 380, 387, 0, 0, 812.89%, 124, 0, 0, 36.50, 26429, 17539, 776.56%, 2081, 1988
1705969365, 0, 383, 387, 0, 0, 812.89%, 124, 0, 0, 348.68, 26477, 17597, 776.56%, 2081, 1988
1705969365, 0, 385, 387, 0, 0, 812.89%, 124, 0, 0, 112.90, 26491, 17625, 776.56%, 2081, 1988
1705969366, 0, 386, 388, 0, 0, 812.89%, 124, 0, 0, 173.20, 26521, 17648, 776.56%, 2081, 1988
1705969368, 1, 0, 389, 0, 0, 812.89%, 124, 0, 0, 24.18, 26539, 17687, 776.56%, 2081, 1988
1705969368, 1, 1, 389, 0, 0, 812.89%, 124, 0, 0, 2096.67, 27085, 17770, 776.56%, 2081, 1988
1705969369, 1, 3, 389, 0, 0, 812.89%, 124, 0, 0, 429.69, 27276, 17799, 776.56%, 2081, 1988
1705969370, 1, 7, 389, 0, 0, 812.89%, 125, 0, 0, 634.25, 27762, 17887, 776.56%, 2081, 1988
1705969370, 1, 9, 390, 0, 0, 812.89%, 125, 0, 0, 1513.33, 28145, 17958, 776.56%, 2081, 1988
1705969370, 1, 13, 390, 0, 0, 812.89%, 125, 0, 0, 1882.70, 28583, 18162, 776.56%, 2081, 1988
1705969371, 1, 16, 390, 0, 0, 812.89%, 125, 0, 0, 1243.55, 28970, 18209, 776.56%, 2081, 1988
1705969371, 1, 19, 390, 0, 0, 812.89%, 125, 0, 0, 2760.00, 29679, 18328, 776.56%, 2081, 1988
1705969371, 1, 20, 391, 0, 0, 812.89%, 125, 0, 0, 575.40, 29937, 18360, 776.56%, 2081, 1988
1705969372, 1, 24, 391, 0, 0, 812.89%, 125, 0, 0, 1310.00, 30260, 18430, 776.56%, 2081, 1988
1705969372, 1, 29, 391, 0, 0, 812.89%, 125, 0, 0, 1302.56, 30667, 18531, 776.56%, 2081, 1988
1705969373, 1, 33, 391, 0, 0, 812.89%, 125, 0, 0, 1174.12, 31028, 18669, 776.56%, 2081, 1988
1705969373, 1, 36, 391, 0, 0, 812.89%, 125, 0, 0, 1240.00, 31350, 18719, 776.56%, 2081, 1988
1705969373, 1, 45, 391, 0, 0, 812.89%, 125, 0, 0, 1694.35, 31782, 18797, 776.56%, 2081, 1988
1705969373, 1, 58, 391, 0, 0, 812.89%, 125, 0, 0, 2296.67, 32273, 18995, 776.56%, 2081, 1988
1705969374, 1, 66, 391, 0, 0, 812.89%, 125, 0, 0, 2235.48, 32854, 19107, 776.56%, 2081, 1988
1705969374, 1, 67, 392, 0, 0, 812.89%, 125, 0, 0, 953.64, 33073, 19176, 776.56%, 2081, 1988
1705969374, 1, 71, 392, 0, 0, 812.89%, 125, 0, 0, 1097.07, 33406, 19329, 776.56%, 2081, 1988
1705969375, 1, 75, 392, 0, 0, 812.89%, 125, 0, 0, 1722.77, 33828, 19429, 776.56%, 2081, 1988
1705969375, 1, 80, 392, 0, 0, 812.89%, 125, 0, 0, 1630.00, 34144, 19602, 776.56%, 2081, 1988
1705969376, 1, 83, 393, 0, 0, 812.89%, 125, 0, 0, 812.69, 34484, 19787, 777.34%, 2081, 1990
1705969376, 1, 85, 393, 0, 0, 812.89%, 125, 0, 0, 1426.67, 34739, 19960, 777.34%, 2081, 1990
1705969376, 1, 86, 393, 0, 0, 812.89%, 125, 0, 0, 1233.33, 34938, 20131, 777.34%, 2081, 1990
1705969377, 1, 86, 393, 0, 0, 812.89%, 125, 0, 0, 840.00, 34941, 20380, 777.34%, 2081, 1990
1705969377, 1, 89, 393, 0, 0, 812.89%, 125, 0, 0, 1933.33, 35359, 20542, 777.34%, 2081, 1990
1705969377, 1, 90, 393, 0, 0, 812.89%, 125, 0, 0, 1323.33, 35575, 20723, 777.34%, 2081, 1990
1705969378, 1, 90, 393, 0, 0, 812.89%, 126, 0, 0, 89.24, 35592, 20740, 777.34%, 2081, 1990
1705969378, 1, 93, 393, 0, 0, 812.89%, 126, 0, 0, 1413.33, 35858, 20898, 777.34%, 2081, 1990
1705969378, 1, 98, 393, 0, 0, 812.89%, 126, 0, 0, 2250.00, 36266, 21165, 777.34%, 2081, 1990
1705969382, 1, 99, 393, 0, 0, 812.89%, 126, 0, 0, 12.25, 36299, 21182, 777.34%, 2081, 1990
1705969388, 1, 102, 393, 0, 0, 812.89%, 127, 0, 0, 85.24, 36597, 21377, 777.34%, 2081, 1990
1705969389, 1, 102, 393, 0, 0, 812.89%, 127, 0, 0, 61.44, 36626, 21395, 777.34%, 2081, 1990
1705969389, 1, 102, 393, 0, 0, 812.89%, 127, 0, 0, 160.54, 36669, 21435, 777.34%, 2081, 1990
1705969390, 1, 105, 393, 0, 0, 812.89%, 127, 0, 0, 294.26, 36740, 21482, 777.34%, 2081, 1990
1705969391, 1, 105, 393, 0, 0, 812.89%, 127, 0, 0, 0.77, 36740, 21483, 777.34%, 2081, 1990
1705969391, 1, 105, 393, 0, 0, 812.89%, 127, 0, 0, 28.82, 36746, 21487, 777.34%, 2081, 1990
1705969393, 1, 105, 393, 0, 0, 812.89%, 127, 0, 0, 0.51, 36746, 21488, 777.34%, 2081, 1990
1705969394, 1, 105, 393, 0, 0, 812.89%, 127, 0, 0, 1.59, 36746, 21489, 777.34%, 2081, 1990
1705969396, 1, 105, 393, 0, 0, 812.89%, 127, 0, 0, 1.90, 36747, 21492, 777.34%, 2081, 1990
1705969399, 1, 105, 393, 0, 0, 812.89%, 127, 0, 0, 0.32, 36748, 21492, 777.34%, 2081, 1990
1705969400, 1, 105, 393, 0, 0, 812.89%, 127, 0, 0, 17.51, 36753, 21495, 777.34%, 2081, 1990
1705969400, 1, 105, 393, 0, 0, 812.89%, 127, 0, 0, 36.87, 36765, 21499, 777.34%, 2081, 1990
1705969401, 1, 106, 393, 0, 0, 812.89%, 127, 0, 0, 109.47, 36808, 21530, 777.34%, 2081, 1990
1705969403, 1, 106, 393, 0, 0, 812.89%, 127, 0, 0, 0.37, 36809, 21530, 777.34%, 2081, 1990
1705969404, 1, 106, 393, 0, 0, 812.89%, 127, 0, 0, 26.06, 36823, 21532, 777.34%, 2081, 1990
1705969407, 1, 106, 393, 0, 0, 812.89%, 127, 0, 0, 0.38, 36823, 21533, 777.34%, 2081, 1990
1705969408, 1, 106, 393, 0, 0, 812.89%, 127, 0, 0, 0.77, 36824, 21533, 777.34%, 2081, 1990
1705969410, 1, 106, 393, 0, 0, 812.89%, 127, 0, 0, 0.56, 36825, 21533, 777.34%, 2081, 1990
1705969413, 1, 106, 393, 0, 0, 812.89%, 127, 0, 0, 0.33, 36826, 21533, 777.34%, 2081, 1990
1705969414, 1, 106, 393, 0, 0, 812.89%, 127, 0, 0, 0.97, 36827, 21533, 777.34%, 2081, 1990
1705969419, 1, 106, 393, 0, 0, 812.89%, 127, 0, 0, 0.20, 36828, 21533, 777.34%, 2081, 1990
1705969419, 1, 106, 393, 0, 0, 812.89%, 127, 0, 0, 2.51, 36829, 21533, 777.34%, 2081, 1990
1705969420, 1, 106, 393, 0, 0, 812.89%, 127, 0, 0, 1.05, 36830, 21533, 777.34%, 2081, 1990
1705969420, 1, 106, 393, 0, 0, 812.89%, 127, 0, 0, 161.18, 36870, 21542, 777.34%, 2081, 1990
1705969421, 1, 106, 393, 0, 0, 812.89%, 127, 0, 0, 10.10, 36874, 21543, 777.34%, 2081, 1990
1705969422, 1, 106, 393, 0, 0, 812.89%, 127, 0, 0, 0.66, 36875, 21543, 777.34%, 2081, 1990
1705969423, 1, 106, 393, 0, 0, 812.89%, 127, 0, 0, 1.82, 36875, 21544, 777.34%, 2081, 1990
1705969423, 1, 106, 393, 0, 0, 812.89%, 127, 0, 0, 44.51, 36884, 21550, 777.34%, 2081, 1990
1705969424, 1, 106, 393, 0, 0, 812.89%, 127, 0, 0, 36.42, 36894, 21551, 777.34%, 2081, 1990
1705969424, 1, 106, 393, 0, 0, 812.89%, 127, 0, 0, 2.13, 36895, 21551, 777.34%, 2081, 1990
1705969425, 1, 106, 393, 0, 0, 812.89%, 127, 0, 0, 1.51, 36895, 21552, 777.34%, 2081, 1990
1705969425, 1, 106, 393, 0, 0, 812.89%, 127, 0, 0, 7.44, 36900, 21552, 777.34%, 2081, 1990
1705969426, 1, 106, 393, 0, 0, 812.89%, 127, 0, 0, 147.06, 36944, 21558, 777.34%, 2081, 1990
1705969426, 1, 106, 393, 0, 0, 812.89%, 127, 0, 0, 70.59, 36965, 21567, 777.34%, 2081, 1990
1705969427, 1, 106, 393, 0, 0, 812.89%, 127, 0, 0, 183.06, 37010, 21589, 777.34%, 2081, 1990
1705969427, 1, 107, 393, 0, 0, 812.89%, 127, 0, 0, 254.72, 37053, 21627, 777.34%, 2081, 1990
1705969427, 1, 107, 393, 0, 0, 812.89%, 127, 0, 0, 58.12, 37067, 21642, 777.34%, 2081, 1990
1705969428, 1, 107, 393, 0, 0, 812.89%, 127, 0, 0, 5.70, 37067, 21644, 777.34%, 2081, 1990
1705969429, 1, 107, 393, 0, 0, 812.89%, 127, 0, 0, 16.29, 37073, 21651, 777.34%, 2081, 1990
1705969429, 1, 108, 393, 0, 0, 812.89%, 127, 0, 0, 9.93, 37073, 21654, 777.34%, 2081, 1990
1705969429, 1, 109, 393, 0, 0, 812.89%, 127, 0, 0, 162.32, 37106, 21677, 777.34%, 2081, 1990
1705969430, 1, 109, 393, 0, 0, 812.89%, 127, 0, 0, 16.50, 37109, 21679, 777.34%, 2081, 1990
1705969430, 1, 109, 393, 0, 0, 812.89%, 127, 0, 0, 50.38, 37140, 21694, 777.34%, 2081, 1990
1705969431, 1, 109, 393, 0, 0, 812.89%, 127, 0, 0, 15.72, 37141, 21698, 777.34%, 2081, 1990
1705969431, 1, 109, 393, 0, 0, 812.89%, 127, 0, 0, 2.58, 37142, 21698, 777.34%, 2081, 1990
1705969431, 1, 109, 393, 0, 0, 812.89%, 127, 0, 0, 104.43, 37161, 21712, 777.34%, 2081, 1990
1705969432, 1, 110, 393, 0, 0, 812.89%, 127, 0, 0, 123.99, 37193, 21726, 777.34%, 2081, 1990
1705969432, 1, 110, 393, 0, 0, 812.89%, 127, 0, 0, 170.66, 37197, 21779, 777.34%, 2081, 1990
1705969433, 1, 110, 393, 0, 0, 812.89%, 127, 0, 0, 17.29, 37197, 21785, 777.34%, 2081, 1990
1705969433, 1, 110, 393, 0, 0, 812.89%, 127, 0, 0, 22.79, 37197, 21793, 777.34%, 2081, 1990
1705969433, 1, 110, 393, 0, 0, 812.89%, 127, 0, 0, 66.08, 37199, 21821, 777.34%, 2081, 1990
1705969434, 1, 110, 393, 0, 0, 812.89%, 127, 0, 0, 18.46, 37199, 21827, 777.34%, 2081, 1990
1705969434, 1, 110, 393, 0, 0, 812.89%, 127, 0, 0, 51.33, 37199, 21854, 777.34%, 2081, 1990
1705969435, 1, 110, 393, 0, 0, 812.89%, 127, 0, 0, 5.31, 37199, 21856, 777.34%, 2081, 1990
1705969435, 1, 110, 393, 0, 0, 812.89%, 127, 0, 0, 237.24, 37202, 21946, 777.34%, 2081, 1990
1705969435, 1, 110, 393, 0, 0, 812.89%, 127, 0, 0, 12.31, 37202, 21950, 777.34%, 2081, 1990
1705969436, 1, 110, 393, 0, 0, 812.89%, 127, 0, 0, 12.88, 37202, 21956, 777.34%, 2081, 1990
1705969436, 1, 114, 393, 0, 0, 812.89%, 127, 0, 0, 2110.00, 37536, 22255, 777.34%, 2081, 1990
1705969436, 1, 116, 393, 0, 0, 812.89%, 127, 0, 0, 692.79, 37681, 22331, 777.34%, 2081, 1990
1705969437, 1, 116, 393, 0, 0, 812.89%, 127, 0, 0, 683.33, 37810, 22407, 777.34%, 2081, 1990
1705969437, 1, 116, 393, 0, 0, 812.89%, 128, 0, 0, 558.21, 37925, 22479, 777.34%, 2081, 1990
1705969437, 1, 120, 393, 0, 0, 812.89%, 129, 0, 0, 1249.17, 38153, 22627, 777.34%, 2081, 1990
1705969438, 1, 123, 393, 0, 0, 812.89%, 129, 0, 0, 1409.94, 38406, 22828, 777.34%, 2081, 1990
1705969438, 1, 124, 394, 0, 0, 812.89%, 130, 0, 0, 1126.67, 38590, 22982, 777.34%, 2081, 1990
1705969439, 1, 124, 394, 0, 0, 812.89%, 131, 0, 0, 161.21, 38657, 23048, 777.34%, 2081, 1990
1705969439, 1, 126, 395, 0, 0, 812.89%, 133, 0, 0, 920.00, 38725, 23256, 777.34%, 2081, 1990
1705969440, 1, 126, 396, 0, 0, 812.89%, 133, 0, 0, 142.34, 38730, 23369, 777.34%, 2081, 1990
1705969440, 1, 127, 396, 0, 0, 812.89%, 133, 0, 0, 566.67, 38790, 23479, 777.34%, 2081, 1990
1705969440, 1, 127, 396, 0, 0, 812.89%, 133, 0, 0, 820.00, 38945, 23570, 777.34%, 2081, 1990
1705969441, 1, 127, 396, 0, 0, 812.89%, 133, 0, 0, 342.95, 39014, 23608, 777.34%, 2081, 1990
1705969441, 1, 127, 396, 0, 0, 812.89%, 133, 0, 0, 536.42, 39111, 23673, 777.34%, 2081, 1990
1705969441, 1, 129, 397, 0, 0, 812.89%, 133, 0, 0, 610.22, 39228, 23747, 777.34%, 2081, 1990
1705969442, 1, 130, 397, 0, 0, 812.89%, 133, 0, 0, 1003.24, 39418, 23867, 777.34%, 2081, 1990
1705969443, 1, 131, 399, 0, 0, 812.89%, 133, 0, 0, 191.23, 39542, 23961, 777.34%, 2081, 1990
1705969443, 1, 131, 399, 0, 0, 812.89%, 134, 0, 0, 363.64, 39639, 24024, 777.34%, 2081, 1990
1705969444, 1, 131, 399, 0, 0, 812.89%, 135, 0, 0, 332.23, 39702, 24061, 777.34%, 2081, 1990
1705969444, 1, 132, 399, 0, 0, 812.89%, 135, 0, 0, 986.67, 39886, 24173, 777.34%, 2081, 1990
1705969444, 1, 135, 399, 0, 0, 812.89%, 135, 0, 0, 850.65, 40017, 24304, 777.34%, 2081, 1990
1705969445, 1, 138, 400, 0, 0, 812.89%, 135, 0, 0, 554.02, 40309, 24453, 777.73%, 2081, 1991
1705969445, 1, 141, 400, 0, 0, 812.89%, 135, 0, 0, 1480.39, 40654, 24561, 777.73%, 2081, 1991
1705969446, 1, 141, 400, 0, 0, 812.89%, 135, 0, 0, 553.33, 40752, 24629, 777.73%, 2081, 1991
1705969446, 1, 141, 400, 0, 0, 812.89%, 135, 0, 0, 729.64, 40887, 24718, 777.73%, 2081, 1991
1705969446, 1, 141, 400, 0, 0, 812.89%, 135, 0, 0, 743.33, 41016, 24812, 777.73%, 2081, 1991
1705969447, 1, 143, 400, 0, 0, 812.89%, 135, 0, 0, 345.12, 41128, 24905, 777.73%, 2081, 1991
1705969450, 1, 145, 400, 0, 0, 812.89%, 136, 0, 0, 147.04, 41394, 25041, 777.73%, 2081, 1991
1705969450, 1, 145, 400, 0, 0, 812.89%, 136, 0, 0, 2.44, 41395, 25041, 777.73%, 2081, 1991
1705969450, 1, 146, 400, 0, 0, 812.89%, 136, 0, 0, 433.33, 41476, 25090, 777.73%, 2081, 1991
1705969451, 1, 146, 400, 0, 0, 812.89%, 136, 0, 0, 50.00, 41483, 25098, 777.73%, 2081, 1991
1705969451, 1, 146, 400, 0, 0, 812.89%, 136, 0, 0, 3.28, 41484, 25098, 777.73%, 2081, 1991
1705969451, 1, 146, 400, 0, 0, 812.89%, 136, 0, 0, 2.15, 41485, 25098, 777.73%, 2081, 1991
1705969452, 1, 150, 400, 0, 0, 812.89%, 136, 0, 0, 1116.67, 41704, 25214, 777.73%, 2081, 1991
1705969452, 1, 150, 400, 0, 0, 812.89%, 136, 0, 0, 2.53, 41704, 25215, 777.73%, 2081, 1991
1705969453, 1, 151, 400, 0, 0, 812.89%, 136, 0, 0, 127.63, 41777, 25239, 777.73%, 2081, 1991
1705969453, 1, 151, 400, 0, 0, 812.89%, 136, 0, 0, 2.11, 41777, 25240, 777.73%, 2081, 1991
1705969454, 1, 158, 400, 0, 0, 812.89%, 136, 0, 0, 1666.67, 42147, 25370, 777.73%, 2081, 1991
1705969454, 1, 158, 401, 0, 0, 812.89%, 136, 0, 0, 2.43, 42147, 25371, 777.73%, 2081, 1991
1705969454, 1, 160, 402, 0, 0, 812.89%, 136, 0, 0, 1233.33, 42416, 25472, 778.13%, 2081, 1992
1705969455, 1, 167, 403, 0, 0, 812.89%, 136, 0, 0, 963.25, 42650, 25605, 778.13%, 2081, 1992
1705969455, 1, 167, 403, 0, 0, 812.89%, 136, 0, 0, 754.72, 42749, 25746, 778.13%, 2081, 1992
1705969455, 1, 167, 403, 0, 0, 812.89%, 137, 0, 0, 1086.67, 42903, 25918, 778.13%, 2081, 1992
1705969456, 1, 173, 403, 0, 0, 812.89%, 137, 0, 0, 1829.11, 43287, 26112, 778.13%, 2081, 1992
1705969456, 1, 177, 403, 0, 0, 812.89%, 137, 0, 0, 1020.05, 43540, 26266, 778.13%, 2081, 1992
1705969456, 1, 182, 403, 0, 0, 812.89%, 137, 0, 0, 1132.26, 43758, 26399, 778.13%, 2081, 1992
1705969457, 1, 192, 403, 0, 0, 812.89%, 137, 0, 0, 1866.67, 44155, 26562, 778.13%, 2081, 1992
1705969457, 1, 195, 403, 0, 0, 812.89%, 137, 0, 0, 1523.33, 44490, 26684, 778.13%, 2081, 1992
1705969457, 1, 199, 403, 0, 0, 812.89%, 137, 0, 0, 1506.58, 44835, 26797, 778.13%, 2081, 1992
1705969458, 1, 204, 403, 0, 0, 812.89%, 138, 0, 0, 254.57, 44934, 26879, 778.13%, 2081, 1992
1705969458, 1, 211, 403, 0, 0, 812.89%, 138, 0, 0, 2700.00, 45535, 27088, 778.13%, 2081, 1992
1705969458, 1, 218, 403, 0, 0, 812.89%, 138, 0, 0, 2920.00, 46055, 27444, 778.13%, 2081, 1992
1705969460, 1, 223, 403, 0, 0, 812.89%, 139, 0, 0, 267.54, 46290, 27556, 778.13%, 2081, 1992
1705969460, 1, 224, 403, 0, 0, 812.89%, 140, 0, 0, 483.10, 46445, 27644, 778.13%, 2081, 1992
1705969461, 1, 235, 404, 0, 0, 812.89%, 140, 0, 0, 886.67, 46512, 27843, 778.13%, 2081, 1992
1705969461, 1, 236, 404, 0, 0, 812.89%, 140, 0, 0, 900.33, 46516, 28110, 778.13%, 2081, 1992
1705969461, 1, 242, 405, 0, 0, 812.89%, 140, 0, 0, 383.65, 46535, 28213, 778.13%, 2081, 1992
1705969467, 1, 242, 406, 0, 0, 813.67%, 140, 0, 0, 34.43, 46538, 28414, 778.13%, 2083, 1992
1705969467, 1, 246, 406, 0, 0, 813.67%, 140, 0, 0, 823.33, 46544, 28655, 778.13%, 2083, 1992
1705969468, 1, 246, 406, 0, 0, 813.67%, 140, 0, 0, 2.22, 46544, 28656, 778.13%, 2083, 1992
1705969469, 1, 246, 406, 0, 0, 813.67%, 140, 0, 0, 1.42, 46544, 28657, 778.13%, 2083, 1992
1705969469, 1, 246, 406, 0, 0, 813.67%, 140, 0, 0, 286.18, 46546, 28742, 778.13%, 2083, 1992
1705969469, 1, 246, 406, 0, 0, 813.67%, 140, 0, 0, 383.65, 46547, 28863, 778.13%, 2083, 1992
1705969470, 1, 251, 406, 0, 0, 813.67%, 140, 0, 0, 736.67, 46621, 29010, 778.13%, 2083, 1992
1705969470, 1, 252, 406, 0, 0, 813.67%, 140, 0, 0, 170.00, 46649, 29033, 778.13%, 2083, 1992
1705969472, 1, 255, 407, 0, 0, 813.67%, 140, 0, 0, 66.23, 46709, 29103, 778.13%, 2083, 1992
1705969472, 1, 257, 407, 0, 0, 813.67%, 141, 0, 0, 810.63, 46839, 29217, 778.13%, 2083, 1992
1705969473, 1, 257, 407, 0, 0, 813.67%, 142, 0, 0, 161.43, 46928, 29308, 778.13%, 2083, 1992
1705969473, 1, 257, 407, 0, 0, 813.67%, 142, 0, 0, 354.30, 46986, 29357, 778.13%, 2083, 1992
1705969474, 1, 257, 407, 0, 0, 813.67%, 142, 0, 0, 103.33, 47000, 29374, 778.13%, 2083, 1992
1705969474, 1, 257, 407, 0, 0, 813.67%, 142, 0, 0, 212.22, 47028, 29412, 778.13%, 2083, 1992
1705969474, 1, 257, 407, 0, 0, 813.67%, 143, 0, 0, 180.72, 47058, 29442, 778.13%, 2083, 1992
1705969475, 1, 257, 407, 0, 0, 813.67%, 143, 0, 0, 440.00, 47131, 29501, 778.13%, 2083, 1992
1705969475, 1, 258, 407, 0, 0, 813.67%, 143, 0, 0, 796.70, 47345, 29577, 778.13%, 2083, 1992
1705969475, 1, 260, 407, 0, 0, 813.67%, 143, 0, 0, 680.00, 47417, 29709, 778.13%, 2083, 1992
1705969476, 1, 260, 407, 0, 0, 813.67%, 143, 0, 0, 431.64, 47475, 29872, 778.13%, 2083, 1992
1705969476, 1, 260, 407, 0, 0, 813.67%, 143, 0, 0, 270.00, 47498, 29930, 778.13%, 2083, 1992
1705969477, 1, 260, 407, 0, 0, 813.67%, 143, 0, 0, 536.67, 47539, 30050, 778.13%, 2083, 1992
1705969477, 1, 263, 407, 0, 0, 813.67%, 143, 0, 0, 403.33, 47573, 30137, 778.13%, 2083, 1992
1705969477, 1, 264, 407, 0, 0, 813.67%, 143, 0, 0, 453.33, 47645, 30201, 778.13%, 2083, 1992
1705969477, 1, 265, 407, 0, 0, 813.67%, 143, 0, 0, 213.62, 47679, 30236, 778.13%, 2083, 1992
1705969478, 1, 265, 407, 0, 0, 813.67%, 143, 0, 0, 147.87, 47722, 30273, 778.13%, 2083, 1992
1705969478, 1, 265, 407, 0, 0, 813.67%, 143, 0, 0, 451.83, 47810, 30321, 778.13%, 2083, 1992
1705969481, 1, 265, 407, 0, 0, 813.67%, 143, 0, 0, 22.30, 47839, 30346, 778.13%, 2083, 1992
1705969481, 1, 265, 407, 0, 0, 813.67%, 144, 0, 0, 39.37, 47852, 30353, 778.13%, 2083, 1992
1705969482, 1, 265, 407, 0, 0, 813.67%, 144, 0, 0, 379.63, 47915, 30413, 778.13%, 2083, 1992
1705969483, 1, 265, 407, 0, 0, 813.67%, 144, 0, 0, 0.82, 47916, 30413, 778.13%, 2083, 1992
1705969483, 1, 265, 408, 0, 0, 813.67%, 144, 0, 0, 523.33, 47992, 30494, 778.13%, 2083, 1992
1705969483, 1, 265, 408, 0, 0, 813.67%, 144, 0, 0, 345.51, 48039, 30551, 778.13%, 2083, 1992
1705969484, 1, 269, 409, 0, 0, 813.67%, 144, 0, 0, 114.23, 48095, 30605, 778.13%, 2083, 1992
1705969486, 1, 269, 409, 0, 0, 813.67%, 144, 0, 0, 0.57, 48095, 30606, 778.13%, 2083, 1992
1705969486, 1, 270, 409, 0, 0, 813.67%, 144, 0, 0, 619.32, 48122, 30797, 778.13%, 2083, 1992
1705969487, 1, 273, 409, 0, 0, 813.67%, 144, 0, 0, 1963.33, 48446, 31062, 778.13%, 2083, 1992
1705969488, 1, 273, 410, 0, 0, 813.67%, 144, 0, 0, 73.33, 48533, 31085, 778.52%, 2083, 1993
1705969489, 1, 283, 410, 0, 0, 813.67%, 145, 0, 0, 483.02, 48699, 31232, 778.52%, 2083, 1993
1705969489, 1, 286, 410, 0, 0, 813.67%, 147, 0, 0, 318.03, 48735, 31293, 778.52%, 2083, 1993
1705969489, 1, 293, 410, 0, 0, 813.67%, 148, 0, 0, 693.75, 48849, 31401, 778.52%, 2083, 1993
1705969490, 1, 299, 410, 0, 0, 813.67%, 148, 0, 0, 1143.33, 49027, 31566, 778.52%, 2083, 1993
1705969490, 1, 304, 410, 0, 0, 813.67%, 148, 0, 0, 973.33, 49187, 31698, 778.52%, 2083, 1993
1705969490, 1, 307, 410, 0, 0, 813.67%, 148, 0, 0, 973.94, 49386, 31798, 778.52%, 2083, 1993
1705969491, 1, 311, 410, 0, 0, 813.67%, 148, 0, 0, 394.98, 49449, 31861, 778.52%, 2083, 1993
1705969491, 1, 313, 410, 0, 0, 813.67%, 148, 0, 0, 240.00, 49482, 31900, 778.52%, 2083, 1993
1705969491, 1, 316, 410, 0, 0, 813.67%, 148, 0, 0, 474.16, 49582, 31956, 778.52%, 2083, 1993
1705969492, 1, 316, 410, 0, 0, 813.67%, 148, 0, 0, 2.26, 49583, 31956, 778.52%, 2083, 1993
1705969492, 1, 316, 410, 0, 0, 813.67%, 148, 0, 0, 828.38, 49780, 32010, 778.52%, 2083, 1993
1705969492, 1, 320, 411, 0, 0, 813.67%, 148, 0, 0, 381.11, 49834, 32073, 778.52%, 2083, 1993
1705969493, 1, 321, 411, 0, 0, 813.67%, 149, 0, 0, 364.24, 49836, 32181, 778.52%, 2083, 1993
1705969493, 1, 321, 411, 0, 0, 813.67%, 149, 0, 0, 683.33, 49838, 32384, 778.52%, 2083, 1993
1705969493, 1, 324, 411, 0, 0, 813.67%, 149, 0, 0, 566.67, 49878, 32514, 778.52%, 2083, 1993
1705969494, 1, 327, 411, 0, 0, 813.67%, 149, 0, 0, 583.33, 49967, 32600, 778.52%, 2083, 1993
1705969494, 1, 327, 411, 0, 0, 813.67%, 150, 0, 0, 91.74, 50007, 32640, 778.52%, 2083, 1993
1705969495, 1, 327, 411, 0, 0, 813.67%, 151, 0, 0, 66.36, 50030, 32660, 778.52%, 2083, 1993
1705969495, 1, 327, 411, 0, 0, 813.67%, 152, 0, 0, 463.95, 50112, 32726, 778.52%, 2083, 1993
1705969496, 1, 327, 411, 0, 0, 813.67%, 152, 0, 0, 352.56, 50161, 32787, 778.52%, 2083, 1993
1705969496, 1, 327, 411, 0, 0, 813.67%, 153, 0, 0, 228.48, 50196, 32821, 778.52%, 2083, 1993
1705969496, 1, 327, 411, 0, 0, 813.67%, 153, 0, 0, 376.67, 50254, 32876, 778.52%, 2083, 1993
1705969497, 1, 328, 411, 0, 0, 813.67%, 153, 0, 0, 303.33, 50303, 32918, 778.52%, 2083, 1993
1705969497, 1, 328, 411, 0, 0, 813.67%, 153, 0, 0, 316.67, 50350, 32966, 778.52%, 2083, 1993
1705969497, 1, 328, 411, 0, 0, 813.67%, 153, 0, 0, 426.67, 50422, 33022, 778.52%, 2083, 1993
1705969498, 1, 328, 411, 0, 0, 813.67%, 153, 0, 0, 1.22, 50422, 33023, 778.52%, 2083, 1993
1705969499, 1, 328, 411, 0, 0, 813.67%, 153, 0, 0, 145.79, 50462, 33047, 778.52%, 2083, 1993
1705969499, 1, 328, 411, 0, 0, 813.67%, 154, 0, 0, 70.09, 50489, 33061, 778.52%, 2083, 1993
1705969499, 1, 328, 411, 0, 0, 813.67%, 154, 0, 0, 573.33, 50579, 33143, 778.52%, 2083, 1993
1705969500, 1, 328, 411, 0, 0, 813.67%, 155, 0, 0, 420.00, 50637, 33211, 778.52%, 2083, 1993
1705969500, 1, 330, 411, 0, 0, 813.67%, 155, 0, 0, 438.54, 50709, 33271, 778.52%, 2083, 1993
1705969500, 1, 330, 411, 0, 0, 813.67%, 155, 0, 0, 483.33, 50768, 33357, 778.52%, 2083, 1993
1705969501, 1, 330, 411, 0, 0, 813.67%, 155, 0, 0, 209.30, 50799, 33389, 778.52%, 2083, 1993
1705969501, 1, 330, 411, 0, 0, 813.67%, 155, 0, 0, 493.33, 50872, 33464, 778.52%, 2083, 1993
1705969501, 1, 330, 411, 0, 0, 813.67%, 155, 0, 0, 438.49, 50936, 33539, 778.52%, 2083, 1993
1705969502, 1, 330, 411, 0, 0, 813.67%, 155, 0, 0, 726.67, 51040, 33653, 778.52%, 2083, 1993
1705969502, 1, 330, 412, 0, 0, 813.67%, 155, 0, 0, 8.29, 51043, 33658, 778.52%, 2083, 1993
1705969503, 1, 333, 412, 0, 0, 813.67%, 155, 0, 0, 255.66, 51069, 33711, 778.52%, 2083, 1993
1705969503, 1, 339, 412, 0, 0, 813.67%, 155, 0, 0, 1290.00, 51321, 33846, 778.52%, 2083, 1993
1705969504, 1, 341, 412, 0, 0, 813.67%, 156, 0, 0, 629.00, 51542, 33959, 778.52%, 2083, 1993
1705969504, 1, 343, 413, 0, 0, 813.67%, 156, 0, 0, 269.10, 51575, 34007, 778.52%, 2083, 1993
1705969504, 1, 347, 413, 0, 0, 813.67%, 156, 0, 0, 496.75, 51636, 34099, 778.52%, 2083, 1993
1705969505, 1, 352, 413, 0, 0, 813.67%, 156, 0, 0, 473.51, 51710, 34168, 778.52%, 2083, 1993
1705969505, 1, 352, 413, 0, 0, 813.67%, 156, 0, 0, 490.00, 51801, 34224, 778.52%, 2083, 1993
1705969505, 1, 352, 413, 0, 0, 813.67%, 156, 0, 0, 426.67, 51872, 34281, 778.52%, 2083, 1993
1705969505, 1, 352, 413, 0, 0, 813.67%, 156, 0, 0, 342.19, 51942, 34314, 778.52%, 2083, 1993
1705969506, 1, 352, 413, 0, 0, 813.67%, 156, 0, 0, 264.90, 51982, 34354, 778.52%, 2083, 1993
1705969506, 1, 352, 413, 0, 0, 813.67%, 156, 0, 0, 523.33, 52075, 34418, 778.52%, 2083, 1993
1705969506, 1, 354, 413, 0, 0, 813.67%, 157, 0, 0, 316.22, 52129, 34481, 778.52%, 2083, 1993
1705969507, 1, 359, 413, 0, 0, 813.67%, 158, 0, 0, 516.67, 52184, 34581, 778.52%, 2083, 1993
1705969507, 1, 362, 413, 0, 0, 813.67%, 158, 0, 0, 323.43, 52229, 34634, 778.52%, 2083, 1993
1705969507, 1, 366, 414, 0, 0, 813.67%, 158, 0, 0, 493.33, 52306, 34705, 778.52%, 2083, 1993
1705969508, 1, 367, 414, 0, 0, 813.67%, 158, 0, 0, 14.23, 52310, 34708, 778.52%, 2083, 1993
1705969508, 1, 371, 415, 0, 0, 813.67%, 158, 0, 0, 240.00, 52349, 34741, 778.52%, 2083, 1993
1705969508, 1, 372, 416, 0, 0, 813.67%, 158, 0, 0, 96.30, 52367, 34762, 778.52%, 2083, 1993
1705969509, 1, 376, 417, 0, 0, 813.67%, 158, 0, 0, 339.58, 52432, 34842, 778.52%, 2083, 1993
1705969510, 1, 379, 417, 0, 0, 813.67%, 159, 0, 0, 149.04, 52470, 34897, 778.52%, 2083, 1993
1705969510, 1, 382, 417, 0, 0, 813.67%, 159, 0, 0, 323.81, 52521, 34948, 778.52%, 2083, 1993
1705969510, 1, 383, 417, 0, 0, 813.67%, 159, 0, 0, 95.38, 52535, 34967, 778.52%, 2083, 1993
1705969511, 1, 386, 417, 0, 0, 813.67%, 159, 0, 0, 430.00, 52581, 35050, 778.52%, 2083, 1993
1705969512, 1, 387, 417, 0, 0, 813.67%, 159, 0, 0, 10.76, 52585, 35063, 778.52%, 2083, 1993
1705969514, 1, 387, 418, 0, 0, 813.67%, 159, 0, 0, 7.67, 52592, 35068, 778.52%, 2083, 1993
1705969515, 1, 392, 419, 0, 0, 813.67%, 159, 0, 0, 202.88, 52688, 35183, 778.52%, 2083, 1993
1705969517, 1, 392, 419, 0, 0, 813.67%, 160, 0, 0, 64.73, 52758, 35258, 778.52%, 2083, 1993
1705969518, 1, 392, 420, 0, 0, 813.67%, 160, 0, 0, 71.53, 52812, 35305, 778.52%, 2083, 1993
1705969519, 1, 394, 420, 0, 0, 813.67%, 161, 0, 0, 254.78, 52926, 35404, 778.52%, 2083, 1993
1705969539, 1, 402, 421, 0, 0, 813.67%, 161, 0, 0, 29.11, 53317, 35584, 778.52%, 2083, 1993
1705969539, 1, 402, 421, 0, 0, 813.67%, 161, 0, 0, 1.94, 53318, 35584, 778.52%, 2083, 1993
1705969540, 1, 402, 421, 0, 0, 813.67%, 161, 0, 0, 1.31, 53318, 35585, 778.52%, 2083, 1993
1705969542, 1, 402, 421, 0, 0, 813.67%, 161, 0, 0, 0.42, 53319, 35585, 778.52%, 2083, 1993
1705969543, 1, 402, 421, 0, 0, 813.67%, 161, 0, 0, 2.11, 53319, 35586, 778.52%, 2083, 1993
1705969543, 1, 405, 421, 0, 0, 813.67%, 161, 0, 0, 823.92, 53329, 35824, 778.52%, 2083, 1993
1705969544, 1, 405, 421, 0, 0, 813.67%, 161, 0, 0, 2.13, 53329, 35825, 778.52%, 2083, 1993
1705969544, 1, 405, 421, 0, 0, 813.67%, 161, 0, 0, 4.54, 53329, 35827, 778.52%, 2083, 1993
1705969546, 1, 405, 421, 0, 0, 813.67%, 161, 0, 0, 0.59, 53329, 35828, 778.52%, 2083, 1993
1705969547, 1, 408, 421, 0, 0, 813.67%, 161, 0, 0, 321.11, 53371, 36005, 778.52%, 2083, 1993
1705969547, 1, 412, 423, 0, 0, 813.67%, 161, 0, 0, 450.87, 53531, 36079, 778.91%, 2083, 1994
1705969547, 1, 415, 424, 0, 0, 813.67%, 161, 0, 0, 289.89, 53583, 36136, 778.91%, 2083, 1994
1705969549, 1, 415, 425, 0, 0, 813.67%, 161, 0, 0, 14.86, 53595, 36141, 778.91%, 2083, 1994
1705969549, 1, 418, 425, 0, 0, 813.67%, 162, 0, 0, 189.56, 53640, 36194, 778.91%, 2083, 1994
1705969550, 1, 422, 426, 0, 0, 813.67%, 162, 0, 0, 545.45, 53846, 36264, 778.91%, 2083, 1994
1705969550, 1, 423, 427, 0, 0, 813.67%, 162, 0, 0, 128.95, 53870, 36293, 778.91%, 2083, 1994
1705969552, 1, 423, 427, 0, 0, 813.67%, 162, 0, 0, 7.80, 53877, 36298, 778.91%, 2083, 1994
1705969553, 1, 425, 428, 0, 0, 813.67%, 162, 0, 0, 46.75, 53899, 36322, 778.91%, 2083, 1994
1705969553, 1, 427, 429, 0, 0, 813.67%, 163, 0, 0, 190.98, 53934, 36359, 778.91%, 2083, 1994
1705969557, 1, 428, 430, 0, 0, 813.67%, 163, 0, 0, 13.39, 53955, 36391, 778.91%, 2083, 1994
1705969557, 2, 0, 430, 0, 0, 813.67%, 164, 0, 0, 466.67, 54062, 36424, 778.91%, 2083, 1994
1705969557, 2, 3, 430, 0, 0, 813.67%, 164, 0, 0, 2170.00, 54632, 36505, 778.91%, 2083, 1994
1705969558, 2, 4, 430, 0, 0, 813.67%, 164, 0, 0, 1316.61, 55006, 36551, 778.91%, 2083, 1994
1705969558, 2, 8, 430, 0, 0, 813.67%, 164, 0, 0, 975.24, 55419, 36650, 778.91%, 2083, 1994
1705969559, 2, 10, 430, 0, 0, 813.67%, 164, 0, 0, 1726.67, 55850, 36737, 778.91%, 2083, 1994
1705969559, 2, 14, 430, 0, 0, 813.67%, 164, 0, 0, 914.73, 56056, 36885, 778.91%, 2083, 1994
1705969559, 2, 16, 430, 0, 0, 813.67%, 164, 0, 0, 1073.33, 56335, 36928, 778.91%, 2083, 1994
1705969560, 2, 17, 430, 0, 0, 813.67%, 164, 0, 0, 1466.67, 56697, 37006, 778.91%, 2083, 1994
1705969560, 2, 19, 430, 0, 0, 813.67%, 164, 0, 0, 1383.33, 57069, 37049, 778.91%, 2083, 1994
1705969560, 2, 20, 430, 0, 0, 813.67%, 164, 0, 0, 1740.00, 57508, 37132, 778.91%, 2083, 1994
1705969560, 2, 28, 430, 0, 0, 813.67%, 164, 0, 0, 2380.00, 58110, 37244, 778.91%, 2083, 1994
1705969561, 2, 33, 430, 0, 0, 813.67%, 164, 0, 0, 2420.00, 58674, 37406, 778.91%, 2083, 1994
1705969561, 2, 43, 430, 0, 0, 813.67%, 164, 0, 0, 1767.80, 59163, 37488, 778.91%, 2083, 1994
1705969561, 2, 58, 430, 0, 0, 813.67%, 164, 0, 0, 2383.33, 59649, 37717, 778.91%, 2083, 1994
1705969562, 2, 60, 430, 0, 0, 813.67%, 164, 0, 0, 1980.00, 60126, 37834, 778.91%, 2083, 1994
1705969562, 2, 67, 430, 0, 0, 813.67%, 164, 0, 0, 1280.00, 60427, 37917, 778.91%, 2083, 1994
1705969562, 2, 71, 430, 0, 0, 813.67%, 165, 0, 0, 1575.47, 60764, 38081, 778.91%, 2083, 1994
1705969563, 2, 74, 430, 0, 0, 813.67%, 165, 0, 0, 1646.67, 61156, 38183, 778.91%, 2083, 1994
1705969563, 2, 80, 430, 0, 0, 813.67%, 165, 0, 0, 1843.33, 61526, 38366, 778.91%, 2083, 1994
1705969563, 2, 84, 430, 0, 0, 813.67%, 165, 0, 0, 2603.33, 62010, 38663, 778.91%, 2083, 1994
1705969564, 2, 86, 430, 0, 0, 813.67%, 165, 0, 0, 1606.67, 62314, 38841, 778.91%, 2083, 1994
1705969564, 2, 86, 430, 0, 0, 813.67%, 165, 0, 0, 724.25, 62315, 39058, 778.91%, 2083, 1994
1705969564, 2, 88, 430, 0, 0, 813.67%, 165, 0, 0, 1263.33, 62505, 39247, 778.91%, 2083, 1994
1705969565, 2, 90, 430, 0, 0, 813.67%, 165, 0, 0, 683.85, 62799, 39351, 778.91%, 2083, 1994
1705969565, 2, 90, 430, 0, 0, 813.67%, 168, 0, 0, 711.04, 62916, 39453, 778.91%, 2083, 1994
1705969565, 2, 90, 430, 0, 0, 813.67%, 170, 0, 0, 787.30, 63038, 39579, 778.91%, 2083, 1994
1705969566, 2, 95, 430, 0, 0, 813.67%, 170, 0, 0, 1532.31, 63388, 39727, 778.91%, 2083, 1994
1705969566, 2, 99, 430, 0, 0, 813.67%, 170, 0, 0, 2070.00, 63717, 40019, 778.91%, 2083, 1994
1705969568, 2, 103, 430, 0, 0, 813.67%, 170, 0, 0, 249.41, 64052, 40215, 778.91%, 2083, 1994
1705969568, 2, 109, 430, 0, 0, 813.67%, 170, 0, 0, 2326.67, 64485, 40480, 778.91%, 2083, 1994
1705969569, 2, 110, 430, 0, 0, 813.67%, 170, 0, 0, 480.00, 64533, 40576, 778.91%, 2083, 1994
1705969569, 2, 110, 430, 0, 0, 813.67%, 170, 0, 0, 903.85, 64547, 40844, 778.91%, 2083, 1994
1705969569, 2, 110, 430, 0, 0, 813.67%, 170, 0, 0, 11.74, 64547, 40849, 778.91%, 2083, 1994
1705969570, 2, 112, 430, 0, 0, 813.67%, 170, 0, 0, 835.40, 64679, 40986, 778.91%, 2083, 1994
1705969570, 2, 116, 430, 0, 0, 813.67%, 170, 0, 0, 1196.43, 65009, 41125, 778.91%, 2083, 1994
1705969570, 2, 116, 430, 0, 0, 813.67%, 170, 0, 0, 243.33, 65065, 41142, 778.91%, 2083, 1994
1705969571, 2, 116, 430, 0, 0, 813.67%, 171, 0, 0, 566.67, 65167, 41210, 778.91%, 2083, 1994
1705969571, 2, 116, 430, 0, 0, 813.67%, 171, 0, 0, 439.87, 65250, 41266, 778.91%, 2083, 1994
1705969571, 2, 118, 430, 0, 0, 813.67%, 171, 0, 0, 1010.00, 65451, 41368, 778.91%, 2083, 1994
1705969572, 2, 122, 430, 0, 0, 813.67%, 171, 0, 0, 789.59, 65661, 41522, 778.91%, 2083, 1994
1705969572, 2, 124, 430, 0, 0, 813.67%, 172, 0, 0, 543.51, 65839, 41675, 778.91%, 2083, 1994
1705969573, 2, 124, 430, 0, 0, 813.67%, 172, 0, 0, 280.77, 65940, 41777, 778.91%, 2083, 1994
1705969573, 2, 125, 430, 0, 0, 813.67%, 172, 0, 0, 660.32, 66065, 41860, 778.91%, 2083, 1994
1705969574, 2, 126, 430, 0, 0, 813.67%, 173, 0, 0, 197.31, 66076, 41981, 778.91%, 2083, 1994
1705969575, 2, 126, 430, 0, 0, 813.67%, 173, 0, 0, 9.25, 66076, 41988, 778.91%, 2083, 1994
1705969575, 2, 126, 430, 0, 0, 813.67%, 173, 0, 0, 764.12, 66086, 42208, 778.91%, 2083, 1994
1705969576, 2, 127, 430, 0, 0, 813.67%, 173, 0, 0, 198.42, 66212, 42283, 778.91%, 2083, 1994
1705969576, 2, 127, 430, 0, 0, 813.67%, 173, 0, 0, 727.57, 66345, 42369, 778.91%, 2083, 1994
1705969577, 2, 127, 430, 0, 0, 813.67%, 173, 0, 0, 645.35, 66476, 42460, 778.91%, 2083, 1994
1705969577, 2, 129, 430, 0, 0, 813.67%, 173, 0, 0, 1053.33, 66672, 42580, 778.91%, 2083, 1994
1705969577, 2, 131, 430, 0, 0, 813.67%, 173, 0, 0, 1016.18, 66867, 42699, 778.91%, 2083, 1994
1705969578, 2, 131, 430, 0, 0, 813.67%, 173, 0, 0, 660.00, 66985, 42779, 778.91%, 2083, 1994
1705969578, 2, 131, 430, 0, 0, 813.67%, 173, 0, 0, 550.85, 67101, 42858, 778.91%, 2083, 1994
1705969578, 2, 131, 430, 0, 0, 813.67%, 173, 0, 0, 513.33, 67199, 42914, 778.91%, 2083, 1994
1705969579, 2, 133, 430, 0, 0, 813.67%, 173, 0, 0, 696.67, 67309, 43013, 778.91%, 2083, 1994
1705969579, 2, 138, 430, 0, 0, 813.67%, 173, 0, 0, 1486.67, 67559, 43209, 778.91%, 2083, 1994
1705969579, 2, 140, 430, 0, 0, 813.67%, 173, 0, 0, 1051.78, 67805, 43288, 778.91%, 2083, 1994
1705969580, 2, 141, 430, 0, 0, 813.67%, 173, 0, 0, 694.35, 67970, 43332, 778.91%, 2083, 1994
1705969580, 2, 141, 430, 0, 0, 813.67%, 173, 0, 0, 446.67, 68059, 43377, 778.91%, 2083, 1994
1705969580, 2, 141, 430, 0, 0, 813.67%, 173, 0, 0, 38.83, 68066, 43382, 778.91%, 2083, 1994
1705969581, 2, 141, 430, 0, 0, 813.67%, 173, 0, 0, 143.33, 68096, 43395, 778.91%, 2083, 1994
1705969581, 2, 141, 430, 0, 0, 813.67%, 173, 0, 0, 676.67, 68229, 43465, 778.91%, 2083, 1994
1705969581, 2, 141, 430, 0, 0, 813.67%, 173, 0, 0, 434.47, 68332, 43541, 778.91%, 2083, 1994
1705969582, 2, 144, 430, 0, 0, 813.67%, 173, 0, 0, 1316.67, 68553, 43715, 778.91%, 2083, 1994
1705969582, 2, 146, 430, 0, 0, 813.67%, 173, 0, 0, 1200.00, 68809, 43819, 778.91%, 2083, 1994
1705969582, 2, 150, 430, 0, 0, 813.67%, 173, 0, 0, 536.96, 68944, 43931, 778.91%, 2083, 1994
1705969583, 2, 151, 430, 0, 0, 813.67%, 173, 0, 0, 939.10, 69324, 44029, 778.91%, 2083, 1994
1705969583, 2, 158, 430, 0, 0, 813.67%, 173, 0, 0, 633.33, 69449, 44094, 778.91%, 2083, 1994
1705969583, 2, 161, 430, 0, 0, 813.67%, 173, 0, 0, 1963.33, 69876, 44256, 778.91%, 2083, 1994
1705969584, 2, 167, 430, 0, 0, 813.67%, 173, 0, 0, 1573.33, 70120, 44484, 778.91%, 2083, 1994
1705969588, 2, 167, 430, 0, 0, 813.67%, 174, 0, 0, 23.12, 70158, 44538, 778.91%, 2083, 1994
1705969588, 2, 167, 430, 0, 0, 813.67%, 175, 0, 0, 324.05, 70253, 44664, 778.91%, 2083, 1994
1705969590, 2, 170, 430, 0, 0, 813.67%, 175, 0, 0, 149.93, 70357, 44769, 778.91%, 2083, 1994
1705969593, 2, 170, 430, 0, 0, 813.67%, 175, 0, 0, 0.35, 70358, 44769, 778.91%, 2083, 1994
1705969594, 2, 172, 430, 0, 0, 813.67%, 176, 0, 0, 222.77, 70621, 44868, 778.91%, 2083, 1994
1705969595, 2, 177, 430, 0, 0, 813.67%, 176, 0, 0, 1527.87, 70911, 45044, 778.91%, 2083, 1994
1705969595, 2, 182, 430, 0, 0, 813.67%, 176, 0, 0, 1015.82, 71107, 45169, 778.91%, 2083, 1994
1705969597, 2, 192, 430, 0, 0, 813.67%, 176, 0, 0, 120.14, 71271, 45305, 778.91%, 2083, 1994
1705969598, 2, 195, 430, 0, 0, 813.67%, 176, 0, 0, 2093.57, 71816, 45476, 778.91%, 2083, 1994
1705969599, 2, 196, 430, 0, 0, 813.67%, 176, 0, 0, 148.38, 72037, 45516, 778.91%, 2083, 1994
1705969600, 2, 198, 430, 0, 0, 813.67%, 176, 0, 0, 206.67, 72077, 45538, 778.91%, 2083, 1994
1705969600, 2, 203, 430, 0, 0, 813.67%, 176, 0, 0, 940.00, 72254, 45643, 778.91%, 2083, 1994
1705969600, 2, 209, 430, 0, 0, 813.67%, 176, 0, 0, 1313.33, 72524, 45767, 778.91%, 2083, 1994
1705969601, 2, 211, 430, 0, 0, 813.67%, 177, 0, 0, 2050.00, 73015, 45891, 778.91%, 2083, 1994
1705969601, 2, 217, 430, 0, 0, 813.67%, 177, 0, 0, 2203.33, 73392, 46175, 778.91%, 2083, 1994
1705969603, 2, 219, 430, 0, 0, 813.67%, 178, 0, 0, 26.34, 73414, 46215, 778.91%, 2083, 1994
1705969604, 2, 221, 430, 0, 0, 813.67%, 178, 0, 0, 142.05, 73505, 46250, 778.91%, 2083, 1994
1705969604, 2, 228, 430, 0, 0, 813.67%, 178, 0, 0, 1676.67, 73833, 46425, 778.91%, 2083, 1994
1705969606, 2, 235, 430, 0, 0, 813.67%, 178, 0, 0, 230.55, 73875, 46629, 778.91%, 2083, 1994
1705969606, 2, 235, 430, 0, 0, 813.67%, 178, 0, 0, 298.08, 73877, 46720, 778.91%, 2083, 1994
1705969607, 2, 236, 430, 0, 0, 813.67%, 178, 0, 0, 195.55, 73878, 46842, 778.91%, 2083, 1994
1705969608, 2, 236, 430, 0, 0, 813.67%, 178, 0, 0, 0.88, 73878, 46843, 778.91%, 2083, 1994
1705969610, 2, 242, 430, 0, 0, 813.67%, 179, 0, 0, 82.97, 73893, 47036, 778.91%, 2083, 1994
1705969611, 2, 242, 430, 0, 0, 813.67%, 179, 0, 0, 0.91, 73893, 47037, 778.91%, 2083, 1994
1705969612, 2, 242, 430, 0, 0, 813.67%, 179, 0, 0, 1.17, 73893, 47038, 778.91%, 2083, 1994
1705969612, 2, 242, 430, 0, 0, 813.67%, 180, 0, 0, 409.84, 73895, 47161, 778.91%, 2083, 1994
1705969613, 2, 242, 430, 0, 0, 813.67%, 180, 0, 0, 80.88, 73895, 47205, 778.91%, 2083, 1994
1705969613, 2, 246, 430, 0, 0, 813.67%, 180, 0, 0, 626.67, 73895, 47393, 778.91%, 2083, 1994
1705969614, 2, 246, 430, 0, 0, 813.67%, 180, 0, 0, 1.51, 73895, 47394, 778.91%, 2083, 1994
1705969616, 2, 246, 430, 0, 0, 813.67%, 180, 0, 0, 0.49, 73895, 47395, 778.91%, 2083, 1994
1705969616, 2, 246, 430, 0, 0, 813.67%, 180, 0, 0, 473.33, 73900, 47532, 778.91%, 2083, 1994
1705969642, 2, 249, 430, 0, 0, 813.67%, 181, 0, 0, 8.63, 73929, 47727, 778.91%, 2083, 1994
1705969651, 2, 249, 430, 0, 0, 813.67%, 181, 0, 0, 0.11, 73929, 47728, 778.91%, 2083, 1994
1705969660, 2, 249, 430, 0, 0, 813.67%, 181, 0, 0, 0.12, 73929, 47729, 778.91%, 2083, 1994
1705969669, 2, 249, 430, 0, 0, 813.67%, 181, 0, 0, 0.11, 73929, 47730, 778.91%, 2083, 1994
1705969671, 2, 249, 430, 0, 0, 813.67%, 181, 0, 0, 0.44, 73930, 47730, 778.91%, 2083, 1994
1705969673, 2, 249, 430, 0, 0, 813.67%, 181, 0, 0, 0.56, 73931, 47730, 778.91%, 2083, 1994
1705969676, 2, 249, 430, 0, 0, 813.67%, 181, 0, 0, 0.35, 73932, 47730, 778.91%, 2083, 1994
1705969676, 2, 249, 430, 0, 0, 813.67%, 181, 0, 0, 1.75, 73933, 47730, 778.91%, 2083, 1994
1705969677, 2, 249, 430, 0, 0, 813.67%, 181, 0, 0, 2.67, 73934, 47730, 778.91%, 2083, 1994
1705969681, 2, 249, 430, 0, 0, 813.67%, 181, 0, 0, 0.22, 73934, 47731, 778.91%, 2083, 1994
1705969683, 2, 249, 430, 0, 0, 813.67%, 181, 0, 0, 0.41, 73934, 47732, 778.91%, 2083, 1994
1705969684, 2, 249, 430, 0, 0, 813.67%, 181, 0, 0, 1.30, 73935, 47732, 778.91%, 2083, 1994
1705969686, 2, 249, 430, 0, 0, 813.67%, 181, 0, 0, 0.58, 73935, 47733, 778.91%, 2083, 1994
1705969687, 2, 249, 430, 0, 0, 813.67%, 181, 0, 0, 1.36, 73935, 47734, 778.91%, 2083, 1994
1705969688, 2, 249, 430, 0, 0, 813.67%, 181, 0, 0, 0.80, 73935, 47735, 778.91%, 2083, 1994
1705969691, 2, 252, 430, 0, 0, 813.67%, 181, 0, 0, 32.62, 73981, 47801, 778.91%, 2083, 1994
1705969693, 2, 252, 430, 0, 0, 813.67%, 181, 0, 0, 0.49, 73981, 47802, 778.91%, 2083, 1994
1705969694, 2, 252, 430, 0, 0, 813.67%, 181, 0, 0, 0.99, 73982, 47802, 778.91%, 2083, 1994
1705969696, 2, 252, 430, 0, 0, 813.67%, 181, 0, 0, 0.58, 73983, 47802, 778.91%, 2083, 1994
1705969701, 2, 252, 430, 0, 0, 813.67%, 181, 0, 0, 0.22, 73984, 47802, 778.91%, 2083, 1994
1705969705, 2, 252, 430, 0, 0, 813.67%, 181, 0, 0, 0.22, 73985, 47802, 778.91%, 2083, 1994
1705969708, 2, 252, 430, 0, 0, 813.67%, 181, 0, 0, 0.35, 73986, 47802, 778.91%, 2083, 1994
1705969710, 2, 252, 430, 0, 0, 813.67%, 181, 0, 0, 0.65, 73987, 47802, 778.91%, 2083, 1994
1705969711, 2, 253, 430, 0, 0, 813.67%, 181, 0, 0, 0.81, 73987, 47803, 778.91%, 2083, 1994
1705969711, 2, 254, 430, 0, 0, 813.67%, 181, 0, 0, 35.96, 73988, 47818, 778.91%, 2083, 1994
1705969713, 2, 254, 430, 0, 0, 813.67%, 181, 0, 0, 0.63, 73988, 47819, 778.91%, 2083, 1994
1705969713, 2, 254, 430, 0, 0, 813.67%, 181, 0, 0, 7.54, 73988, 47822, 778.91%, 2083, 1994
1705969716, 2, 254, 430, 0, 0, 813.67%, 181, 0, 0, 0.43, 73988, 47823, 778.91%, 2083, 1994
1705969716, 2, 254, 430, 0, 0, 813.67%, 181, 0, 0, 2.20, 73988, 47824, 778.91%, 2083, 1994
1705969716, 2, 255, 430, 0, 0, 813.67%, 181, 0, 0, 412.35, 74080, 47899, 778.91%, 2083, 1994
1705969722, 2, 255, 430, 0, 0, 813.67%, 181, 0, 0, 0.17, 74081, 47899, 778.91%, 2083, 1994
1705969723, 2, 255, 430, 0, 0, 813.67%, 181, 0, 0, 2.37, 74081, 47900, 778.91%, 2083, 1994
1705969724, 2, 255, 430, 0, 0, 813.67%, 181, 0, 0, 1.12, 74082, 47900, 778.91%, 2083, 1994
1705969725, 2, 255, 430, 0, 0, 813.67%, 181, 0, 0, 0.76, 74083, 47900, 778.91%, 2083, 1994
1705969730, 2, 255, 430, 0, 0, 813.67%, 181, 0, 0, 0.21, 74084, 47900, 778.91%, 2083, 1994
1705969731, 2, 255, 430, 0, 0, 813.67%, 181, 0, 0, 0.95, 74085, 47900, 778.91%, 2083, 1994
1705969731, 2, 255, 430, 0, 0, 813.67%, 181, 0, 0, 2.67, 74086, 47900, 778.91%, 2083, 1994
1705969733, 2, 255, 430, 0, 0, 813.67%, 181, 0, 0, 0.48, 74087, 47900, 778.91%, 2083, 1994
1705969735, 2, 255, 430, 0, 0, 813.67%, 181, 0, 0, 0.50, 74087, 47901, 778.91%, 2083, 1994
1705969736, 2, 255, 430, 0, 0, 813.67%, 181, 0, 0, 8.84, 74091, 47903, 778.91%, 2083, 1994
1705969738, 2, 255, 430, 0, 0, 813.67%, 181, 0, 0, 0.38, 74092, 47903, 778.91%, 2083, 1994
1705969739, 2, 257, 430, 0, 0, 813.67%, 181, 0, 0, 780.00, 74205, 48024, 778.91%, 2083, 1994
1705969739, 2, 257, 430, 0, 0, 813.67%, 181, 0, 0, 1.94, 74206, 48024, 778.91%, 2083, 1994
1705969751, 2, 257, 430, 0, 0, 813.67%, 182, 0, 0, 8.58, 74247, 48085, 778.91%, 2083, 1994
1705969752, 2, 257, 430, 0, 0, 813.67%, 182, 0, 0, 2.50, 74248, 48085, 778.91%, 2083, 1994
1705969752, 2, 257, 430, 0, 0, 813.67%, 182, 0, 0, 2.93, 74248, 48086, 778.91%, 2083, 1994
1705969752, 2, 257, 430, 0, 0, 813.67%, 182, 0, 0, 2.34, 74249, 48086, 778.91%, 2083, 1994
1705969753, 2, 257, 430, 0, 0, 813.67%, 182, 0, 0, 310.06, 74324, 48162, 778.91%, 2083, 1994
1705969755, 2, 257, 430, 0, 0, 813.67%, 182, 0, 0, 0.57, 74324, 48163, 778.91%, 2083, 1994
1705969755, 2, 257, 430, 0, 0, 813.67%, 182, 0, 0, 726.67, 74433, 48272, 778.91%, 2083, 1994
1705969756, 2, 257, 430, 0, 0, 813.67%, 182, 0, 0, 0.69, 74433, 48273, 778.91%, 2083, 1994
1705969757, 2, 257, 430, 0, 0, 813.67%, 182, 0, 0, 2.56, 74433, 48274, 778.91%, 2083, 1994
1705969757, 2, 258, 430, 0, 0, 813.67%, 182, 0, 0, 92.59, 74453, 48304, 778.91%, 2083, 1994
1705969758, 2, 258, 430, 0, 0, 813.67%, 182, 0, 0, 363.33, 74535, 48331, 778.91%, 2083, 1994
1705969758, 2, 258, 430, 0, 0, 813.67%, 182, 0, 0, 2.05, 74536, 48331, 778.91%, 2083, 1994
1705969758, 2, 258, 430, 0, 0, 813.67%, 182, 0, 0, 586.67, 74655, 48388, 778.91%, 2083, 1994
1705969760, 2, 258, 430, 0, 0, 813.67%, 182, 0, 0, 0.66, 74656, 48388, 778.91%, 2083, 1994
1705969760, 2, 260, 430, 0, 0, 813.67%, 182, 0, 0, 103.33, 74672, 48403, 778.91%, 2083, 1994
1705969760, 2, 260, 430, 0, 0, 813.67%, 182, 0, 0, 80.00, 74683, 48416, 778.91%, 2083, 1994
1705969763, 2, 260, 430, 0, 0, 813.67%, 182, 0, 0, 0.38, 74684, 48416, 778.91%, 2083, 1994
1705969764, 2, 260, 430, 0, 0, 813.67%, 182, 0, 0, 668.95, 74752, 48641, 778.91%, 2083, 1994
1705969764, 2, 261, 430, 0, 0, 813.67%, 182, 0, 0, 817.76, 74845, 48898, 778.91%, 2083, 1994
1705969765, 2, 265, 430, 0, 0, 813.67%, 182, 0, 0, 335.79, 74954, 49017, 778.91%, 2083, 1994
1705969765, 2, 265, 430, 0, 0, 813.67%, 182, 0, 0, 763.33, 75064, 49136, 778.91%, 2083, 1994
1705969765, 2, 265, 430, 0, 0, 813.67%, 182, 0, 0, 34.21, 75071, 49142, 778.91%, 2083, 1994
1705969769, 2, 265, 430, 0, 0, 813.67%, 183, 0, 0, 32.78, 75128, 49204, 778.91%, 2083, 1994
1705969769, 2, 265, 430, 0, 0, 813.67%, 183, 0, 0, 287.58, 75183, 49237, 778.91%, 2083, 1994
1705969773, 2, 265, 430, 0, 0, 813.67%, 183, 0, 0, 0.25, 75183, 49238, 778.91%, 2083, 1994
1705969774, 2, 265, 430, 0, 0, 813.67%, 183, 0, 0, 1.91, 75184, 49238, 778.91%, 2083, 1994
1705969774, 2, 265, 430, 0, 0, 813.67%, 183, 0, 0, 20.00, 75187, 49241, 778.91%, 2083, 1994
1705969774, 2, 265, 430, 0, 0, 813.67%, 183, 0, 0, 367.98, 75251, 49308, 778.91%, 2083, 1994
1705969775, 2, 265, 430, 0, 0, 813.67%, 183, 0, 0, 13.74, 75253, 49311, 778.91%, 2083, 1994
1705969775, 2, 265, 430, 0, 0, 813.67%, 183, 0, 0, 218.14, 75297, 49356, 778.91%, 2083, 1994
1705969776, 2, 265, 430, 0, 0, 813.67%, 183, 0, 0, 69.20, 75314, 49370, 778.91%, 2083, 1994
1705969777, 2, 266, 430, 0, 0, 813.67%, 183, 0, 0, 27.81, 75325, 49384, 778.91%, 2083, 1994
1705969777, 2, 269, 430, 0, 0, 813.67%, 183, 0, 0, 172.29, 75377, 49429, 778.91%, 2083, 1994
1705969783, 2, 270, 430, 0, 0, 813.67%, 184, 0, 0, 26.11, 75393, 49573, 778.91%, 2083, 1994
1705969784, 2, 270, 430, 0, 0, 813.67%, 184, 0, 0, 493.54, 75416, 49741, 778.91%, 2083, 1994
1705969784, 2, 272, 430, 0, 0, 813.67%, 184, 0, 0, 380.00, 75498, 49792, 778.91%, 2083, 1994
1705969785, 2, 272, 430, 0, 0, 813.67%, 184, 0, 0, 1.44, 75499, 49792, 778.91%, 2083, 1994
1705969789, 2, 272, 430, 0, 0, 813.67%, 184, 0, 0, 0.25, 75500, 49792, 778.91%, 2083, 1994
1705969789, 2, 275, 430, 0, 0, 813.67%, 184, 0, 0, 874.80, 75896, 49941, 778.91%, 2083, 1994
1705969802, 2, 275, 431, 0, 0, 813.67%, 184, 0, 0, 1.16, 75904, 49948, 778.91%, 2083, 1994
1705969804, 2, 275, 431, 0, 0, 813.67%, 184, 0, 0, 0.54, 75905, 49948, 778.91%, 2083, 1994
1705969805, 2, 275, 431, 0, 0, 813.67%, 184, 0, 0, 2.99, 75905, 49949, 778.91%, 2083, 1994
1705969806, 2, 275, 431, 0, 0, 813.67%, 184, 0, 0, 1.02, 75905, 49950, 778.91%, 2083, 1994
1705969806, 2, 275, 431, 0, 0, 813.67%, 184, 0, 0, 1.72, 75905, 49951, 778.91%, 2083, 1994
1705969806, 2, 276, 431, 0, 0, 813.67%, 184, 0, 0, 5.76, 75906, 49952, 778.91%, 2083, 1994
1705969807, 2, 276, 431, 0, 0, 813.67%, 184, 0, 0, 2.40, 75906, 49953, 778.91%, 2083, 1994
1705969807, 2, 276, 431, 0, 0, 813.67%, 184, 0, 0, 2.31, 75906, 49954, 778.91%, 2083, 1994
1705969808, 2, 277, 431, 0, 0, 813.67%, 184, 0, 0, 80.65, 75923, 49967, 778.91%, 2083, 1994
1705969808, 2, 277, 431, 0, 0, 813.67%, 184, 0, 0, 7.55, 75923, 49971, 778.91%, 2083, 1994
1705969809, 2, 278, 431, 0, 0, 813.67%, 184, 0, 0, 17.90, 75923, 49986, 778.91%, 2083, 1994
1705969809, 2, 278, 431, 0, 0, 813.67%, 184, 0, 0, 53.29, 75931, 49995, 778.91%, 2083, 1994
1705969811, 2, 278, 431, 0, 0, 813.67%, 184, 0, 0, 0.51, 75932, 49995, 778.91%, 2083, 1994
1705969812, 2, 283, 431, 0, 0, 813.67%, 184, 0, 0, 323.33, 75977, 50047, 778.91%, 2083, 1994
1705969812, 2, 284, 431, 0, 0, 813.67%, 184, 0, 0, 87.66, 75988, 50063, 778.91%, 2083, 1994
1705969812, 2, 289, 431, 0, 0, 813.67%, 184, 0, 0, 470.24, 76064, 50145, 778.91%, 2083, 1994
1705969813, 2, 297, 431, 0, 0, 813.67%, 184, 0, 0, 893.33, 76213, 50264, 778.91%, 2083, 1994
1705969815, 2, 298, 432, 0, 0, 814.45%, 184, 0, 0, 4.50, 76217, 50270, 778.91%, 2085, 1994
1705969815, 2, 303, 432, 0, 0, 814.45%, 184, 0, 0, 1282.80, 76430, 50497, 778.91%, 2085, 1994
1705969816, 2, 304, 432, 0, 0, 814.45%, 184, 0, 0, 47.62, 76451, 50517, 778.91%, 2085, 1994
1705969817, 2, 311, 432, 0, 0, 814.45%, 184, 0, 0, 723.44, 76723, 50674, 778.91%, 2085, 1994
1705969819, 2, 311, 433, 0, 0, 814.45%, 184, 0, 0, 6.73, 76729, 50683, 778.91%, 2085, 1994
1705969819, 2, 313, 433, 0, 0, 814.45%, 184, 0, 0, 117.06, 76754, 50717, 778.91%, 2085, 1994
1705969821, 2, 316, 433, 0, 0, 814.45%, 185, 0, 0, 250.85, 77029, 50811, 778.91%, 2085, 1994
1705969821, 2, 316, 433, 0, 0, 814.45%, 185, 0, 0, 123.14, 77074, 50824, 778.91%, 2085, 1994
1705969822, 2, 316, 433, 0, 0, 814.45%, 185, 0, 0, 3.24, 77075, 50824, 778.91%, 2085, 1994
1705969822, 2, 316, 433, 0, 0, 814.45%, 185, 0, 0, 1.32, 77075, 50825, 778.91%, 2085, 1994
1705969823, 2, 321, 433, 0, 0, 814.45%, 185, 0, 0, 926.67, 77122, 51056, 778.91%, 2085, 1994
1705969824, 2, 321, 433, 0, 0, 814.45%, 185, 0, 0, 0.90, 77122, 51057, 778.91%, 2085, 1994
1705969827, 2, 321, 433, 0, 0, 814.45%, 185, 0, 0, 0.30, 77122, 51058, 778.91%, 2085, 1994
1705969828, 2, 321, 433, 0, 0, 814.45%, 185, 0, 0, 1.08, 77122, 51059, 778.91%, 2085, 1994
1705969828, 2, 321, 433, 0, 0, 814.45%, 185, 0, 0, 510.00, 77124, 51210, 778.91%, 2085, 1994
1705969830, 2, 321, 433, 0, 0, 814.45%, 185, 0, 0, 0.54, 77124, 51211, 778.91%, 2085, 1994
1705969831, 2, 321, 433, 0, 0, 814.45%, 185, 0, 0, 1.10, 77124, 51212, 778.91%, 2085, 1994
1705969832, 2, 323, 433, 0, 0, 814.45%, 185, 0, 0, 121.05, 77132, 51319, 778.91%, 2085, 1994
1705969832, 2, 323, 433, 0, 0, 814.45%, 185, 0, 0, 26.73, 77137, 51326, 778.91%, 2085, 1994
1705969833, 2, 324, 433, 0, 0, 814.45%, 185, 0, 0, 122.52, 77157, 51343, 778.91%, 2085, 1994
1705969835, 2, 325, 434, 0, 0, 814.45%, 185, 0, 0, 9.46, 77165, 51353, 778.91%, 2085, 1994
1705969835, 2, 325, 434, 0, 0, 814.45%, 185, 0, 0, 1.59, 77166, 51353, 778.91%, 2085, 1994
1705969836, 2, 327, 434, 0, 0, 814.45%, 185, 0, 0, 220.00, 77206, 51379, 778.91%, 2085, 1994
1705969836, 2, 327, 434, 0, 0, 814.45%, 185, 0, 0, 2.16, 77206, 51380, 778.91%, 2085, 1994
1705969837, 2, 327, 434, 0, 0, 814.45%, 185, 0, 0, 2.12, 77207, 51380, 778.91%, 2085, 1994
1705969837, 2, 327, 434, 0, 0, 814.45%, 185, 0, 0, 330.77, 77268, 51448, 778.91%, 2085, 1994
1705969838, 2, 327, 434, 0, 0, 814.45%, 185, 0, 0, 0.76, 77268, 51449, 778.91%, 2085, 1994
1705969839, 2, 327, 434, 0, 0, 814.45%, 185, 0, 0, 2.14, 77269, 51449, 778.91%, 2085, 1994
1705969839, 2, 327, 434, 0, 0, 814.45%, 185, 0, 0, 643.33, 77358, 51553, 778.91%, 2085, 1994
1705969839, 2, 327, 434, 0, 0, 814.45%, 186, 0, 0, 300.00, 77397, 51604, 778.91%, 2085, 1994
1705969840, 2, 327, 434, 0, 0, 814.45%, 186, 0, 0, 411.95, 77468, 51664, 778.91%, 2085, 1994
1705969840, 2, 327, 434, 0, 0, 814.45%, 186, 0, 0, 106.74, 77495, 51694, 778.91%, 2085, 1994
1705969840, 2, 328, 434, 0, 0, 814.45%, 186, 0, 0, 613.33, 77582, 51791, 778.91%, 2085, 1994
1705969841, 2, 328, 434, 0, 0, 814.45%, 186, 0, 0, 564.78, 77671, 51872, 778.91%, 2085, 1994
1705969841, 2, 328, 434, 0, 0, 814.45%, 186, 0, 0, 368.56, 77736, 51943, 778.91%, 2085, 1994
1705969842, 2, 328, 435, 0, 0, 814.45%, 186, 0, 0, 225.73, 77835, 52023, 781.25%, 2085, 2000
1705969842, 2, 328, 435, 0, 0, 814.45%, 186, 0, 0, 266.30, 77891, 52065, 781.25%, 2085, 2000
1705969843, 2, 330, 435, 0, 0, 814.45%, 187, 0, 0, 158.80, 77971, 52133, 781.25%, 2085, 2000
1705969843, 2, 330, 435, 0, 0, 814.45%, 187, 0, 0, 160.00, 77994, 52158, 781.25%, 2085, 2000
1705969844, 2, 330, 435, 0, 0, 814.45%, 187, 0, 0, 2.51, 77995, 52158, 781.25%, 2085, 2000
1705969844, 2, 330, 435, 0, 0, 814.45%, 187, 0, 0, 269.79, 78040, 52205, 781.25%, 2085, 2000
1705969845, 2, 330, 435, 0, 0, 814.45%, 187, 0, 0, 0.97, 78040, 52206, 781.25%, 2085, 2000
1705969846, 2, 330, 435, 0, 0, 814.45%, 187, 0, 0, 483.77, 78110, 52285, 781.25%, 2085, 2000
1705969846, 2, 330, 435, 0, 0, 814.45%, 187, 0, 0, 1.42, 78110, 52286, 781.25%, 2085, 2000
1705969847, 2, 330, 435, 0, 0, 814.45%, 187, 0, 0, 663.33, 78201, 52394, 781.25%, 2085, 2000
1705969847, 2, 330, 435, 0, 0, 814.45%, 187, 0, 0, 35.43, 78211, 52402, 781.25%, 2085, 2000
1705969848, 2, 330, 436, 0, 0, 814.45%, 187, 0, 0, 20.23, 78220, 52414, 781.25%, 2085, 2000
1705969848, 2, 330, 436, 0, 0, 814.45%, 187, 0, 0, 533.33, 78299, 52495, 781.25%, 2085, 2000
1705969849, 2, 333, 436, 0, 0, 814.45%, 187, 0, 0, 230.09, 78333, 52539, 781.25%, 2085, 2000
1705969849, 2, 339, 436, 0, 0, 814.45%, 187, 0, 0, 506.67, 78398, 52626, 781.25%, 2085, 2000
1705969849, 2, 340, 436, 0, 0, 814.45%, 187, 0, 0, 920.00, 78581, 52719, 781.25%, 2085, 2000
1705969857, 2, 340, 436, 0, 0, 814.45%, 187, 0, 0, 0.13, 78581, 52720, 781.25%, 2085, 2000
1705969857, 2, 340, 436, 0, 0, 814.45%, 187, 0, 0, 1.71, 78582, 52720, 781.25%, 2085, 2000
1705969858, 2, 340, 436, 0, 0, 814.45%, 187, 0, 0, 1.81, 78583, 52720, 781.25%, 2085, 2000
1705969859, 2, 340, 436, 0, 0, 814.45%, 187, 0, 0, 1.47, 78583, 52721, 781.25%, 2085, 2000
1705969859, 2, 340, 436, 0, 0, 814.45%, 187, 0, 0, 2.49, 78584, 52721, 781.25%, 2085, 2000
1705969860, 2, 340, 436, 0, 0, 814.45%, 187, 0, 0, 1.29, 78585, 52721, 781.25%, 2085, 2000
1705969860, 2, 340, 436, 0, 0, 814.45%, 187, 0, 0, 1.98, 78586, 52721, 781.25%, 2085, 2000
1705969861, 2, 340, 436, 0, 0, 814.45%, 187, 0, 0, 1.66, 78586, 52722, 781.25%, 2085, 2000
1705969861, 2, 341, 436, 0, 0, 814.45%, 187, 0, 0, 823.72, 78767, 52798, 781.25%, 2085, 2000
1705969862, 2, 341, 436, 0, 0, 814.45%, 187, 0, 0, 11.59, 78771, 52801, 781.25%, 2085, 2000
1705969862, 2, 341, 436, 0, 0, 814.45%, 187, 0, 0, 72.37, 78784, 52810, 781.25%, 2085, 2000
1705969863, 2, 341, 436, 0, 0, 814.45%, 187, 0, 0, 0.75, 78785, 52810, 781.25%, 2085, 2000
1705969864, 2, 341, 436, 0, 0, 814.45%, 187, 0, 0, 2.90, 78786, 52810, 781.25%, 2085, 2000
1705969865, 2, 341, 436, 0, 0, 814.45%, 187, 0, 0, 0.99, 78787, 52810, 781.25%, 2085, 2000
1705969865, 2, 341, 436, 0, 0, 814.45%, 187, 0, 0, 1.71, 78788, 52810, 781.25%, 2085, 2000
1705969866, 2, 341, 436, 0, 0, 814.45%, 187, 0, 0, 0.95, 78789, 52810, 781.25%, 2085, 2000
1705969867, 2, 341, 436, 0, 0, 814.45%, 187, 0, 0, 2.26, 78789, 52811, 781.25%, 2085, 2000
1705969868, 2, 342, 436, 0, 0, 814.45%, 187, 0, 0, 1.23, 78789, 52812, 781.25%, 2085, 2000
1705969869, 2, 342, 436, 0, 0, 814.45%, 187, 0, 0, 0.65, 78790, 52812, 781.25%, 2085, 2000
1705969872, 2, 342, 436, 0, 0, 814.45%, 187, 0, 0, 0.40, 78791, 52812, 781.25%, 2085, 2000
1705969872, 2, 345, 436, 0, 0, 814.45%, 187, 0, 0, 323.26, 78840, 52870, 781.25%, 2085, 2000
1705969876, 2, 345, 437, 0, 0, 814.45%, 187, 0, 0, 4.47, 78847, 52882, 781.25%, 2085, 2000
1705969877, 2, 345, 437, 0, 0, 814.45%, 187, 0, 0, 2.68, 78847, 52883, 781.25%, 2085, 2000
1705969877, 2, 345, 437, 0, 0, 814.45%, 187, 0, 0, 2.53, 78847, 52884, 781.25%, 2085, 2000
1705969877, 2, 345, 437, 0, 0, 814.45%, 187, 0, 0, 3.27, 78847, 52885, 781.25%, 2085, 2000
1705969878, 2, 345, 437, 0, 0, 814.45%, 187, 0, 0, 0.98, 78847, 52886, 781.25%, 2085, 2000
1705969879, 2, 349, 437, 0, 0, 814.45%, 187, 0, 0, 416.67, 78896, 52962, 781.25%, 2085, 2000
1705969879, 2, 352, 437, 0, 0, 814.45%, 187, 0, 0, 377.48, 78950, 53022, 781.25%, 2085, 2000
1705969879, 2, 352, 437, 0, 0, 814.45%, 187, 0, 0, 2.17, 78951, 53022, 781.25%, 2085, 2000
1705969880, 2, 352, 437, 0, 0, 814.45%, 187, 0, 0, 1.24, 78952, 53022, 781.25%, 2085, 2000
1705969881, 2, 352, 437, 0, 0, 814.45%, 187, 0, 0, 3.00, 78953, 53022, 781.25%, 2085, 2000
1705969881, 2, 352, 437, 0, 0, 814.45%, 187, 0, 0, 1.80, 78954, 53022, 781.25%, 2085, 2000
1705969883, 2, 352, 437, 0, 0, 814.45%, 187, 0, 0, 0.69, 78955, 53022, 781.25%, 2085, 2000
1705969883, 2, 352, 437, 0, 0, 814.45%, 187, 0, 0, 764.12, 79078, 53129, 781.25%, 2085, 2000
1705969883, 2, 352, 437, 0, 0, 814.45%, 187, 0, 0, 797.34, 79216, 53231, 781.25%, 2085, 2000
1705969884, 2, 352, 437, 0, 0, 814.45%, 187, 0, 0, 553.40, 79311, 53307, 781.25%, 2085, 2000
1705969884, 2, 355, 437, 0, 0, 814.45%, 188, 0, 0, 237.86, 79355, 53361, 781.25%, 2085, 2000
1705969885, 2, 355, 437, 0, 0, 814.45%, 189, 0, 0, 5.10, 79355, 53365, 781.25%, 2085, 2000
1705969885, 2, 357, 437, 0, 0, 814.45%, 189, 0, 0, 256.67, 79386, 53411, 781.25%, 2085, 2000
1705969886, 2, 362, 437, 0, 0, 814.45%, 189, 0, 0, 136.19, 79445, 53498, 781.25%, 2085, 2000
1705969886, 2, 362, 437, 0, 0, 814.45%, 189, 0, 0, 201.68, 79455, 53512, 781.25%, 2085, 2000
