# unix_time, cycles_done, cur_path, paths_total, pending_total, pending_favs, map_size, unique_crashes, unique_hangs, max_depth, execs_per_sec, valid_inputs, invalid_inputs, valid_cov, all_covered_probes, valid_covered_probes
1706881350, 0, 0, 1, 0, 0, 421.09%, 0, 0, 0, 0.23, 1, 0, 421.09%, 1078, 1078
1706881350, 0, 0, 16, 0, 0, 583.98%, 1, 0, 0, 69.89, 25, 2, 569.92%, 1495, 1459
1706881351, 0, 0, 25, 0, 0, 749.61%, 3, 0, 0, 70.34, 44, 6, 732.81%, 1919, 1876
1706881351, 0, 0, 36, 0, 0, 760.16%, 4, 0, 0, 81.93, 71, 13, 735.16%, 1946, 1882
1706881351, 0, 0, 51, 0, 0, 765.63%, 5, 0, 0, 199.34, 121, 23, 737.89%, 1960, 1889
1706881352, 0, 0, 64, 0, 0, 771.88%, 8, 0, 0, 263.33, 184, 39, 737.89%, 1976, 1889
1706881352, 0, 0, 77, 0, 0, 775.39%, 9, 0, 0, 310.00, 257, 59, 738.67%, 1985, 1891
1706881352, 0, 0, 82, 0, 0, 777.73%, 11, 0, 0, 194.44, 304, 75, 741.41%, 1991, 1898
1706881352, 0, 0, 85, 0, 0, 779.69%, 14, 0, 0, 245.66, 372, 92, 741.41%, 1996, 1898
1706881353, 0, 0, 89, 0, 0, 780.08%, 15, 0, 0, 97.18, 395, 100, 741.41%, 1997, 1898
1706881353, 0, 1, 93, 0, 0, 780.47%, 17, 0, 0, 187.50, 455, 115, 741.41%, 1998, 1898
1706881354, 0, 1, 98, 0, 0, 782.03%, 17, 0, 0, 258.52, 525, 136, 741.41%, 2002, 1898
1706881354, 0, 1, 100, 0, 0, 782.03%, 17, 0, 0, 112.12, 551, 147, 741.41%, 2002, 1898
1706881354, 0, 1, 103, 0, 0, 782.81%, 17, 0, 0, 118.13, 581, 160, 741.41%, 2004, 1898
1706881355, 0, 2, 111, 0, 0, 783.98%, 17, 0, 0, 405.14, 675, 192, 741.80%, 2007, 1899
1706881355, 0, 2, 116, 0, 0, 783.98%, 17, 0, 0, 168.54, 725, 202, 741.80%, 2007, 1899
1706881355, 0, 2, 125, 0, 0, 788.67%, 20, 0, 0, 329.03, 806, 223, 746.09%, 2019, 1910
1706881356, 0, 2, 130, 0, 0, 788.67%, 21, 0, 0, 348.84, 896, 238, 746.48%, 2019, 1911
1706881356, 0, 3, 134, 0, 0, 789.06%, 22, 0, 0, 343.33, 976, 261, 746.48%, 2020, 1911
1706881356, 0, 3, 143, 0, 0, 794.14%, 22, 0, 0, 386.67, 1077, 276, 760.94%, 2033, 1948
1706881356, 0, 4, 144, 0, 0, 794.14%, 22, 0, 0, 223.84, 1142, 288, 760.94%, 2033, 1948
1706881357, 0, 4, 148, 0, 0, 796.48%, 23, 0, 0, 273.26, 1262, 309, 760.94%, 2039, 1948
1706881357, 0, 4, 148, 0, 0, 796.48%, 24, 0, 0, 176.67, 1308, 316, 760.94%, 2039, 1948
1706881358, 0, 5, 150, 0, 0, 796.48%, 26, 0, 0, 268.14, 1379, 330, 760.94%, 2039, 1948
1706881358, 0, 5, 151, 0, 0, 796.48%, 26, 0, 0, 273.33, 1448, 343, 760.94%, 2039, 1948
1706881358, 0, 5, 153, 0, 0, 796.48%, 26, 0, 0, 327.87, 1532, 359, 760.94%, 2039, 1948
1706881359, 0, 9, 156, 0, 0, 796.48%, 26, 0, 0, 380.37, 1633, 382, 760.94%, 2039, 1948
1706881359, 0, 9, 158, 0, 0, 796.48%, 26, 0, 0, 207.55, 1688, 393, 760.94%, 2039, 1948
1706881359, 0, 9, 159, 0, 0, 796.48%, 26, 0, 0, 239.77, 1757, 406, 760.94%, 2039, 1948
1706881360, 0, 9, 161, 0, 0, 796.88%, 27, 0, 0, 384.62, 1869, 429, 761.33%, 2040, 1949
1706881360, 0, 11, 162, 0, 0, 796.88%, 28, 0, 0, 367.60, 1963, 453, 761.33%, 2040, 1949
1706881360, 0, 12, 164, 0, 0, 797.27%, 29, 0, 0, 602.99, 2139, 479, 761.72%, 2041, 1950
1706881361, 0, 12, 166, 0, 0, 797.27%, 31, 0, 0, 546.67, 2272, 510, 761.72%, 2041, 1950
1706881361, 0, 12, 167, 0, 0, 797.27%, 31, 0, 0, 315.22, 2367, 531, 761.72%, 2041, 1950
1706881361, 0, 12, 169, 0, 0, 797.27%, 31, 0, 0, 186.67, 2415, 539, 761.72%, 2041, 1950
1706881362, 0, 15, 169, 0, 0, 797.27%, 32, 0, 0, 197.47, 2479, 553, 761.72%, 2041, 1950
1706881362, 0, 16, 170, 0, 0, 797.27%, 32, 0, 0, 593.33, 2582, 628, 761.72%, 2041, 1950
1706881362, 0, 16, 170, 0, 0, 797.27%, 33, 0, 0, 248.34, 2630, 655, 761.72%, 2041, 1950
1706881362, 0, 16, 174, 0, 0, 797.27%, 34, 0, 0, 240.00, 2677, 680, 761.72%, 2041, 1950
1706881363, 0, 16, 175, 0, 0, 797.27%, 36, 0, 0, 163.74, 2710, 703, 761.72%, 2041, 1950
1706881363, 0, 16, 179, 0, 0, 797.27%, 36, 0, 0, 326.67, 2772, 739, 761.72%, 2041, 1950
1706881364, 0, 16, 179, 0, 0, 797.27%, 36, 0, 0, 49.14, 2787, 744, 761.72%, 2041, 1950
1706881364, 0, 16, 181, 0, 0, 797.27%, 36, 0, 0, 210.86, 2830, 767, 761.72%, 2041, 1950
1706881364, 0, 16, 183, 0, 0, 798.05%, 36, 0, 0, 400.00, 2912, 805, 761.72%, 2043, 1950
1706881364, 0, 16, 184, 0, 0, 798.05%, 36, 0, 0, 272.43, 2968, 831, 761.72%, 2043, 1950
1706881365, 0, 16, 185, 0, 0, 798.05%, 36, 0, 0, 273.33, 3034, 847, 761.72%, 2043, 1950
1706881365, 0, 19, 189, 0, 0, 800.39%, 37, 0, 0, 695.65, 3174, 931, 763.67%, 2049, 1955
1706881365, 0, 20, 194, 0, 0, 800.78%, 37, 0, 0, 494.08, 3305, 967, 764.45%, 2050, 1957
1706881366, 0, 22, 198, 0, 0, 800.78%, 37, 0, 0, 735.10, 3473, 1021, 764.84%, 2050, 1958
1706881366, 0, 23, 201, 0, 0, 800.78%, 38, 0, 0, 580.86, 3565, 1105, 764.84%, 2050, 1958
1706881366, 0, 23, 204, 0, 0, 801.17%, 38, 0, 0, 370.00, 3630, 1151, 764.84%, 2051, 1958
1706881367, 0, 23, 204, 0, 0, 801.17%, 40, 0, 0, 298.94, 3691, 1203, 764.84%, 2051, 1958
1706881367, 0, 23, 205, 0, 0, 801.17%, 42, 0, 0, 240.00, 3738, 1228, 767.19%, 2051, 1964
1706881367, 0, 23, 205, 0, 0, 801.17%, 42, 0, 0, 392.97, 3801, 1288, 767.19%, 2051, 1964
1706881368, 0, 23, 205, 0, 0, 801.17%, 42, 0, 0, 232.92, 3842, 1322, 767.19%, 2051, 1964
1706881368, 0, 23, 208, 0, 0, 801.56%, 42, 0, 0, 366.67, 3909, 1365, 767.58%, 2052, 1965
1706881368, 0, 24, 209, 0, 0, 801.95%, 42, 0, 0, 646.67, 4051, 1417, 767.97%, 2053, 1966
1706881369, 0, 25, 210, 0, 0, 801.95%, 43, 0, 0, 730.00, 4210, 1477, 768.75%, 2053, 1968
1706881369, 0, 27, 212, 0, 0, 801.95%, 43, 0, 0, 699.35, 4373, 1528, 768.75%, 2053, 1968
1706881369, 0, 29, 213, 0, 0, 801.95%, 43, 0, 0, 670.73, 4531, 1590, 768.75%, 2053, 1968
1706881369, 0, 29, 214, 0, 0, 802.34%, 43, 0, 0, 646.67, 4692, 1623, 768.75%, 2054, 1968
1706881370, 0, 31, 214, 0, 0, 802.34%, 43, 0, 0, 883.33, 4913, 1667, 768.75%, 2054, 1968
1706881370, 0, 33, 217, 0, 0, 802.34%, 44, 0, 0, 643.29, 5067, 1724, 768.75%, 2054, 1968
1706881370, 0, 35, 218, 0, 0, 802.34%, 45, 0, 0, 745.98, 5200, 1823, 769.14%, 2054, 1969
1706881371, 0, 36, 219, 0, 0, 802.73%, 45, 0, 0, 746.13, 5366, 1898, 769.14%, 2055, 1969
1706881371, 0, 37, 222, 0, 0, 802.73%, 45, 0, 0, 635.80, 5498, 1972, 769.14%, 2055, 1969
1706881371, 0, 39, 223, 0, 0, 802.73%, 45, 0, 0, 873.33, 5683, 2049, 769.14%, 2055, 1969
1706881372, 0, 45, 227, 0, 0, 803.91%, 45, 0, 0, 1206.67, 5951, 2143, 769.14%, 2058, 1969
1706881372, 0, 46, 228, 0, 0, 805.47%, 45, 0, 0, 973.33, 6103, 2283, 769.14%, 2062, 1969
1706881372, 0, 48, 231, 0, 0, 805.86%, 45, 0, 0, 1440.00, 6420, 2398, 769.14%, 2063, 1969
1706881373, 0, 50, 232, 0, 0, 805.86%, 45, 0, 0, 698.72, 6584, 2452, 769.14%, 2063, 1969
1706881373, 0, 61, 232, 0, 0, 805.86%, 45, 0, 0, 1150.00, 6794, 2587, 769.14%, 2063, 1969
1706881373, 0, 63, 234, 0, 0, 805.86%, 45, 0, 0, 691.03, 6876, 2713, 769.14%, 2063, 1969
1706881373, 0, 63, 236, 0, 0, 806.25%, 47, 0, 0, 428.57, 6877, 2841, 769.14%, 2064, 1969
1706881374, 0, 63, 237, 0, 0, 806.25%, 47, 0, 0, 184.85, 6878, 2901, 769.14%, 2064, 1969
1706881374, 0, 63, 238, 0, 0, 806.25%, 47, 0, 0, 177.37, 6879, 2958, 769.14%, 2064, 1969
1706881374, 0, 64, 239, 0, 0, 808.20%, 47, 0, 0, 600.00, 7018, 2999, 769.14%, 2069, 1969
1706881375, 0, 65, 239, 0, 0, 808.20%, 47, 0, 0, 562.09, 7123, 3066, 769.14%, 2069, 1969
1706881375, 0, 65, 240, 0, 0, 808.20%, 49, 0, 0, 318.33, 7123, 3165, 769.14%, 2069, 1969
1706881375, 0, 65, 240, 0, 0, 808.20%, 49, 0, 0, 81.87, 7123, 3193, 769.14%, 2069, 1969
1706881376, 0, 65, 240, 0, 0, 808.20%, 49, 0, 0, 465.84, 7129, 3337, 769.14%, 2069, 1969
1706881376, 0, 70, 241, 0, 0, 808.20%, 49, 0, 0, 1039.34, 7319, 3464, 769.14%, 2069, 1969
1706881376, 0, 70, 241, 0, 0, 808.20%, 49, 0, 0, 400.00, 7431, 3480, 769.14%, 2069, 1969
1706881377, 0, 77, 243, 0, 0, 808.20%, 50, 0, 0, 1026.67, 7626, 3593, 769.14%, 2069, 1969
1706881377, 0, 80, 244, 0, 0, 808.20%, 53, 0, 0, 1476.82, 7932, 3733, 769.14%, 2069, 1969
1706881377, 0, 80, 245, 0, 0, 808.20%, 55, 0, 0, 412.84, 7992, 3808, 769.14%, 2069, 1969
1706881378, 0, 80, 246, 0, 0, 808.20%, 55, 0, 0, 86.17, 8007, 3836, 769.14%, 2069, 1969
1706881378, 0, 80, 248, 0, 0, 808.20%, 56, 0, 0, 346.53, 8044, 3904, 769.14%, 2069, 1969
1706881378, 0, 80, 250, 0, 0, 808.20%, 56, 0, 0, 282.39, 8084, 3949, 769.14%, 2069, 1969
1706881379, 0, 80, 251, 0, 0, 808.20%, 57, 0, 0, 255.81, 8114, 3996, 769.14%, 2069, 1969
1706881379, 0, 80, 254, 0, 0, 808.98%, 59, 0, 0, 372.09, 8159, 4063, 769.14%, 2071, 1969
1706881379, 0, 80, 256, 0, 0, 810.16%, 59, 0, 0, 320.00, 8208, 4110, 769.14%, 2074, 1969
1706881380, 0, 86, 256, 0, 0, 810.16%, 59, 0, 0, 1042.48, 8376, 4261, 769.14%, 2074, 1969
1706881380, 0, 91, 257, 0, 0, 810.16%, 59, 0, 0, 1240.00, 8575, 4434, 769.14%, 2074, 1969
1706881380, 0, 94, 259, 0, 0, 810.16%, 64, 0, 0, 993.33, 8695, 4612, 769.14%, 2074, 1969
1706881380, 0, 94, 262, 0, 0, 810.16%, 69, 0, 0, 646.67, 8714, 4787, 769.14%, 2074, 1969
1706881381, 0, 98, 262, 0, 0, 810.16%, 72, 0, 0, 1016.67, 8811, 4995, 769.14%, 2074, 1969
1706881381, 0, 102, 264, 0, 0, 810.16%, 73, 0, 0, 1236.67, 8917, 5260, 769.53%, 2074, 1970
1706881381, 0, 102, 265, 0, 0, 810.16%, 76, 0, 0, 522.15, 8937, 5405, 769.53%, 2074, 1970
1706881382, 0, 107, 265, 0, 0, 810.16%, 77, 0, 0, 1243.33, 9100, 5615, 769.53%, 2074, 1970
1706881382, 0, 109, 266, 0, 0, 810.16%, 77, 0, 0, 793.33, 9206, 5747, 769.53%, 2074, 1970
1706881382, 0, 109, 269, 0, 0, 812.50%, 79, 0, 0, 710.96, 9301, 5866, 769.53%, 2080, 1970
1706881383, 0, 109, 269, 0, 0, 812.50%, 79, 0, 0, 646.67, 9404, 5957, 769.53%, 2080, 1970
1706881383, 0, 110, 270, 0, 0, 812.50%, 79, 0, 0, 890.00, 9548, 6080, 769.53%, 2080, 1970
1706881383, 0, 116, 270, 0, 0, 812.50%, 79, 0, 0, 1163.33, 9729, 6248, 769.53%, 2080, 1970
1706881383, 0, 118, 273, 0, 0, 812.50%, 79, 0, 0, 1916.67, 10133, 6419, 769.53%, 2080, 1970
1706881384, 0, 123, 273, 0, 0, 812.50%, 81, 0, 0, 2126.67, 10544, 6646, 769.53%, 2080, 1970
1706881384, 0, 124, 274, 0, 0, 812.50%, 81, 0, 0, 1210.00, 10747, 6806, 769.92%, 2080, 1971
1706881384, 0, 124, 276, 0, 0, 812.50%, 82, 0, 0, 1026.67, 10896, 6965, 770.70%, 2080, 1973
1706881385, 0, 128, 277, 0, 0, 812.50%, 83, 0, 0, 1553.33, 11206, 7121, 770.70%, 2080, 1973
1706881385, 0, 137, 278, 0, 0, 812.50%, 83, 0, 0, 1890.00, 11512, 7382, 771.09%, 2080, 1974
1706881385, 0, 147, 279, 0, 0, 812.50%, 85, 0, 0, 1740.00, 11859, 7557, 771.09%, 2080, 1974
1706881386, 0, 159, 280, 0, 0, 812.50%, 87, 0, 0, 1260.00, 12058, 7736, 771.09%, 2080, 1974
1706881386, 0, 163, 280, 0, 0, 812.50%, 87, 0, 0, 1316.61, 12351, 7863, 771.09%, 2080, 1974
1706881386, 0, 170, 282, 0, 0, 812.50%, 87, 0, 0, 1330.00, 12630, 7983, 771.09%, 2080, 1974
1706881386, 0, 179, 284, 0, 0, 812.50%, 87, 0, 0, 806.67, 12761, 8094, 773.05%, 2080, 1979
1706881387, 0, 182, 286, 0, 0, 812.89%, 89, 0, 0, 900.00, 12806, 8319, 773.44%, 2081, 1980
1706881387, 0, 185, 289, 0, 0, 812.89%, 90, 0, 0, 840.00, 12879, 8498, 773.44%, 2081, 1980
1706881387, 0, 185, 296, 0, 0, 812.89%, 90, 0, 0, 594.68, 12978, 8578, 774.61%, 2081, 1983
1706881388, 0, 185, 301, 0, 0, 813.28%, 91, 0, 0, 546.67, 13065, 8655, 776.17%, 2082, 1987
1706881388, 0, 185, 303, 0, 0, 813.28%, 91, 0, 0, 574.75, 13163, 8730, 776.17%, 2082, 1987
1706881388, 0, 185, 304, 0, 0, 813.28%, 92, 0, 0, 475.08, 13238, 8798, 776.17%, 2082, 1987
1706881389, 0, 190, 304, 0, 0, 813.28%, 92, 0, 0, 1440.00, 13511, 8957, 776.17%, 2082, 1987
1706881389, 0, 192, 304, 0, 0, 813.28%, 92, 0, 0, 1823.33, 13957, 9058, 776.17%, 2082, 1987
1706881389, 0, 199, 304, 0, 0, 813.28%, 92, 0, 0, 1333.33, 14240, 9175, 776.17%, 2082, 1987
1706881389, 0, 202, 304, 0, 0, 813.28%, 92, 0, 0, 508.31, 14293, 9275, 776.17%, 2082, 1987
1706881390, 0, 203, 304, 0, 0, 813.28%, 92, 0, 0, 953.33, 14391, 9463, 776.17%, 2082, 1987
1706881390, 0, 204, 305, 0, 0, 813.28%, 92, 0, 0, 790.00, 14518, 9573, 776.17%, 2082, 1987
1706881390, 0, 204, 306, 0, 0, 813.28%, 92, 0, 0, 570.00, 14609, 9653, 776.17%, 2082, 1987
1706881391, 0, 204, 306, 0, 0, 813.28%, 92, 0, 0, 930.00, 14767, 9774, 776.17%, 2082, 1987
1706881391, 0, 206, 311, 0, 0, 813.28%, 92, 0, 0, 646.67, 14875, 9860, 776.17%, 2082, 1987
1706881391, 0, 206, 315, 0, 0, 813.28%, 95, 0, 0, 576.67, 14962, 9946, 776.17%, 2082, 1987
1706881392, 0, 206, 318, 0, 0, 813.28%, 95, 0, 0, 623.33, 15060, 10035, 776.17%, 2082, 1987
1706881392, 0, 206, 319, 0, 0, 813.28%, 96, 0, 0, 666.67, 15148, 10147, 776.17%, 2082, 1987
1706881392, 0, 208, 320, 0, 0, 813.28%, 96, 0, 0, 870.00, 15293, 10263, 776.17%, 2082, 1987
1706881392, 0, 213, 323, 0, 0, 813.28%, 97, 0, 0, 1830.00, 15630, 10475, 776.56%, 2082, 1988
1706881393, 0, 218, 324, 0, 0, 813.28%, 99, 0, 0, 1430.00, 15901, 10633, 776.56%, 2082, 1988
1706881393, 0, 218, 327, 0, 0, 813.28%, 99, 0, 0, 766.67, 15906, 10858, 776.56%, 2082, 1988
1706881393, 0, 224, 327, 0, 0, 813.28%, 100, 0, 0, 853.33, 15960, 11060, 776.56%, 2082, 1988
1706881394, 0, 231, 328, 0, 0, 813.28%, 100, 0, 0, 2033.33, 16339, 11291, 776.56%, 2082, 1988
1706881394, 0, 235, 328, 0, 0, 813.28%, 100, 0, 0, 770.00, 16362, 11499, 776.56%, 2082, 1988
1706881394, 0, 235, 328, 0, 0, 813.28%, 100, 0, 0, 661.13, 16363, 11697, 776.56%, 2082, 1988
1706881395, 0, 244, 329, 0, 0, 813.28%, 100, 0, 0, 1106.67, 16494, 11898, 776.56%, 2082, 1988
1706881395, 0, 249, 330, 0, 0, 813.28%, 105, 0, 0, 485.44, 16550, 11992, 776.56%, 2082, 1988
1706881395, 0, 253, 331, 0, 0, 813.28%, 105, 0, 0, 516.67, 16597, 12100, 776.56%, 2082, 1988
1706881396, 0, 253, 332, 0, 0, 813.28%, 105, 0, 0, 780.73, 16606, 12326, 776.56%, 2082, 1988
1706881396, 0, 255, 332, 0, 0, 813.28%, 105, 0, 0, 523.66, 16633, 12465, 776.56%, 2082, 1988
1706881396, 0, 255, 333, 0, 0, 813.28%, 105, 0, 0, 359.62, 16634, 12578, 776.56%, 2082, 1988
1706881396, 0, 257, 337, 0, 0, 813.28%, 105, 0, 0, 570.00, 16649, 12734, 776.56%, 2082, 1988
1706881397, 0, 266, 338, 0, 0, 813.28%, 108, 0, 0, 1215.95, 16852, 12897, 776.56%, 2082, 1988
1706881397, 0, 267, 339, 0, 0, 813.28%, 108, 0, 0, 983.33, 16895, 13149, 776.56%, 2082, 1988
1706881397, 0, 268, 339, 0, 0, 813.28%, 108, 0, 0, 1106.67, 16916, 13460, 776.56%, 2082, 1988
1706881398, 0, 273, 339, 0, 0, 813.28%, 110, 0, 0, 1193.33, 17047, 13687, 776.56%, 2082, 1988
1706881398, 0, 273, 339, 0, 0, 813.28%, 112, 0, 0, 1190.00, 17239, 13852, 776.56%, 2082, 1988
1706881398, 0, 274, 341, 0, 0, 813.28%, 113, 0, 0, 1170.00, 17418, 14024, 776.56%, 2082, 1988
1706881399, 0, 274, 341, 0, 0, 813.28%, 113, 0, 0, 1070.00, 17589, 14174, 776.56%, 2082, 1988
1706881399, 0, 278, 341, 0, 0, 813.28%, 114, 0, 0, 1726.67, 17977, 14304, 776.56%, 2082, 1988
1706881399, 0, 282, 342, 0, 0, 813.28%, 115, 0, 0, 730.90, 18052, 14449, 776.56%, 2082, 1988
1706881399, 0, 282, 342, 0, 0, 813.28%, 117, 0, 0, 766.67, 18157, 14574, 776.56%, 2082, 1988
1706881400, 0, 282, 345, 0, 0, 813.28%, 117, 0, 0, 593.33, 18236, 14673, 776.95%, 2082, 1989
1706881400, 0, 283, 347, 0, 0, 813.28%, 118, 0, 0, 740.86, 18332, 14800, 776.95%, 2082, 1989
1706881400, 0, 283, 347, 0, 0, 813.28%, 119, 0, 0, 630.00, 18423, 14898, 776.95%, 2082, 1989
1706881401, 0, 283, 347, 0, 0, 813.28%, 120, 0, 0, 626.67, 18508, 15001, 776.95%, 2082, 1989
1706881401, 0, 283, 348, 0, 0, 813.28%, 124, 0, 0, 604.65, 18603, 15088, 776.95%, 2082, 1989
1706881401, 0, 285, 350, 0, 0, 813.28%, 125, 0, 0, 610.00, 18706, 15168, 776.95%, 2082, 1989
1706881402, 0, 285, 351, 0, 0, 813.28%, 125, 0, 0, 1050.00, 18909, 15280, 777.73%, 2082, 1991
1706881402, 0, 285, 351, 0, 0, 813.28%, 126, 0, 0, 790.00, 19057, 15369, 777.73%, 2082, 1991
1706881402, 0, 291, 351, 0, 0, 813.28%, 127, 0, 0, 690.00, 19156, 15477, 777.73%, 2082, 1991
1706881402, 0, 294, 353, 0, 0, 813.28%, 127, 0, 0, 633.33, 19263, 15560, 777.73%, 2082, 1991
1706881403, 0, 294, 355, 0, 0, 813.28%, 127, 0, 0, 523.33, 19344, 15636, 777.73%, 2082, 1991
1706881403, 0, 294, 355, 0, 0, 813.28%, 127, 0, 0, 510.00, 19435, 15698, 777.73%, 2082, 1991
1706881403, 0, 294, 355, 0, 0, 813.28%, 128, 0, 0, 598.01, 19527, 15786, 777.73%, 2082, 1991
1706881404, 0, 296, 355, 0, 0, 813.28%, 128, 0, 0, 663.33, 19621, 15891, 777.73%, 2082, 1991
1706881404, 0, 297, 356, 0, 0, 813.28%, 128, 0, 0, 546.05, 19712, 15966, 777.73%, 2082, 1991
1706881404, 0, 297, 356, 0, 0, 813.28%, 128, 0, 0, 593.33, 19803, 16053, 777.73%, 2082, 1991
1706881405, 0, 297, 357, 0, 0, 813.28%, 128, 0, 0, 643.33, 19909, 16140, 777.73%, 2082, 1991
1706881405, 0, 297, 358, 0, 0, 813.28%, 128, 0, 0, 600.00, 20007, 16222, 777.73%, 2082, 1991
1706881405, 0, 298, 360, 0, 0, 813.28%, 128, 0, 0, 663.33, 20105, 16323, 777.73%, 2082, 1991
1706881405, 0, 298, 360, 0, 0, 813.28%, 128, 0, 0, 607.97, 20216, 16395, 777.73%, 2082, 1991
1706881406, 0, 298, 360, 0, 0, 813.28%, 129, 0, 0, 498.34, 20291, 16470, 777.73%, 2082, 1991
1706881406, 0, 298, 360, 0, 0, 813.28%, 129, 0, 0, 472.13, 20365, 16540, 777.73%, 2082, 1991
1706881406, 0, 300, 361, 0, 0, 813.28%, 129, 0, 0, 573.33, 20456, 16621, 777.73%, 2082, 1991
1706881407, 0, 307, 362, 0, 0, 813.28%, 129, 0, 0, 671.10, 20546, 16733, 777.73%, 2082, 1991
1706881407, 0, 312, 362, 0, 0, 813.28%, 129, 0, 0, 596.67, 20641, 16817, 777.73%, 2082, 1991
1706881407, 0, 316, 364, 0, 0, 813.28%, 129, 0, 0, 539.74, 20714, 16907, 777.73%, 2082, 1991
1706881408, 0, 321, 364, 0, 0, 813.28%, 130, 0, 0, 970.00, 20901, 17011, 777.73%, 2082, 1991
1706881408, 0, 329, 365, 0, 0, 813.28%, 131, 0, 0, 826.67, 21036, 17124, 777.73%, 2082, 1991
1706881408, 0, 340, 365, 0, 0, 813.28%, 132, 0, 0, 803.99, 21086, 17316, 777.73%, 2082, 1991
1706881408, 0, 342, 365, 0, 0, 813.28%, 133, 0, 0, 784.05, 21176, 17462, 777.73%, 2082, 1991
1706881409, 0, 342, 365, 0, 0, 813.28%, 134, 0, 0, 836.67, 21277, 17612, 777.73%, 2082, 1991
1706881409, 0, 342, 366, 0, 0, 813.28%, 134, 0, 0, 696.67, 21358, 17740, 777.73%, 2082, 1991
1706881409, 0, 346, 368, 0, 0, 813.28%, 134, 0, 0, 691.03, 21445, 17861, 778.13%, 2082, 1992
1706881410, 0, 350, 369, 0, 0, 813.28%, 136, 0, 0, 806.67, 21601, 17947, 778.13%, 2082, 1992
1706881410, 0, 350, 369, 0, 0, 813.28%, 136, 0, 0, 856.23, 21761, 18055, 778.13%, 2082, 1992
1706881410, 0, 350, 370, 0, 0, 813.28%, 136, 0, 0, 1006.67, 21929, 18189, 778.13%, 2082, 1992
1706881411, 0, 355, 372, 0, 0, 813.28%, 136, 0, 0, 593.33, 22021, 18275, 778.13%, 2082, 1992
1706881411, 0, 359, 375, 0, 0, 813.28%, 138, 0, 0, 510.00, 22103, 18346, 778.13%, 2082, 1992
1706881411, 0, 363, 375, 0, 0, 813.28%, 138, 0, 0, 516.67, 22175, 18429, 778.13%, 2082, 1992
1706881411, 0, 366, 375, 0, 0, 813.28%, 138, 0, 0, 717.61, 22286, 18534, 778.13%, 2082, 1992
1706881412, 0, 366, 375, 0, 0, 813.28%, 139, 0, 0, 753.33, 22378, 18668, 778.13%, 2082, 1992
1706881412, 0, 366, 375, 0, 0, 813.28%, 140, 0, 0, 671.10, 22471, 18777, 778.13%, 2082, 1992
1706881412, 0, 370, 375, 0, 0, 813.28%, 140, 0, 0, 724.25, 22553, 18913, 778.13%, 2082, 1992
1706881413, 0, 374, 376, 0, 0, 813.28%, 141, 0, 0, 521.59, 22620, 19003, 778.13%, 2082, 1992
1706881413, 1, 0, 378, 0, 0, 813.28%, 141, 0, 0, 1106.67, 22860, 19095, 778.13%, 2082, 1992
1706881413, 1, 2, 378, 0, 0, 813.28%, 141, 0, 0, 2143.33, 23351, 19247, 778.13%, 2082, 1992
1706881414, 1, 4, 378, 0, 0, 813.28%, 141, 0, 0, 2246.67, 23920, 19352, 778.13%, 2082, 1992
1706881414, 1, 9, 378, 0, 0, 813.28%, 141, 0, 0, 1990.00, 24422, 19447, 778.13%, 2082, 1992
1706881414, 1, 12, 379, 0, 0, 813.28%, 141, 0, 0, 1910.00, 24898, 19544, 778.13%, 2082, 1992
1706881414, 1, 16, 379, 0, 0, 813.28%, 141, 0, 0, 1503.33, 25203, 19690, 778.13%, 2082, 1992
1706881415, 1, 16, 379, 0, 0, 813.28%, 141, 0, 0, 943.33, 25378, 19798, 778.13%, 2082, 1992
1706881415, 1, 16, 379, 0, 0, 813.28%, 141, 0, 0, 930.00, 25571, 19884, 778.13%, 2082, 1992
1706881415, 1, 22, 379, 0, 0, 813.28%, 141, 0, 0, 2066.67, 26001, 20074, 778.13%, 2082, 1992
1706881416, 1, 23, 379, 0, 0, 813.28%, 141, 0, 0, 1056.67, 26170, 20222, 778.13%, 2082, 1992
1706881416, 1, 23, 379, 0, 0, 813.28%, 141, 0, 0, 896.67, 26326, 20335, 778.13%, 2082, 1992
1706881416, 1, 24, 380, 0, 0, 813.28%, 141, 0, 0, 1406.67, 26605, 20478, 778.13%, 2082, 1992
1706881417, 1, 29, 380, 0, 0, 813.28%, 142, 0, 0, 2276.67, 27140, 20626, 778.13%, 2082, 1992
1706881417, 1, 35, 380, 0, 0, 813.28%, 142, 0, 0, 2220.00, 27608, 20824, 778.13%, 2082, 1992
1706881417, 1, 39, 381, 0, 0, 814.84%, 142, 0, 0, 2336.67, 28064, 21069, 779.69%, 2086, 1996
1706881417, 1, 46, 381, 0, 0, 814.84%, 143, 0, 0, 2333.33, 28547, 21286, 779.69%, 2086, 1996
1706881418, 1, 48, 382, 0, 0, 814.84%, 144, 0, 0, 1846.67, 28947, 21440, 779.69%, 2086, 1996
1706881418, 1, 61, 382, 0, 0, 814.84%, 144, 0, 0, 1803.33, 29271, 21657, 779.69%, 2086, 1996
1706881418, 1, 63, 382, 0, 0, 814.84%, 144, 0, 0, 1066.67, 29313, 21935, 779.69%, 2086, 1996
1706881419, 1, 65, 382, 0, 0, 814.84%, 144, 0, 0, 1473.33, 29532, 22158, 779.69%, 2086, 1996
1706881419, 1, 66, 382, 0, 0, 814.84%, 144, 0, 0, 900.00, 29541, 22419, 779.69%, 2086, 1996
1706881419, 1, 73, 383, 0, 0, 814.84%, 145, 0, 0, 2056.67, 29969, 22608, 780.08%, 2086, 1997
1706881420, 1, 80, 383, 0, 0, 814.84%, 146, 0, 0, 1836.67, 30359, 22769, 780.08%, 2086, 1997
1706881420, 1, 80, 383, 0, 0, 814.84%, 146, 0, 0, 730.00, 30448, 22899, 780.08%, 2086, 1997
1706881420, 1, 80, 385, 0, 0, 814.84%, 146, 0, 0, 724.25, 30543, 23022, 780.08%, 2086, 1997
1706881420, 1, 82, 385, 0, 0, 814.84%, 146, 0, 0, 873.75, 30659, 23169, 780.08%, 2086, 1997
1706881421, 1, 91, 385, 0, 0, 814.84%, 146, 0, 0, 1716.67, 30964, 23379, 780.08%, 2086, 1997
1706881421, 1, 94, 385, 0, 0, 814.84%, 148, 0, 0, 1440.00, 31118, 23657, 780.08%, 2086, 1997
1706881421, 1, 95, 385, 0, 0, 814.84%, 149, 0, 0, 940.00, 31173, 23884, 780.08%, 2086, 1997
1706881422, 1, 102, 385, 0, 0, 814.84%, 149, 0, 0, 1630.00, 31348, 24198, 780.08%, 2086, 1997
1706881422, 1, 102, 385, 0, 0, 814.84%, 149, 0, 0, 613.33, 31364, 24366, 780.08%, 2086, 1997
1706881422, 1, 107, 385, 0, 0, 814.84%, 149, 0, 0, 1456.67, 31550, 24617, 780.08%, 2086, 1997
1706881423, 1, 109, 385, 0, 0, 814.84%, 149, 0, 0, 873.33, 31675, 24754, 780.08%, 2086, 1997
1706881423, 1, 109, 385, 0, 0, 814.84%, 149, 0, 0, 863.79, 31800, 24889, 780.08%, 2086, 1997
1706881423, 1, 110, 385, 0, 0, 814.84%, 149, 0, 0, 1112.96, 31961, 25063, 780.08%, 2086, 1997
1706881423, 1, 117, 385, 0, 0, 814.84%, 150, 0, 0, 1770.00, 32279, 25276, 780.08%, 2086, 1997
1706881424, 1, 120, 385, 0, 0, 814.84%, 152, 0, 0, 1970.59, 32664, 25494, 780.08%, 2086, 1997
1706881424, 1, 124, 385, 0, 0, 814.84%, 152, 0, 0, 2096.67, 33098, 25689, 780.08%, 2086, 1997
1706881424, 1, 124, 385, 0, 0, 814.84%, 152, 0, 0, 1000.00, 33242, 25845, 780.08%, 2086, 1997
1706881425, 1, 128, 386, 0, 0, 814.84%, 152, 0, 0, 1225.17, 33453, 26004, 780.08%, 2086, 1997
1706881425, 1, 132, 386, 0, 0, 814.84%, 152, 0, 0, 1470.00, 33751, 26147, 780.08%, 2086, 1997
1706881425, 1, 140, 386, 0, 0, 814.84%, 152, 0, 0, 1743.42, 34073, 26355, 780.08%, 2086, 1997
1706881426, 1, 152, 386, 0, 0, 814.84%, 154, 0, 0, 1813.33, 34398, 26574, 780.08%, 2086, 1997
1706881426, 1, 160, 386, 0, 0, 814.84%, 154, 0, 0, 1470.00, 34687, 26726, 780.08%, 2086, 1997
1706881426, 1, 167, 386, 0, 0, 814.84%, 154, 0, 0, 1481.73, 35026, 26833, 780.08%, 2086, 1997
1706881426, 1, 176, 386, 0, 0, 814.84%, 154, 0, 0, 903.33, 35182, 26948, 780.08%, 2086, 1997
1706881427, 1, 182, 386, 0, 0, 814.84%, 154, 0, 0, 966.67, 35243, 27177, 780.08%, 2086, 1997
1706881427, 1, 185, 386, 0, 0, 814.84%, 154, 0, 0, 936.67, 35327, 27374, 780.08%, 2086, 1997
1706881427, 1, 185, 386, 0, 0, 814.84%, 155, 0, 0, 583.33, 35428, 27448, 780.08%, 2086, 1997
1706881428, 1, 185, 386, 0, 0, 814.84%, 155, 0, 0, 650.00, 35537, 27534, 780.08%, 2086, 1997
1706881428, 1, 185, 386, 0, 0, 814.84%, 155, 0, 0, 651.16, 35641, 27626, 780.08%, 2086, 1997
1706881428, 1, 187, 386, 0, 0, 814.84%, 155, 0, 0, 1080.00, 35850, 27741, 780.08%, 2086, 1997
1706881429, 1, 192, 387, 0, 0, 814.84%, 155, 0, 0, 2376.67, 36400, 27904, 780.08%, 2086, 1997
1706881429, 1, 199, 387, 0, 0, 814.84%, 155, 0, 0, 1333.33, 36696, 28008, 780.08%, 2086, 1997
1706881429, 1, 202, 387, 0, 0, 814.84%, 155, 0, 0, 881.97, 36774, 28199, 780.08%, 2086, 1997
1706881429, 1, 204, 387, 0, 0, 814.84%, 155, 0, 0, 936.67, 36875, 28379, 780.08%, 2086, 1997
1706881430, 1, 204, 387, 0, 0, 814.84%, 155, 0, 0, 986.67, 37029, 28521, 780.08%, 2086, 1997
1706881430, 1, 204, 387, 0, 0, 814.84%, 155, 0, 0, 843.33, 37176, 28627, 780.08%, 2086, 1997
1706881430, 1, 206, 387, 0, 0, 814.84%, 155, 0, 0, 794.02, 37302, 28740, 780.08%, 2086, 1997
1706881431, 1, 206, 388, 0, 0, 814.84%, 155, 0, 0, 633.33, 37400, 28832, 780.08%, 2086, 1997
1706881431, 1, 206, 388, 0, 0, 814.84%, 155, 0, 0, 643.33, 37503, 28922, 780.08%, 2086, 1997
1706881431, 1, 206, 388, 0, 0, 814.84%, 155, 0, 0, 590.00, 37602, 29000, 780.08%, 2086, 1997
1706881432, 1, 209, 388, 0, 0, 814.84%, 155, 0, 0, 1826.67, 37967, 29183, 780.08%, 2086, 1997
1706881432, 1, 217, 388, 0, 0, 814.84%, 155, 0, 0, 1390.00, 38159, 29408, 780.08%, 2086, 1997
1706881432, 1, 218, 388, 0, 0, 814.84%, 155, 0, 0, 1413.33, 38376, 29615, 780.08%, 2086, 1997
1706881432, 1, 222, 388, 0, 0, 814.84%, 156, 0, 0, 883.33, 38415, 29841, 780.08%, 2086, 1997
1706881433, 1, 230, 388, 0, 0, 814.84%, 156, 0, 0, 2056.67, 38790, 30083, 780.08%, 2086, 1997
1706881433, 1, 235, 388, 0, 0, 814.84%, 157, 0, 0, 870.43, 38841, 30294, 780.08%, 2086, 1997
1706881433, 1, 237, 388, 0, 0, 814.84%, 157, 0, 0, 883.33, 38841, 30559, 780.08%, 2086, 1997
1706881434, 1, 247, 388, 0, 0, 814.84%, 158, 0, 0, 1220.00, 39006, 30760, 780.08%, 2086, 1997
1706881434, 1, 253, 389, 0, 0, 814.84%, 159, 0, 0, 631.92, 39063, 30897, 780.08%, 2086, 1997
1706881434, 1, 253, 389, 0, 0, 814.84%, 159, 0, 0, 826.67, 39080, 31128, 780.08%, 2086, 1997
1706881435, 1, 255, 389, 0, 0, 814.84%, 161, 0, 0, 827.24, 39103, 31354, 780.08%, 2086, 1997
1706881435, 1, 257, 389, 0, 0, 814.84%, 163, 0, 0, 840.53, 39126, 31584, 780.08%, 2086, 1997
1706881435, 1, 267, 389, 0, 0, 814.84%, 163, 0, 0, 1320.00, 39329, 31777, 780.08%, 2086, 1997
1706881436, 1, 268, 389, 0, 0, 814.84%, 163, 0, 0, 1212.62, 39364, 32107, 780.08%, 2086, 1997
1706881436, 1, 270, 390, 0, 0, 814.84%, 164, 0, 0, 1086.67, 39393, 32404, 780.08%, 2086, 1997
1706881436, 1, 273, 392, 0, 0, 814.84%, 164, 0, 0, 950.00, 39528, 32554, 780.08%, 2086, 1997
1706881436, 1, 273, 393, 0, 0, 814.84%, 164, 0, 0, 1100.00, 39681, 32731, 780.08%, 2086, 1997
1706881437, 1, 274, 393, 0, 0, 814.84%, 164, 0, 0, 1246.67, 39874, 32912, 780.08%, 2086, 1997
1706881437, 1, 277, 393, 0, 0, 814.84%, 165, 0, 0, 1356.67, 40081, 33112, 780.08%, 2086, 1997
1706881437, 1, 282, 393, 0, 0, 814.84%, 165, 0, 0, 1706.67, 40439, 33266, 780.08%, 2086, 1997
1706881438, 1, 282, 393, 0, 0, 814.84%, 165, 0, 0, 843.33, 40542, 33416, 780.08%, 2086, 1997
1706881438, 1, 282, 393, 0, 0, 814.84%, 166, 0, 0, 800.00, 40645, 33553, 780.08%, 2086, 1997
1706881438, 1, 283, 393, 0, 0, 814.84%, 166, 0, 0, 770.00, 40742, 33687, 780.08%, 2086, 1997
1706881439, 1, 283, 394, 0, 0, 814.84%, 166, 0, 0, 606.67, 40835, 33776, 780.08%, 2086, 1997
1706881439, 1, 283, 394, 0, 0, 814.84%, 166, 0, 0, 540.00, 40918, 33855, 780.08%, 2086, 1997
1706881439, 1, 283, 394, 0, 0, 814.84%, 167, 0, 0, 460.00, 40991, 33920, 780.08%, 2086, 1997
1706881439, 1, 283, 394, 0, 0, 814.84%, 167, 0, 0, 566.67, 41067, 34014, 780.08%, 2086, 1997
1706881440, 1, 285, 394, 0, 0, 814.84%, 168, 0, 0, 893.33, 41226, 34123, 780.08%, 2086, 1997
1706881440, 1, 285, 394, 0, 0, 814.84%, 168, 0, 0, 1013.33, 41415, 34238, 780.08%, 2086, 1997
1706881440, 1, 290, 394, 0, 0, 814.84%, 168, 0, 0, 727.57, 41541, 34331, 780.08%, 2086, 1997
1706881441, 1, 294, 394, 0, 0, 814.84%, 168, 0, 0, 651.16, 41645, 34423, 780.08%, 2086, 1997
1706881441, 1, 294, 394, 0, 0, 814.84%, 170, 0, 0, 651.16, 41747, 34517, 780.08%, 2086, 1997
1706881441, 1, 294, 394, 0, 0, 814.84%, 170, 0, 0, 584.72, 41832, 34608, 780.08%, 2086, 1997
1706881442, 1, 294, 395, 0, 0, 814.84%, 170, 0, 0, 633.33, 41923, 34707, 780.08%, 2086, 1997
1706881442, 1, 296, 395, 0, 0, 814.84%, 171, 0, 0, 630.00, 42021, 34798, 780.08%, 2086, 1997
1706881442, 1, 297, 395, 0, 0, 814.84%, 171, 0, 0, 686.67, 42129, 34896, 780.08%, 2086, 1997
1706881442, 1, 297, 395, 0, 0, 814.84%, 171, 0, 0, 617.94, 42227, 34984, 780.08%, 2086, 1997
1706881443, 1, 297, 395, 0, 0, 814.84%, 172, 0, 0, 624.58, 42336, 35063, 780.08%, 2086, 1997
1706881443, 1, 298, 395, 0, 0, 814.84%, 172, 0, 0, 634.55, 42442, 35148, 780.08%, 2086, 1997
1706881443, 1, 298, 395, 0, 0, 814.84%, 172, 0, 0, 664.45, 42539, 35251, 780.08%, 2086, 1997
1706881444, 1, 298, 395, 0, 0, 814.84%, 172, 0, 0, 571.43, 42651, 35311, 780.08%, 2086, 1997
1706881444, 1, 298, 395, 0, 0, 814.84%, 172, 0, 0, 601.33, 42760, 35383, 780.08%, 2086, 1997
1706881444, 1, 298, 395, 0, 0, 814.84%, 172, 0, 0, 533.33, 42853, 35450, 780.08%, 2086, 1997
1706881445, 1, 305, 395, 0, 0, 814.84%, 172, 0, 0, 730.00, 42959, 35563, 780.08%, 2086, 1997
1706881445, 1, 310, 395, 0, 0, 814.84%, 172, 0, 0, 603.33, 43058, 35645, 780.08%, 2086, 1997
1706881445, 1, 316, 395, 0, 0, 814.84%, 172, 0, 0, 641.20, 43147, 35749, 780.08%, 2086, 1997
1706881445, 1, 321, 396, 0, 0, 814.84%, 172, 0, 0, 956.67, 43319, 35864, 780.47%, 2086, 1998
1706881446, 1, 328, 396, 0, 0, 814.84%, 172, 0, 0, 860.00, 43436, 36005, 780.47%, 2086, 1998
1706881446, 1, 337, 398, 0, 0, 814.84%, 172, 0, 0, 636.67, 43483, 36149, 780.47%, 2086, 1998
1706881446, 1, 342, 398, 0, 0, 814.84%, 172, 0, 0, 897.01, 43601, 36301, 780.47%, 2086, 1998
1706881447, 1, 342, 398, 0, 0, 814.84%, 172, 0, 0, 773.33, 43699, 36435, 780.47%, 2086, 1998
1706881447, 1, 342, 398, 0, 0, 814.84%, 172, 0, 0, 816.67, 43808, 36571, 780.47%, 2086, 1998
1706881447, 1, 346, 399, 0, 0, 814.84%, 172, 0, 0, 753.33, 43909, 36696, 780.47%, 2086, 1998
1706881448, 1, 350, 399, 0, 0, 814.84%, 172, 0, 0, 840.00, 44044, 36813, 780.47%, 2086, 1998
1706881448, 1, 350, 399, 0, 0, 814.84%, 172, 0, 0, 940.00, 44211, 36928, 780.47%, 2086, 1998
1706881448, 1, 350, 399, 0, 0, 814.84%, 172, 0, 0, 910.00, 44360, 37052, 780.47%, 2086, 1998
1706881448, 1, 355, 399, 0, 0, 814.84%, 172, 0, 0, 593.33, 44455, 37135, 780.47%, 2086, 1998
1706881449, 1, 359, 400, 0, 0, 814.84%, 173, 0, 0, 520.00, 44527, 37219, 780.47%, 2086, 1998
1706881449, 1, 363, 401, 0, 0, 814.84%, 173, 0, 0, 485.05, 44603, 37289, 780.47%, 2086, 1998
1706881449, 1, 366, 401, 0, 0, 814.84%, 173, 0, 0, 616.67, 44682, 37395, 780.47%, 2086, 1998
1706881450, 1, 366, 401, 0, 0, 814.84%, 173, 0, 0, 606.67, 44761, 37498, 780.47%, 2086, 1998
1706881450, 1, 366, 401, 0, 0, 814.84%, 173, 0, 0, 730.00, 44845, 37633, 780.47%, 2086, 1998
1706881450, 1, 368, 401, 0, 0, 814.84%, 173, 0, 0, 743.33, 44933, 37768, 780.47%, 2086, 1998
1706881451, 1, 372, 403, 0, 0, 814.84%, 173, 0, 0, 510.00, 45007, 37847, 780.47%, 2086, 1998
1706881451, 1, 379, 404, 0, 0, 814.84%, 173, 0, 0, 633.33, 45086, 37958, 780.47%, 2086, 1998
1706881451, 1, 383, 405, 0, 0, 814.84%, 173, 0, 0, 1830.00, 45425, 38168, 780.47%, 2086, 1998
1706881451, 1, 389, 406, 0, 0, 814.84%, 175, 0, 0, 633.33, 45520, 38263, 780.47%, 2086, 1998
1706881452, 1, 397, 407, 0, 0, 814.84%, 175, 0, 0, 1190.00, 45711, 38429, 780.47%, 2086, 1998
1706881452, 1, 401, 408, 0, 0, 814.84%, 176, 0, 0, 518.27, 45796, 38500, 780.47%, 2086, 1998
1706881452, 1, 407, 410, 0, 0, 814.84%, 176, 0, 0, 568.11, 45884, 38583, 780.47%, 2086, 1998
1706881453, 2, 0, 411, 0, 0, 814.84%, 176, 0, 0, 986.67, 46072, 38691, 780.47%, 2086, 1998
1706881453, 2, 1, 411, 0, 0, 814.84%, 176, 0, 0, 2070.00, 46546, 38838, 780.47%, 2086, 1998
1706881453, 2, 4, 411, 0, 0, 814.84%, 177, 0, 0, 2180.00, 47090, 38948, 780.47%, 2086, 1998
1706881454, 2, 9, 411, 0, 0, 814.84%, 178, 0, 0, 2253.33, 47659, 39055, 780.47%, 2086, 1998
1706881454, 2, 12, 411, 0, 0, 814.84%, 178, 0, 0, 2146.67, 48183, 39175, 780.47%, 2086, 1998
1706881454, 2, 16, 411, 0, 0, 814.84%, 178, 0, 0, 1386.67, 48456, 39318, 780.47%, 2086, 1998
1706881454, 2, 16, 411, 0, 0, 814.84%, 179, 0, 0, 890.00, 48638, 39403, 780.47%, 2086, 1998
1706881455, 2, 16, 411, 0, 0, 814.84%, 179, 0, 0, 940.00, 48824, 39499, 780.47%, 2086, 1998
1706881455, 2, 22, 411, 0, 0, 814.84%, 179, 0, 0, 2216.67, 49273, 39715, 780.47%, 2086, 1998
1706881455, 2, 23, 411, 0, 0, 814.84%, 179, 0, 0, 1033.33, 49448, 39850, 780.47%, 2086, 1998
1706881456, 2, 23, 411, 0, 0, 814.84%, 179, 0, 0, 956.67, 49610, 39975, 780.47%, 2086, 1998
1706881456, 2, 25, 411, 0, 0, 814.84%, 180, 0, 0, 1516.45, 49930, 40116, 780.47%, 2086, 1998
1706881456, 2, 29, 411, 0, 0, 814.84%, 180, 0, 0, 2333.33, 50457, 40289, 780.47%, 2086, 1998
1706881457, 2, 35, 411, 0, 0, 814.84%, 180, 0, 0, 2150.00, 50917, 40474, 780.47%, 2086, 1998
1706881457, 2, 39, 411, 0, 0, 814.84%, 180, 0, 0, 2316.67, 51385, 40701, 780.47%, 2086, 1998
1706881457, 2, 47, 411, 0, 0, 814.84%, 180, 0, 0, 2403.33, 51835, 40972, 780.47%, 2086, 1998
1706881457, 2, 52, 413, 0, 0, 818.75%, 180, 0, 0, 2283.33, 52352, 41140, 780.47%, 2096, 1998
1706881458, 2, 63, 413, 0, 0, 818.75%, 180, 0, 0, 1660.00, 52576, 41414, 780.47%, 2096, 1998
1706881458, 2, 64, 413, 0, 0, 818.75%, 180, 0, 0, 1352.56, 52787, 41625, 780.47%, 2096, 1998
1706881458, 2, 65, 413, 0, 0, 818.75%, 180, 0, 0, 1033.33, 52807, 41915, 780.47%, 2096, 1998
1706881459, 2, 73, 413, 0, 0, 818.75%, 180, 0, 0, 2173.33, 53205, 42169, 780.47%, 2096, 1998
1706881459, 2, 80, 413, 0, 0, 818.75%, 180, 0, 0, 1900.00, 53596, 42348, 780.47%, 2096, 1998
1706881459, 2, 80, 413, 0, 0, 818.75%, 180, 0, 0, 574.75, 53673, 42444, 780.47%, 2096, 1998
1706881460, 2, 80, 413, 0, 0, 818.75%, 180, 0, 0, 694.53, 53772, 42561, 780.47%, 2096, 1998
1706881460, 2, 80, 413, 0, 0, 818.75%, 180, 0, 0, 653.33, 53853, 42676, 780.47%, 2096, 1998
1706881460, 2, 87, 413, 0, 0, 818.75%, 180, 0, 0, 1680.00, 54127, 42906, 780.47%, 2096, 1998
1706881460, 2, 94, 414, 0, 0, 818.75%, 180, 0, 0, 1636.67, 54349, 43175, 780.47%, 2096, 1998
1706881461, 2, 95, 415, 0, 0, 819.14%, 181, 0, 0, 1103.33, 54403, 43452, 780.47%, 2097, 1998
1706881461, 2, 102, 416, 0, 0, 819.14%, 181, 0, 0, 1753.33, 54570, 43811, 780.47%, 2097, 1998
1706881461, 2, 106, 416, 0, 0, 819.14%, 182, 0, 0, 1456.67, 54694, 44124, 780.47%, 2097, 1998
1706881462, 2, 109, 416, 0, 0, 819.14%, 182, 0, 0, 1306.67, 54868, 44342, 780.47%, 2097, 1998
1706881462, 2, 109, 416, 0, 0, 819.14%, 182, 0, 0, 833.33, 54987, 44473, 780.47%, 2097, 1998
1706881462, 2, 109, 416, 0, 0, 819.14%, 182, 0, 0, 893.33, 55108, 44620, 780.47%, 2097, 1998
1706881463, 2, 117, 416, 0, 0, 819.14%, 182, 0, 0, 1980.00, 55459, 44863, 780.47%, 2097, 1998
1706881463, 2, 120, 416, 0, 0, 819.14%, 182, 0, 0, 2393.33, 55943, 45097, 780.47%, 2097, 1998
1706881463, 2, 124, 416, 0, 0, 819.14%, 183, 0, 0, 1953.33, 56308, 45318, 780.47%, 2097, 1998
1706881463, 2, 124, 417, 0, 0, 819.14%, 184, 0, 0, 1276.67, 56503, 45506, 780.47%, 2097, 1998
1706881464, 2, 128, 417, 0, 0, 819.14%, 186, 0, 0, 1763.33, 56874, 45664, 780.47%, 2097, 1998
1706881464, 2, 139, 417, 0, 0, 819.14%, 186, 0, 0, 1706.67, 57147, 45903, 780.47%, 2097, 1998
1706881464, 2, 147, 417, 0, 0, 819.14%, 186, 0, 0, 1750.00, 57508, 46067, 780.47%, 2097, 1998
1706881465, 2, 159, 418, 0, 0, 819.14%, 187, 0, 0, 1266.67, 57711, 46244, 780.47%, 2097, 1998
1706881465, 2, 163, 418, 0, 0, 819.14%, 187, 0, 0, 1753.33, 58112, 46369, 780.47%, 2097, 1998
1706881465, 2, 172, 418, 0, 0, 819.14%, 187, 0, 0, 960.13, 58294, 46476, 780.47%, 2097, 1998
1706881466, 2, 182, 418, 0, 0, 819.14%, 188, 0, 0, 906.67, 58377, 46665, 780.47%, 2097, 1998
1706881466, 2, 184, 418, 0, 0, 819.14%, 188, 0, 0, 1126.67, 58439, 46941, 780.47%, 2097, 1998
1706881466, 2, 185, 418, 0, 0, 819.14%, 188, 0, 0, 637.87, 58553, 47019, 780.47%, 2097, 1998
1706881466, 2, 185, 418, 0, 0, 819.14%, 188, 0, 0, 671.10, 58667, 47107, 780.47%, 2097, 1998
1706881467, 2, 185, 418, 0, 0, 819.14%, 188, 0, 0, 616.67, 58773, 47186, 780.47%, 2097, 1998
1706881467, 2, 187, 418, 0, 0, 819.14%, 188, 0, 0, 810.00, 58920, 47282, 780.47%, 2097, 1998
1706881467, 2, 192, 418, 0, 0, 819.14%, 189, 0, 0, 2760.00, 59544, 47486, 780.47%, 2097, 1998
1706881468, 2, 202, 418, 0, 0, 819.14%, 189, 0, 0, 1673.33, 59897, 47635, 780.47%, 2097, 1998
1706881468, 2, 202, 418, 0, 0, 819.14%, 189, 0, 0, 1090.00, 59989, 47870, 780.47%, 2097, 1998
1706881468, 2, 204, 418, 0, 0, 819.14%, 189, 0, 0, 950.00, 60134, 48010, 780.47%, 2097, 1998
1706881469, 2, 204, 418, 0, 0, 819.14%, 189, 0, 0, 1029.90, 60300, 48154, 780.47%, 2097, 1998
1706881469, 2, 206, 418, 0, 0, 819.14%, 190, 0, 0, 880.00, 60449, 48269, 780.47%, 2097, 1998
1706881469, 2, 206, 418, 0, 0, 819.14%, 190, 0, 0, 556.29, 60536, 48350, 780.47%, 2097, 1998
1706881469, 2, 206, 418, 0, 0, 819.14%, 190, 0, 0, 616.67, 60619, 48452, 780.47%, 2097, 1998
1706881470, 2, 206, 418, 0, 0, 819.14%, 190, 0, 0, 604.65, 60717, 48536, 780.47%, 2097, 1998
1706881470, 2, 208, 418, 0, 0, 819.14%, 191, 0, 0, 623.33, 60811, 48629, 780.47%, 2097, 1998
1706881470, 2, 213, 418, 0, 0, 819.14%, 192, 0, 0, 1970.00, 61222, 48809, 780.47%, 2097, 1998
1706881471, 2, 218, 419, 0, 0, 819.14%, 192, 0, 0, 1750.83, 61535, 49023, 780.47%, 2097, 1998
1706881471, 2, 218, 419, 0, 0, 819.14%, 192, 0, 0, 830.00, 61539, 49268, 780.47%, 2097, 1998
1706881471, 2, 225, 419, 0, 0, 819.14%, 192, 0, 0, 1100.00, 61675, 49462, 780.47%, 2097, 1998
1706881472, 2, 233, 420, 0, 0, 819.14%, 192, 0, 0, 1886.67, 62020, 49683, 780.47%, 2097, 1998
1706881472, 2, 235, 420, 0, 0, 819.14%, 192, 0, 0, 903.33, 62022, 49952, 780.47%, 2097, 1998
1706881472, 2, 243, 420, 0, 0, 819.14%, 192, 0, 0, 1300.00, 62143, 50221, 780.47%, 2097, 1998
1706881472, 2, 250, 420, 0, 0, 819.14%, 192, 0, 0, 698.36, 62223, 50354, 780.47%, 2097, 1998
1706881473, 2, 253, 420, 0, 0, 819.14%, 193, 0, 0, 667.76, 62261, 50519, 780.47%, 2097, 1998
1706881473, 2, 254, 420, 0, 0, 819.14%, 193, 0, 0, 760.80, 62288, 50721, 780.47%, 2097, 1998
1706881473, 2, 255, 420, 0, 0, 819.14%, 193, 0, 0, 740.00, 62294, 50937, 780.47%, 2097, 1998
1706881474, 2, 260, 420, 0, 0, 819.14%, 194, 0, 0, 894.04, 62325, 51176, 780.47%, 2097, 1998
1706881474, 2, 267, 421, 0, 0, 819.14%, 195, 0, 0, 1316.67, 62502, 51394, 780.47%, 2097, 1998
1706881474, 2, 268, 421, 0, 0, 819.14%, 195, 0, 0, 1026.67, 62513, 51691, 780.47%, 2097, 1998
1706881475, 2, 269, 422, 0, 0, 819.14%, 195, 0, 0, 1033.22, 62540, 51975, 780.47%, 2097, 1998
1706881475, 2, 273, 422, 0, 0, 819.14%, 195, 0, 0, 1200.00, 62717, 52158, 780.47%, 2097, 1998
1706881475, 2, 274, 422, 0, 0, 819.14%, 195, 0, 0, 1256.67, 62890, 52362, 780.47%, 2097, 1998
1706881475, 2, 274, 422, 0, 0, 819.14%, 195, 0, 0, 1233.33, 63087, 52535, 780.47%, 2097, 1998
1706881476, 2, 277, 422, 0, 0, 819.14%, 195, 0, 0, 1716.67, 63435, 52702, 780.47%, 2097, 1998
1706881476, 2, 282, 422, 0, 0, 819.14%, 195, 0, 0, 1016.67, 63606, 52836, 780.47%, 2097, 1998
1706881476, 2, 282, 422, 0, 0, 819.14%, 195, 0, 0, 793.33, 63710, 52970, 780.47%, 2097, 1998
1706881477, 2, 282, 422, 0, 0, 819.14%, 195, 0, 0, 823.33, 63813, 53114, 780.47%, 2097, 1998
1706881477, 2, 283, 422, 0, 0, 819.14%, 196, 0, 0, 674.42, 63888, 53242, 780.47%, 2097, 1998
1706881477, 2, 283, 422, 0, 0, 819.14%, 196, 0, 0, 540.00, 63970, 53322, 780.47%, 2097, 1998
1706881478, 2, 283, 422, 0, 0, 819.14%, 196, 0, 0, 620.00, 64054, 53424, 780.47%, 2097, 1998
1706881478, 2, 283, 422, 0, 0, 819.14%, 198, 0, 0, 637.25, 64141, 53532, 780.47%, 2097, 1998
1706881478, 2, 285, 422, 0, 0, 819.14%, 198, 0, 0, 536.67, 64223, 53611, 780.47%, 2097, 1998
1706881478, 2, 285, 422, 0, 0, 819.14%, 198, 0, 0, 946.67, 64402, 53716, 780.47%, 2097, 1998
1706881479, 2, 286, 422, 0, 0, 819.14%, 198, 0, 0, 1073.09, 64608, 53833, 780.47%, 2097, 1998
1706881479, 2, 292, 422, 0, 0, 819.14%, 198, 0, 0, 644.52, 64698, 53937, 780.47%, 2097, 1998
1706881479, 2, 294, 422, 0, 0, 819.14%, 198, 0, 0, 596.67, 64799, 54015, 780.47%, 2097, 1998
1706881480, 2, 294, 422, 0, 0, 819.14%, 198, 0, 0, 690.00, 64914, 54107, 780.47%, 2097, 1998
1706881480, 2, 294, 422, 0, 0, 819.14%, 198, 0, 0, 674.42, 65012, 54212, 780.47%, 2097, 1998
1706881480, 2, 295, 422, 0, 0, 819.14%, 198, 0, 0, 671.10, 65120, 54306, 780.47%, 2097, 1998
1706881481, 2, 297, 422, 0, 0, 819.14%, 198, 0, 0, 643.33, 65228, 54391, 780.47%, 2097, 1998
1706881481, 2, 297, 422, 0, 0, 819.14%, 198, 0, 0, 660.00, 65330, 54487, 780.47%, 2097, 1998
1706881481, 2, 297, 422, 0, 0, 819.14%, 198, 0, 0, 681.06, 65433, 54589, 780.47%, 2097, 1998
1706881481, 2, 298, 422, 0, 0, 819.14%, 198, 0, 0, 656.67, 65551, 54668, 780.47%, 2097, 1998
1706881482, 2, 298, 422, 0, 0, 819.14%, 198, 0, 0, 600.00, 65658, 54741, 780.47%, 2097, 1998
1706881482, 2, 298, 423, 0, 0, 819.14%, 198, 0, 0, 626.67, 65763, 54824, 780.47%, 2097, 1998
1706881482, 2, 298, 423, 0, 0, 819.14%, 198, 0, 0, 690.00, 65876, 54918, 780.47%, 2097, 1998
1706881483, 2, 300, 423, 0, 0, 819.14%, 198, 0, 0, 680.00, 65974, 55024, 780.47%, 2097, 1998
1706881483, 2, 308, 423, 0, 0, 819.14%, 198, 0, 0, 784.05, 66083, 55151, 780.47%, 2097, 1998
1706881483, 2, 313, 423, 0, 0, 819.14%, 198, 0, 0, 640.00, 66187, 55239, 780.47%, 2097, 1998
1706881484, 2, 318, 423, 0, 0, 819.14%, 199, 0, 0, 670.00, 66289, 55338, 780.47%, 2097, 1998
1706881484, 2, 324, 423, 0, 0, 819.14%, 199, 0, 0, 1133.33, 66483, 55484, 780.47%, 2097, 1998
1706881484, 2, 333, 423, 0, 0, 819.14%, 200, 0, 0, 750.00, 66546, 55646, 780.47%, 2097, 1998
1706881484, 2, 342, 425, 0, 0, 819.14%, 200, 0, 0, 953.49, 66631, 55848, 780.47%, 2097, 1998
1706881485, 2, 342, 425, 0, 0, 819.14%, 200, 0, 0, 913.62, 66735, 56019, 780.47%, 2097, 1998
1706881485, 2, 342, 425, 0, 0, 819.14%, 200, 0, 0, 920.00, 66834, 56196, 780.47%, 2097, 1998
1706881485, 2, 347, 425, 0, 0, 819.14%, 200, 0, 0, 670.85, 66933, 56311, 780.47%, 2097, 1998
1706881486, 2, 350, 425, 0, 0, 819.14%, 201, 0, 0, 990.00, 67095, 56446, 780.47%, 2097, 1998
1706881486, 2, 350, 425, 0, 0, 819.14%, 201, 0, 0, 1093.33, 67289, 56580, 780.47%, 2097, 1998
1706881486, 2, 353, 425, 0, 0, 819.14%, 201, 0, 0, 893.33, 67425, 56712, 780.47%, 2097, 1998
1706881487, 2, 358, 425, 0, 0, 819.14%, 201, 0, 0, 610.00, 67516, 56804, 780.47%, 2097, 1998
1706881487, 2, 363, 425, 0, 0, 819.14%, 202, 0, 0, 603.33, 67610, 56891, 780.47%, 2097, 1998
1706881487, 2, 366, 425, 0, 0, 819.14%, 202, 0, 0, 793.33, 67705, 57034, 780.47%, 2097, 1998
1706881488, 2, 366, 425, 0, 0, 819.14%, 202, 0, 0, 816.67, 67821, 57163, 780.47%, 2097, 1998
1706881488, 2, 366, 425, 0, 0, 819.14%, 202, 0, 0, 790.00, 67919, 57302, 780.47%, 2097, 1998
1706881488, 2, 371, 425, 0, 0, 819.14%, 202, 0, 0, 626.67, 67994, 57415, 780.47%, 2097, 1998
1706881488, 2, 376, 426, 0, 0, 819.14%, 202, 0, 0, 560.00, 68075, 57502, 780.47%, 2097, 1998
1706881489, 2, 383, 426, 0, 0, 819.14%, 202, 0, 0, 2003.33, 68454, 57724, 780.47%, 2097, 1998
1706881489, 2, 389, 426, 0, 0, 819.14%, 202, 0, 0, 620.00, 68547, 57817, 780.47%, 2097, 1998
1706881489, 2, 395, 426, 0, 0, 819.14%, 202, 0, 0, 1076.67, 68731, 57956, 780.47%, 2097, 1998
1706881490, 2, 401, 426, 0, 0, 819.14%, 202, 0, 0, 603.33, 68802, 58066, 780.47%, 2097, 1998
1706881490, 2, 407, 427, 0, 0, 819.14%, 202, 0, 0, 657.81, 68892, 58174, 780.47%, 2097, 1998
1706881490, 2, 414, 429, 0, 0, 819.14%, 202, 0, 0, 1140.00, 69009, 58399, 780.47%, 2097, 1998
1706881491, 2, 416, 429, 0, 0, 819.14%, 202, 0, 0, 794.79, 69029, 58623, 780.47%, 2097, 1998
1706881491, 2, 425, 431, 0, 0, 819.14%, 203, 0, 0, 773.33, 69131, 58753, 780.47%, 2097, 1998
1706881491, 2, 429, 435, 0, 0, 819.14%, 203, 0, 0, 500.00, 69192, 58842, 780.47%, 2097, 1998
1706881491, 2, 432, 435, 0, 0, 819.14%, 203, 0, 0, 386.23, 69252, 58911, 780.47%, 2097, 1998
1706881492, 3, 0, 435, 0, 0, 819.14%, 203, 0, 0, 1176.67, 69487, 59029, 780.47%, 2097, 1998
1706881492, 3, 2, 435, 0, 0, 819.14%, 203, 0, 0, 2106.67, 69992, 59156, 780.47%, 2097, 1998
1706881492, 3, 5, 435, 0, 0, 819.14%, 203, 0, 0, 2230.00, 70543, 59274, 780.47%, 2097, 1998
1706881493, 3, 10, 436, 0, 0, 819.14%, 203, 0, 0, 2290.00, 71124, 59380, 780.86%, 2097, 1999
1706881493, 3, 12, 436, 0, 0, 819.14%, 203, 0, 0, 1750.00, 71558, 59471, 780.86%, 2097, 1999
1706881493, 3, 16, 436, 0, 0, 819.14%, 203, 0, 0, 1373.33, 71821, 59620, 780.86%, 2097, 1999
1706881494, 3, 16, 436, 0, 0, 819.14%, 203, 0, 0, 800.00, 71993, 59696, 780.86%, 2097, 1999
1706881494, 3, 19, 436, 0, 0, 819.14%, 203, 0, 0, 1070.00, 72195, 59815, 780.86%, 2097, 1999
1706881494, 3, 23, 436, 0, 0, 819.14%, 203, 0, 0, 2080.00, 72612, 60022, 780.86%, 2097, 1999
1706881494, 3, 23, 436, 0, 0, 819.14%, 203, 0, 0, 986.67, 72787, 60143, 780.86%, 2097, 1999
1706881495, 3, 23, 436, 0, 0, 819.14%, 203, 0, 0, 933.33, 72954, 60256, 780.86%, 2097, 1999
1706881495, 3, 27, 436, 0, 0, 819.14%, 203, 0, 0, 2156.67, 73419, 60438, 780.86%, 2097, 1999
1706881495, 3, 31, 436, 0, 0, 819.14%, 203, 0, 0, 2370.00, 73999, 60569, 780.86%, 2097, 1999
1706881496, 3, 37, 436, 0, 0, 819.14%, 204, 0, 0, 2478.41, 74478, 60836, 780.86%, 2097, 1999
1706881496, 3, 45, 436, 0, 0, 819.14%, 204, 0, 0, 2500.00, 75002, 61062, 780.86%, 2097, 1999
1706881496, 3, 48, 436, 0, 0, 819.14%, 204, 0, 0, 2503.33, 75508, 61307, 780.86%, 2097, 1999
1706881497, 3, 63, 436, 0, 0, 819.14%, 204, 0, 0, 2006.67, 75824, 61593, 780.86%, 2097, 1999
1706881497, 3, 64, 436, 0, 0, 819.14%, 204, 0, 0, 1123.33, 75913, 61841, 780.86%, 2097, 1999
1706881497, 3, 65, 436, 0, 0, 819.14%, 204, 0, 0, 1293.33, 76053, 62089, 780.86%, 2097, 1999
1706881497, 3, 73, 437, 0, 0, 819.14%, 204, 0, 0, 2016.67, 76409, 62338, 781.25%, 2097, 2000
1706881498, 3, 80, 437, 0, 0, 819.14%, 204, 0, 0, 2225.17, 76853, 62566, 781.25%, 2097, 2000
1706881498, 3, 80, 437, 0, 0, 819.14%, 204, 0, 0, 743.33, 76965, 62677, 781.25%, 2097, 2000
1706881498, 3, 80, 437, 0, 0, 819.14%, 204, 0, 0, 770.00, 77062, 62811, 781.25%, 2097, 2000
1706881499, 3, 82, 437, 0, 0, 819.14%, 204, 0, 0, 1033.33, 77196, 62987, 781.25%, 2097, 2000
1706881499, 3, 91, 438, 0, 0, 819.14%, 204, 0, 0, 1810.00, 77516, 63210, 781.64%, 2097, 2001
1706881499, 3, 94, 438, 0, 0, 819.14%, 204, 0, 0, 1366.67, 77636, 63500, 781.64%, 2097, 2001
1706881500, 3, 100, 438, 0, 0, 819.14%, 204, 0, 0, 1668.87, 77784, 63856, 781.64%, 2097, 2001
1706881500, 3, 102, 438, 0, 0, 819.14%, 204, 0, 0, 1290.00, 77858, 64169, 781.64%, 2097, 2001
1706881500, 3, 109, 438, 0, 0, 819.14%, 204, 0, 0, 1840.00, 78084, 64495, 781.64%, 2097, 2001
1706881500, 3, 109, 438, 0, 0, 819.14%, 204, 0, 0, 956.67, 78226, 64640, 781.64%, 2097, 2001
1706881501, 3, 109, 438, 0, 0, 819.14%, 205, 0, 0, 950.00, 78358, 64793, 781.64%, 2097, 2001
1706881501, 3, 116, 438, 0, 0, 819.14%, 205, 0, 0, 1653.33, 78616, 65031, 781.64%, 2097, 2001
1706881501, 3, 119, 438, 0, 0, 819.14%, 206, 0, 0, 2136.67, 79038, 65250, 781.64%, 2097, 2001
1706881502, 3, 123, 438, 0, 0, 819.14%, 206, 0, 0, 2196.67, 79492, 65455, 781.64%, 2097, 2001
1706881502, 3, 124, 438, 0, 0, 819.14%, 206, 0, 0, 1353.33, 79698, 65655, 781.64%, 2097, 2001
1706881502, 3, 128, 438, 0, 0, 819.14%, 207, 0, 0, 1413.33, 79943, 65834, 781.64%, 2097, 2001
1706881503, 3, 135, 438, 0, 0, 819.14%, 207, 0, 0, 2212.62, 80355, 66088, 781.64%, 2097, 2001
1706881503, 3, 147, 438, 0, 0, 819.14%, 207, 0, 0, 1830.00, 80713, 66279, 781.64%, 2097, 2001
1706881503, 3, 159, 438, 0, 0, 819.14%, 207, 0, 0, 1433.33, 80948, 66474, 781.64%, 2097, 2001
1706881503, 3, 165, 438, 0, 0, 819.14%, 207, 0, 0, 1986.67, 81402, 66616, 781.64%, 2097, 2001
1706881504, 3, 175, 438, 0, 0, 819.14%, 207, 0, 0, 980.33, 81571, 66746, 781.64%, 2097, 2001
1706881504, 3, 182, 438, 0, 0, 819.14%, 207, 0, 0, 1000.00, 81643, 66975, 781.64%, 2097, 2001
1706881504, 3, 185, 438, 0, 0, 819.14%, 207, 0, 0, 943.33, 81707, 67194, 781.64%, 2097, 2001
1706881505, 3, 185, 438, 0, 0, 819.14%, 207, 0, 0, 663.33, 81820, 67280, 781.64%, 2097, 2001
1706881505, 3, 185, 438, 0, 0, 819.14%, 207, 0, 0, 613.33, 81927, 67357, 781.64%, 2097, 2001
1706881505, 3, 185, 438, 0, 0, 819.14%, 207, 0, 0, 690.00, 82029, 67462, 781.64%, 2097, 2001
1706881506, 3, 188, 438, 0, 0, 819.14%, 207, 0, 0, 1200.00, 82285, 67566, 781.64%, 2097, 2001
1706881506, 3, 192, 438, 0, 0, 819.14%, 207, 0, 0, 2270.00, 82809, 67723, 781.64%, 2097, 2001
1706881506, 3, 202, 438, 0, 0, 819.14%, 207, 0, 0, 1657.81, 83133, 67898, 781.64%, 2097, 2001
1706881506, 3, 203, 438, 0, 0, 819.14%, 207, 0, 0, 1146.67, 83234, 68141, 781.64%, 2097, 2001
1706881507, 3, 204, 438, 0, 0, 819.14%, 207, 0, 0, 1033.11, 83400, 68287, 781.64%, 2097, 2001
1706881507, 3, 204, 438, 0, 0, 819.14%, 207, 0, 0, 1023.33, 83556, 68438, 781.64%, 2097, 2001
1706881507, 3, 206, 438, 0, 0, 819.14%, 207, 0, 0, 830.00, 83693, 68550, 781.64%, 2097, 2001
1706881508, 3, 206, 438, 0, 0, 819.14%, 207, 0, 0, 558.14, 83779, 68632, 781.64%, 2097, 2001
1706881508, 3, 206, 438, 0, 0, 819.14%, 207, 0, 0, 671.10, 83892, 68721, 781.64%, 2097, 2001
1706881508, 3, 206, 438, 0, 0, 819.14%, 207, 0, 0, 665.56, 84001, 68813, 781.64%, 2097, 2001
1706881509, 3, 209, 439, 0, 0, 819.14%, 207, 0, 0, 1508.31, 84285, 68983, 782.03%, 2097, 2002
1706881509, 3, 216, 439, 0, 0, 819.14%, 208, 0, 0, 1495.02, 84499, 69219, 782.03%, 2097, 2002
1706881509, 3, 218, 439, 0, 0, 819.14%, 208, 0, 0, 1376.67, 84744, 69387, 782.03%, 2097, 2002
1706881509, 3, 218, 439, 0, 0, 819.14%, 209, 0, 0, 900.33, 84751, 69651, 782.03%, 2097, 2002
1706881510, 3, 229, 439, 0, 0, 819.14%, 209, 0, 0, 1940.00, 85115, 69869, 782.03%, 2097, 2002
1706881510, 3, 235, 439, 0, 0, 819.14%, 209, 0, 0, 1016.67, 85231, 70058, 782.03%, 2097, 2002
1706881510, 3, 235, 439, 0, 0, 819.14%, 209, 0, 0, 933.55, 85234, 70336, 782.03%, 2097, 2002
1706881511, 3, 245, 439, 0, 0, 819.14%, 209, 0, 0, 1249.17, 85394, 70552, 782.03%, 2097, 2002
1706881511, 3, 253, 439, 0, 0, 819.14%, 210, 0, 0, 740.00, 85465, 70703, 782.03%, 2097, 2002
1706881511, 3, 253, 439, 0, 0, 819.14%, 210, 0, 0, 763.33, 85472, 70925, 782.03%, 2097, 2002
1706881512, 3, 255, 439, 0, 0, 819.14%, 210, 0, 0, 843.33, 85497, 71153, 782.03%, 2097, 2002
1706881512, 3, 255, 439, 0, 0, 819.14%, 210, 0, 0, 763.33, 85500, 71379, 782.03%, 2097, 2002
1706881512, 3, 266, 439, 0, 0, 819.14%, 210, 0, 0, 1308.97, 85710, 71563, 782.03%, 2097, 2002
1706881512, 3, 267, 439, 0, 0, 819.14%, 210, 0, 0, 1163.33, 85742, 71880, 782.03%, 2097, 2002
1706881513, 3, 269, 439, 0, 0, 819.14%, 210, 0, 0, 1276.67, 85772, 72233, 782.03%, 2097, 2002
1706881513, 3, 273, 439, 0, 0, 819.14%, 211, 0, 0, 1300.00, 85976, 72419, 782.03%, 2097, 2002
1706881513, 3, 274, 439, 0, 0, 819.14%, 211, 0, 0, 1353.33, 86171, 72630, 782.03%, 2097, 2002
1706881514, 3, 274, 439, 0, 0, 819.14%, 211, 0, 0, 1330.00, 86380, 72820, 782.03%, 2097, 2002
1706881514, 3, 278, 439, 0, 0, 819.14%, 211, 0, 0, 1763.33, 86760, 72969, 782.03%, 2097, 2002
1706881514, 3, 282, 439, 0, 0, 819.14%, 211, 0, 0, 770.00, 86846, 73114, 782.03%, 2097, 2002
1706881515, 3, 282, 439, 0, 0, 819.14%, 211, 0, 0, 880.00, 86945, 73279, 782.03%, 2097, 2002
1706881515, 3, 282, 439, 0, 0, 819.14%, 211, 0, 0, 893.33, 87050, 73442, 782.03%, 2097, 2002
1706881515, 3, 283, 439, 0, 0, 819.14%, 211, 0, 0, 616.67, 87144, 73533, 782.03%, 2097, 2002
1706881515, 3, 283, 439, 0, 0, 819.14%, 211, 0, 0, 656.67, 87243, 73631, 782.03%, 2097, 2002
1706881516, 3, 283, 439, 0, 0, 819.14%, 211, 0, 0, 630.00, 87333, 73730, 782.03%, 2097, 2002
1706881516, 3, 283, 439, 0, 0, 819.14%, 211, 0, 0, 650.00, 87433, 73825, 782.03%, 2097, 2002
1706881516, 3, 285, 439, 0, 0, 819.14%, 211, 0, 0, 1020.00, 87616, 73948, 782.03%, 2097, 2002
1706881517, 3, 285, 439, 0, 0, 819.14%, 211, 0, 0, 1130.00, 87841, 74062, 782.03%, 2097, 2002
1706881517, 3, 292, 439, 0, 0, 819.14%, 211, 0, 0, 710.96, 87939, 74178, 782.03%, 2097, 2002
1706881517, 3, 294, 439, 0, 0, 819.14%, 211, 0, 0, 667.77, 88039, 74279, 782.03%, 2097, 2002
1706881518, 3, 294, 439, 0, 0, 819.14%, 211, 0, 0, 700.00, 88144, 74384, 782.03%, 2097, 2002
1706881518, 3, 294, 439, 0, 0, 819.14%, 211, 0, 0, 683.33, 88249, 74484, 782.03%, 2097, 2002
1706881518, 3, 295, 439, 0, 0, 819.14%, 211, 0, 0, 621.26, 88353, 74567, 782.03%, 2097, 2002
1706881518, 3, 297, 439, 0, 0, 819.14%, 211, 0, 0, 673.33, 88459, 74663, 782.03%, 2097, 2002
1706881519, 3, 297, 439, 0, 0, 819.14%, 211, 0, 0, 568.11, 88539, 74754, 782.03%, 2097, 2002
1706881519, 3, 297, 439, 0, 0, 819.14%, 211, 0, 0, 623.33, 88646, 74834, 782.03%, 2097, 2002
1706881519, 3, 297, 439, 0, 0, 819.14%, 211, 0, 0, 607.26, 88757, 74907, 782.03%, 2097, 2002
1706881520, 3, 298, 439, 0, 0, 819.14%, 211, 0, 0, 647.84, 88873, 74986, 782.03%, 2097, 2002
1706881520, 3, 298, 439, 0, 0, 819.14%, 211, 0, 0, 600.00, 88969, 75070, 782.03%, 2097, 2002
1706881520, 3, 298, 439, 0, 0, 819.14%, 211, 0, 0, 634.55, 89084, 75146, 782.03%, 2097, 2002
1706881521, 3, 298, 439, 0, 0, 819.14%, 211, 0, 0, 568.11, 89180, 75221, 782.03%, 2097, 2002
1706881521, 3, 304, 439, 0, 0, 819.14%, 211, 0, 0, 643.33, 89275, 75319, 782.03%, 2097, 2002
1706881521, 3, 310, 439, 0, 0, 819.14%, 211, 0, 0, 740.00, 89396, 75420, 782.03%, 2097, 2002
1706881521, 3, 316, 439, 0, 0, 819.14%, 211, 0, 0, 661.13, 89494, 75521, 782.03%, 2097, 2002
1706881522, 3, 321, 439, 0, 0, 819.14%, 211, 0, 0, 963.33, 89667, 75637, 782.03%, 2097, 2002
1706881522, 3, 329, 439, 0, 0, 819.14%, 212, 0, 0, 950.00, 89798, 75791, 782.03%, 2097, 2002
1706881522, 3, 341, 439, 0, 0, 819.14%, 212, 0, 0, 833.89, 89862, 75978, 782.03%, 2097, 2002
1706881523, 3, 342, 439, 0, 0, 819.14%, 213, 0, 0, 813.33, 89948, 76136, 782.03%, 2097, 2002
1706881523, 3, 342, 439, 0, 0, 819.14%, 213, 0, 0, 840.00, 90044, 76292, 782.03%, 2097, 2002
1706881523, 3, 343, 439, 0, 0, 819.14%, 213, 0, 0, 860.00, 90166, 76428, 782.03%, 2097, 2002
1706881524, 3, 350, 439, 0, 0, 819.14%, 213, 0, 0, 793.33, 90272, 76560, 782.03%, 2097, 2002
1706881524, 3, 350, 439, 0, 0, 819.14%, 213, 0, 0, 1076.67, 90454, 76701, 782.03%, 2097, 2002
1706881524, 3, 350, 439, 0, 0, 819.14%, 213, 0, 0, 980.00, 90616, 76833, 782.03%, 2097, 2002
1706881524, 3, 354, 439, 0, 0, 819.14%, 213, 0, 0, 651.16, 90714, 76931, 782.03%, 2097, 2002
1706881525, 3, 359, 439, 0, 0, 819.14%, 213, 0, 0, 636.67, 90802, 77034, 782.03%, 2097, 2002
1706881525, 3, 364, 439, 0, 0, 819.14%, 213, 0, 0, 611.30, 90905, 77115, 782.03%, 2097, 2002
1706881525, 3, 366, 439, 0, 0, 819.14%, 213, 0, 0, 525.91, 90979, 77244, 782.03%, 2097, 2002
1706881525, 3, 366, 439, 0, 0, 819.14%, 213, 0, 0, 0.00, 90979, 77244, 782.03%, 2097, 2002
