# unix_time, cycles_done, cur_path, paths_total, pending_total, pending_favs, map_size, unique_crashes, unique_hangs, max_depth, execs_per_sec, valid_inputs, invalid_inputs, valid_cov, all_covered_probes, valid_covered_probes
1707216618, 0, 0, 1, 0, 0, 464.06%, 0, 0, 0, 0.13, 1, 0, 464.06%, 1188, 1188
1707216618, 0, 0, 4, 0, 0, 744.14%, 0, 0, 0, 5.69, 4, 0, 744.14%, 1905, 1905
1707216618, 0, 0, 14, 0, 0, 1144.53%, 0, 0, 0, 40.75, 13, 4, 772.27%, 2930, 1977
1707216619, 0, 0, 27, 0, 0, 1176.56%, 0, 0, 0, 103.34, 46, 5, 999.22%, 3012, 2558
1707216619, 0, 0, 36, 0, 0, 1210.55%, 0, 0, 0, 82.32, 67, 11, 1082.03%, 3099, 2770
1707216619, 0, 0, 46, 0, 0, 1217.58%, 0, 0, 0, 93.02, 91, 15, 1083.20%, 3117, 2773
1707216620, 0, 0, 48, 0, 0, 1218.36%, 0, 0, 0, 59.38, 108, 17, 1096.09%, 3119, 2806
1707216620, 0, 0, 54, 0, 0, 1224.22%, 0, 0, 0, 139.53, 152, 21, 1096.09%, 3134, 2806
1707216620, 0, 0, 57, 0, 0, 1224.22%, 0, 0, 0, 173.33, 202, 23, 1096.09%, 3134, 2806
1707216621, 0, 0, 62, 0, 0, 1224.22%, 0, 0, 0, 99.35, 243, 28, 1096.09%, 3134, 2806
1707216621, 0, 0, 69, 0, 0, 1226.56%, 0, 0, 0, 135.69, 284, 33, 1096.88%, 3140, 2808
1707216621, 0, 0, 72, 0, 0, 1226.56%, 0, 0, 0, 118.81, 318, 35, 1098.05%, 3140, 2811
1707216622, 0, 1, 81, 0, 0, 1226.95%, 0, 0, 0, 208.00, 388, 43, 1098.05%, 3141, 2811
1707216622, 0, 2, 82, 0, 0, 1226.95%, 0, 0, 0, 171.52, 439, 45, 1098.05%, 3141, 2811
1707216623, 0, 2, 83, 0, 0, 1226.95%, 0, 0, 0, 9.90, 444, 47, 1098.05%, 3141, 2811
1707216623, 0, 3, 90, 0, 0, 1228.13%, 0, 0, 0, 314.57, 528, 58, 1098.05%, 3144, 2811
1707216624, 0, 3, 92, 0, 0, 1228.13%, 0, 0, 0, 173.91, 584, 70, 1098.05%, 3144, 2811
1707216624, 0, 3, 94, 0, 0, 1228.13%, 0, 0, 0, 250.00, 660, 83, 1098.05%, 3144, 2811
1707216624, 0, 3, 96, 0, 0, 1228.13%, 0, 0, 0, 167.20, 698, 97, 1098.05%, 3144, 2811
1707216625, 0, 4, 97, 0, 0, 1228.13%, 0, 0, 0, 276.67, 769, 109, 1098.05%, 3144, 2811
1707216625, 0, 4, 97, 0, 0, 1228.13%, 0, 0, 0, 8.62, 770, 109, 1098.05%, 3144, 2811
