# unix_time, cycles_done, cur_path, paths_total, pending_total, pending_favs, map_size, unique_crashes, unique_hangs, max_depth, execs_per_sec, valid_inputs, invalid_inputs, valid_cov, all_covered_probes, valid_covered_probes
1706880608, 0, 0, 1, 0, 0, 269.92%, 0, 0, 0, 0.30, 1, 0, 269.92%, 691, 691
1706880609, 0, 0, 26, 0, 0, 747.27%, 3, 0, 0, 174.92, 49, 5, 728.91%, 1913, 1866
1706880609, 0, 0, 42, 0, 0, 762.50%, 6, 0, 0, 241.72, 114, 13, 737.11%, 1952, 1887
1706880609, 0, 0, 56, 0, 0, 767.19%, 9, 0, 0, 322.58, 199, 28, 739.06%, 1964, 1892
1706880610, 0, 0, 61, 0, 0, 767.97%, 11, 0, 0, 160.77, 243, 34, 739.45%, 1966, 1893
1706880610, 0, 1, 76, 0, 0, 777.73%, 12, 0, 0, 372.49, 357, 50, 740.63%, 1991, 1896
1706880610, 0, 1, 82, 0, 0, 778.91%, 13, 0, 0, 329.15, 449, 63, 741.02%, 1994, 1897
1706880611, 0, 2, 89, 0, 0, 779.69%, 13, 0, 0, 169.44, 492, 71, 741.02%, 1996, 1897
1706880611, 0, 2, 94, 0, 0, 780.47%, 14, 0, 0, 354.10, 586, 85, 741.41%, 1998, 1898
1706880611, 0, 2, 101, 0, 0, 780.86%, 16, 0, 0, 446.20, 707, 105, 741.41%, 1999, 1898
1706880612, 0, 4, 109, 0, 0, 781.25%, 17, 0, 0, 545.16, 855, 126, 741.80%, 2000, 1899
1706880612, 0, 4, 115, 0, 0, 785.94%, 20, 0, 0, 312.68, 937, 150, 744.92%, 2012, 1907
1706880612, 0, 5, 121, 0, 0, 791.02%, 20, 0, 0, 403.33, 1042, 166, 748.05%, 2025, 1915
1706880612, 0, 5, 128, 0, 0, 792.97%, 21, 0, 0, 643.33, 1202, 199, 748.44%, 2030, 1916
1706880613, 0, 6, 132, 0, 0, 794.53%, 21, 0, 0, 609.69, 1419, 221, 758.98%, 2034, 1943
1706880613, 0, 7, 136, 0, 0, 794.53%, 21, 0, 0, 140.93, 1485, 228, 758.98%, 2034, 1943
1706880614, 0, 7, 139, 0, 0, 794.53%, 21, 0, 0, 474.93, 1652, 241, 758.98%, 2034, 1943
1706880614, 0, 8, 139, 0, 0, 794.53%, 21, 0, 0, 356.67, 1746, 254, 758.98%, 2034, 1943
1706880614, 0, 8, 144, 0, 0, 795.70%, 21, 0, 0, 813.33, 1940, 304, 759.38%, 2037, 1944
1706880615, 0, 9, 146, 0, 0, 797.27%, 21, 0, 0, 583.33, 2090, 329, 760.55%, 2041, 1947
1706880615, 0, 10, 149, 0, 0, 797.66%, 22, 0, 0, 319.40, 2159, 367, 760.55%, 2042, 1947
1706880615, 0, 10, 152, 0, 0, 797.66%, 22, 0, 0, 155.12, 2184, 389, 760.55%, 2042, 1947
1706880616, 0, 11, 160, 0, 0, 798.44%, 22, 0, 0, 203.17, 2230, 420, 760.55%, 2044, 1947
1706880616, 0, 11, 170, 0, 0, 798.44%, 22, 0, 0, 94.04, 2261, 430, 760.55%, 2044, 1947
1706880616, 0, 11, 172, 0, 0, 798.83%, 22, 0, 0, 122.91, 2289, 446, 760.94%, 2045, 1948
1706880617, 0, 11, 174, 0, 0, 798.83%, 23, 0, 0, 219.51, 2338, 469, 761.33%, 2045, 1949
1706880617, 0, 11, 174, 0, 0, 798.83%, 23, 0, 0, 26.60, 2350, 472, 761.33%, 2045, 1949
1706880618, 0, 11, 178, 0, 0, 798.83%, 25, 0, 0, 202.99, 2399, 491, 761.72%, 2045, 1950
1706880618, 0, 11, 182, 0, 0, 798.83%, 26, 0, 0, 351.27, 2478, 523, 761.72%, 2045, 1950
1706880618, 0, 11, 187, 0, 0, 798.83%, 27, 0, 0, 224.03, 2523, 547, 761.72%, 2045, 1950
1706880619, 0, 11, 188, 0, 0, 798.83%, 27, 0, 0, 64.25, 2541, 552, 761.72%, 2045, 1950
1706880619, 0, 11, 191, 0, 0, 798.83%, 29, 0, 0, 240.00, 2579, 586, 761.72%, 2045, 1950
1706880619, 0, 11, 194, 0, 0, 798.83%, 29, 0, 0, 215.12, 2638, 601, 761.72%, 2045, 1950
1706880620, 0, 11, 195, 0, 0, 798.83%, 29, 0, 0, 168.83, 2675, 616, 761.72%, 2045, 1950
1706880620, 0, 12, 197, 0, 0, 798.83%, 29, 0, 0, 285.71, 2732, 649, 761.72%, 2045, 1950
1706880620, 0, 13, 198, 0, 0, 798.83%, 29, 0, 0, 677.42, 2905, 686, 761.72%, 2045, 1950
1706880621, 0, 15, 198, 0, 0, 798.83%, 29, 0, 0, 630.00, 3057, 723, 761.72%, 2045, 1950
1706880621, 0, 15, 199, 0, 0, 798.83%, 30, 0, 0, 210.36, 3104, 741, 762.11%, 2045, 1951
1706880621, 0, 15, 199, 0, 0, 798.83%, 30, 0, 0, 260.74, 3175, 761, 762.11%, 2045, 1951
1706880622, 0, 16, 206, 0, 0, 800.00%, 30, 0, 0, 1000.00, 3431, 810, 762.89%, 2048, 1953
1706880622, 0, 20, 211, 0, 0, 800.39%, 30, 0, 0, 826.23, 3608, 885, 763.28%, 2049, 1954
1706880622, 0, 22, 212, 0, 0, 801.95%, 31, 0, 0, 866.67, 3797, 956, 763.28%, 2053, 1954
1706880622, 0, 23, 214, 0, 0, 801.95%, 31, 0, 0, 611.46, 3926, 1019, 763.28%, 2053, 1954
1706880623, 0, 29, 215, 0, 0, 801.95%, 31, 0, 0, 933.33, 4150, 1075, 763.28%, 2053, 1954
1706880623, 0, 29, 215, 0, 0, 801.95%, 31, 0, 0, 474.19, 4278, 1094, 763.28%, 2053, 1954
1706880623, 0, 30, 220, 0, 0, 803.52%, 31, 0, 0, 790.00, 4456, 1153, 764.06%, 2057, 1956
1706880624, 0, 30, 222, 0, 0, 803.52%, 32, 0, 0, 477.40, 4585, 1193, 764.06%, 2057, 1956
1706880624, 0, 32, 223, 0, 0, 803.52%, 34, 0, 0, 1173.33, 4862, 1268, 764.06%, 2057, 1956
1706880624, 0, 33, 225, 0, 0, 804.30%, 35, 0, 0, 570.18, 5006, 1319, 764.84%, 2059, 1958
1706880625, 0, 35, 225, 0, 0, 804.30%, 35, 0, 0, 756.67, 5166, 1386, 764.84%, 2059, 1958
1706880625, 0, 36, 227, 0, 0, 804.30%, 35, 0, 0, 940.00, 5364, 1470, 764.84%, 2059, 1958
1706880625, 0, 37, 227, 0, 0, 804.30%, 36, 0, 0, 430.00, 5442, 1521, 764.84%, 2059, 1958
1706880626, 0, 37, 228, 0, 0, 804.30%, 38, 0, 0, 456.67, 5524, 1576, 764.84%, 2059, 1958
1706880626, 0, 37, 229, 0, 0, 804.30%, 39, 0, 0, 510.00, 5608, 1645, 764.84%, 2059, 1958
1706880626, 0, 37, 230, 0, 0, 804.30%, 39, 0, 0, 206.49, 5654, 1669, 764.84%, 2059, 1958
1706880627, 0, 37, 232, 0, 0, 804.30%, 39, 0, 0, 440.73, 5743, 1725, 764.84%, 2059, 1958
1706880627, 0, 40, 232, 0, 0, 804.30%, 39, 0, 0, 456.52, 5844, 1771, 764.84%, 2059, 1958
1706880627, 0, 41, 236, 0, 0, 804.30%, 44, 0, 0, 488.45, 5853, 1910, 764.84%, 2059, 1958
1706880627, 0, 41, 238, 0, 0, 804.30%, 45, 0, 0, 386.14, 5856, 2024, 764.84%, 2059, 1958
1706880628, 0, 43, 238, 0, 0, 804.30%, 46, 0, 0, 590.00, 5925, 2132, 764.84%, 2059, 1958
1706880628, 0, 43, 238, 0, 0, 804.30%, 48, 0, 0, 488.75, 6010, 2199, 764.84%, 2059, 1958
1706880628, 0, 43, 239, 0, 0, 804.30%, 48, 0, 0, 383.33, 6084, 2240, 764.84%, 2059, 1958
1706880629, 0, 43, 239, 0, 0, 804.30%, 48, 0, 0, 503.33, 6177, 2298, 764.84%, 2059, 1958
1706880629, 0, 43, 240, 0, 0, 804.30%, 49, 0, 0, 496.67, 6255, 2369, 764.84%, 2059, 1958
1706880629, 0, 47, 240, 0, 0, 804.30%, 51, 0, 0, 1316.67, 6519, 2500, 764.84%, 2059, 1958
1706880630, 0, 47, 245, 0, 0, 805.08%, 55, 0, 0, 553.33, 6545, 2640, 764.84%, 2061, 1958
1706880630, 0, 48, 248, 0, 0, 805.08%, 58, 0, 0, 506.67, 6614, 2723, 764.84%, 2061, 1958
1706880630, 0, 48, 250, 0, 0, 805.08%, 58, 0, 0, 583.33, 6729, 2783, 764.84%, 2061, 1958
1706880630, 0, 48, 251, 0, 0, 805.08%, 58, 0, 0, 706.67, 6863, 2861, 764.84%, 2061, 1958
1706880631, 0, 48, 251, 0, 0, 805.08%, 59, 0, 0, 546.93, 6972, 2921, 764.84%, 2061, 1958
1706880631, 0, 52, 253, 0, 0, 805.08%, 59, 0, 0, 1580.44, 7369, 3025, 765.23%, 2061, 1959
1706880631, 0, 53, 255, 0, 0, 805.08%, 59, 0, 0, 1152.87, 7640, 3116, 765.23%, 2061, 1959
1706880632, 0, 59, 258, 0, 0, 805.08%, 59, 0, 0, 1061.05, 7844, 3277, 765.63%, 2061, 1960
1706880632, 0, 62, 259, 0, 0, 805.08%, 59, 0, 0, 1513.33, 8145, 3430, 765.63%, 2061, 1960
1706880632, 0, 64, 260, 0, 0, 805.08%, 59, 0, 0, 1093.33, 8281, 3622, 765.63%, 2061, 1960
1706880633, 0, 64, 261, 0, 0, 805.08%, 60, 0, 0, 343.33, 8327, 3679, 765.63%, 2061, 1960
1706880633, 0, 64, 263, 0, 0, 805.08%, 60, 0, 0, 404.61, 8370, 3759, 765.63%, 2061, 1960
1706880633, 0, 68, 263, 0, 0, 805.08%, 61, 0, 0, 1622.58, 8735, 3897, 765.63%, 2061, 1960
1706880634, 0, 72, 264, 0, 0, 805.08%, 61, 0, 0, 942.86, 8934, 3995, 766.02%, 2061, 1961
1706880634, 0, 73, 266, 0, 0, 805.08%, 61, 0, 0, 1032.05, 9193, 4058, 766.02%, 2061, 1961
1706880634, 0, 73, 267, 0, 0, 805.08%, 61, 0, 0, 518.75, 9301, 4116, 766.02%, 2061, 1961
1706880635, 0, 73, 268, 0, 0, 805.08%, 64, 0, 0, 516.67, 9393, 4179, 766.02%, 2061, 1961
1706880635, 0, 73, 269, 0, 0, 806.64%, 67, 0, 0, 592.83, 9498, 4256, 766.02%, 2065, 1961
1706880635, 0, 76, 269, 0, 0, 806.64%, 67, 0, 0, 563.33, 9590, 4333, 766.02%, 2065, 1961
1706880635, 0, 76, 270, 0, 0, 807.42%, 68, 0, 0, 640.00, 9651, 4464, 766.02%, 2067, 1961
1706880636, 0, 79, 275, 0, 0, 807.42%, 70, 0, 0, 547.17, 9722, 4567, 766.02%, 2067, 1961
1706880636, 0, 81, 276, 0, 0, 807.42%, 71, 0, 0, 1476.67, 10040, 4692, 766.02%, 2067, 1961
1706880636, 0, 83, 276, 0, 0, 807.42%, 71, 0, 0, 603.33, 10124, 4789, 766.02%, 2067, 1961
1706880637, 0, 84, 276, 0, 0, 807.42%, 74, 0, 0, 628.93, 10174, 4939, 766.02%, 2067, 1961
1706880637, 0, 88, 277, 0, 0, 807.42%, 74, 0, 0, 819.05, 10335, 5036, 766.02%, 2067, 1961
1706880637, 0, 92, 278, 0, 0, 807.42%, 75, 0, 0, 1423.33, 10608, 5190, 766.02%, 2067, 1961
1706880638, 0, 103, 278, 0, 0, 807.42%, 76, 0, 0, 1186.67, 10819, 5335, 766.02%, 2067, 1961
1706880638, 0, 105, 278, 0, 0, 807.42%, 76, 0, 0, 1380.00, 11140, 5428, 766.02%, 2067, 1961
1706880638, 0, 109, 278, 0, 0, 807.42%, 78, 0, 0, 1280.00, 11390, 5562, 766.02%, 2067, 1961
1706880638, 0, 110, 278, 0, 0, 807.42%, 78, 0, 0, 1426.67, 11715, 5665, 766.02%, 2067, 1961
1706880639, 0, 114, 278, 0, 0, 807.42%, 79, 0, 0, 1651.61, 12014, 5878, 766.02%, 2067, 1961
1706880639, 0, 116, 278, 0, 0, 807.42%, 79, 0, 0, 1083.33, 12238, 5992, 766.02%, 2067, 1961
1706880639, 0, 119, 283, 0, 0, 807.42%, 80, 0, 0, 956.67, 12379, 6138, 766.02%, 2067, 1961
1706880640, 0, 119, 287, 0, 0, 807.81%, 81, 0, 0, 335.55, 12379, 6239, 766.02%, 2068, 1961
1706880640, 0, 119, 287, 0, 0, 807.81%, 83, 0, 0, 300.00, 12379, 6329, 766.02%, 2068, 1961
1706880640, 0, 120, 289, 0, 0, 807.81%, 83, 0, 0, 833.33, 12472, 6486, 767.19%, 2068, 1964
1706880641, 0, 121, 290, 0, 0, 807.81%, 84, 0, 0, 735.97, 12546, 6635, 767.19%, 2068, 1964
1706880641, 0, 121, 291, 0, 0, 807.81%, 87, 0, 0, 860.00, 12652, 6787, 767.19%, 2068, 1964
1706880641, 0, 122, 295, 0, 0, 807.81%, 88, 0, 0, 592.68, 12791, 6907, 767.19%, 2068, 1964
1706880642, 0, 128, 297, 0, 0, 808.20%, 88, 0, 0, 1466.45, 13077, 7080, 767.58%, 2069, 1965
1706880642, 0, 139, 298, 0, 0, 808.20%, 88, 0, 0, 1233.33, 13352, 7175, 767.58%, 2069, 1965
1706880642, 0, 144, 298, 0, 0, 808.20%, 88, 0, 0, 1966.67, 13771, 7346, 767.58%, 2069, 1965
1706880643, 0, 148, 299, 0, 0, 808.20%, 89, 0, 0, 1326.67, 14053, 7462, 767.58%, 2069, 1965
1706880643, 0, 152, 300, 0, 0, 808.20%, 89, 0, 0, 1100.00, 14167, 7678, 767.58%, 2069, 1965
1706880643, 0, 154, 300, 0, 0, 808.20%, 89, 0, 0, 916.67, 14198, 7922, 767.58%, 2069, 1965
1706880643, 0, 160, 300, 0, 0, 808.20%, 89, 0, 0, 624.58, 14298, 8010, 767.58%, 2069, 1965
1706880644, 0, 166, 300, 0, 0, 808.20%, 89, 0, 0, 606.67, 14405, 8085, 767.58%, 2069, 1965
1706880644, 0, 170, 300, 0, 0, 808.20%, 90, 0, 0, 607.97, 14512, 8161, 767.58%, 2069, 1965
1706880644, 0, 170, 300, 0, 0, 808.20%, 90, 0, 0, 693.33, 14631, 8250, 767.58%, 2069, 1965
1706880645, 0, 170, 300, 0, 0, 808.20%, 90, 0, 0, 1173.33, 14815, 8418, 767.58%, 2069, 1965
1706880645, 0, 172, 300, 0, 0, 808.20%, 91, 0, 0, 940.00, 14946, 8569, 767.58%, 2069, 1965
1706880645, 0, 172, 300, 0, 0, 808.20%, 91, 0, 0, 603.33, 15035, 8661, 767.58%, 2069, 1965
1706880646, 0, 172, 301, 0, 0, 808.20%, 91, 0, 0, 661.49, 15130, 8779, 769.14%, 2069, 1969
1706880646, 0, 174, 307, 0, 0, 808.98%, 91, 0, 0, 586.89, 15218, 8870, 770.70%, 2071, 1973
1706880646, 0, 174, 310, 0, 0, 809.38%, 92, 0, 0, 528.24, 15299, 8948, 771.09%, 2072, 1974
1706880646, 0, 174, 312, 0, 0, 810.55%, 92, 0, 0, 390.00, 15367, 8997, 772.27%, 2075, 1977
1706880647, 0, 174, 312, 0, 0, 810.55%, 92, 0, 0, 420.00, 15424, 9066, 772.27%, 2075, 1977
1706880647, 0, 174, 313, 0, 0, 810.55%, 92, 0, 0, 593.33, 15528, 9140, 772.27%, 2075, 1977
1706880647, 0, 176, 316, 0, 0, 810.55%, 93, 0, 0, 631.23, 15641, 9217, 772.27%, 2075, 1977
1706880648, 0, 183, 317, 0, 0, 810.55%, 94, 0, 0, 657.81, 15763, 9293, 772.27%, 2075, 1977
1706880648, 0, 187, 318, 0, 0, 810.55%, 94, 0, 0, 506.67, 15862, 9346, 772.27%, 2075, 1977
1706880648, 0, 194, 320, 0, 0, 810.55%, 94, 0, 0, 713.33, 15988, 9434, 772.27%, 2075, 1977
1706880649, 0, 198, 320, 0, 0, 810.55%, 95, 0, 0, 1510.00, 16305, 9570, 772.27%, 2075, 1977
1706880649, 0, 207, 321, 0, 0, 810.55%, 95, 0, 0, 1847.18, 16662, 9769, 772.66%, 2075, 1978
1706880649, 0, 207, 322, 0, 0, 810.55%, 97, 0, 0, 551.50, 16667, 9930, 772.66%, 2075, 1978
1706880649, 0, 215, 323, 0, 0, 810.55%, 98, 0, 0, 1586.67, 16999, 10074, 773.05%, 2075, 1979
1706880650, 0, 217, 324, 0, 0, 810.55%, 98, 0, 0, 1790.00, 17404, 10206, 773.83%, 2075, 1981
1706880650, 0, 223, 324, 0, 0, 810.55%, 98, 0, 0, 1586.67, 17719, 10367, 773.83%, 2075, 1981
1706880650, 0, 224, 327, 0, 0, 811.33%, 98, 0, 0, 996.67, 17951, 10434, 774.61%, 2077, 1983
1706880651, 0, 236, 327, 0, 0, 811.33%, 98, 0, 0, 1033.33, 18059, 10636, 774.61%, 2077, 1983
1706880652, 0, 239, 329, 0, 0, 811.33%, 99, 0, 0, 61.24, 18082, 10680, 774.61%, 2077, 1983
1706880652, 0, 240, 329, 0, 0, 811.33%, 100, 0, 0, 393.33, 18096, 10784, 774.61%, 2077, 1983
1706880652, 0, 244, 329, 0, 0, 811.33%, 100, 0, 0, 943.33, 18157, 11006, 774.61%, 2077, 1983
1706880653, 0, 251, 331, 0, 0, 811.33%, 101, 0, 0, 821.19, 18284, 11127, 774.61%, 2077, 1983
1706880653, 0, 258, 333, 0, 0, 811.33%, 102, 0, 0, 1960.00, 18727, 11272, 775.00%, 2077, 1984
1706880653, 0, 266, 334, 0, 0, 811.33%, 102, 0, 0, 1503.33, 19043, 11407, 775.00%, 2077, 1984
1706880654, 0, 268, 334, 0, 0, 811.33%, 102, 0, 0, 1146.67, 19172, 11622, 775.00%, 2077, 1984
1706880654, 0, 270, 334, 0, 0, 811.33%, 102, 0, 0, 1106.67, 19231, 11895, 775.00%, 2077, 1984
1706880654, 0, 275, 335, 0, 0, 811.33%, 106, 0, 0, 603.33, 19322, 11985, 775.00%, 2077, 1984
1706880654, 0, 285, 337, 0, 0, 811.33%, 108, 0, 0, 761.59, 19386, 12151, 775.00%, 2077, 1984
1706880655, 0, 286, 341, 0, 0, 812.11%, 108, 0, 0, 660.00, 19387, 12348, 775.00%, 2079, 1984
1706880655, 0, 287, 344, 0, 0, 812.11%, 111, 0, 0, 667.77, 19395, 12541, 775.00%, 2079, 1984
1706880655, 0, 287, 349, 0, 0, 812.11%, 112, 0, 0, 540.00, 19473, 12625, 775.00%, 2079, 1984
1706880656, 0, 287, 349, 0, 0, 812.11%, 113, 0, 0, 537.22, 19550, 12714, 775.00%, 2079, 1984
1706880656, 0, 287, 350, 0, 0, 812.11%, 113, 0, 0, 470.00, 19617, 12788, 775.00%, 2079, 1984
1706880656, 0, 287, 351, 0, 0, 812.11%, 114, 0, 0, 490.07, 19675, 12878, 775.00%, 2079, 1984
1706880657, 0, 290, 351, 0, 0, 812.11%, 114, 0, 0, 600.00, 19746, 12987, 775.00%, 2079, 1984
1706880657, 0, 296, 353, 0, 0, 812.11%, 114, 0, 0, 1323.33, 20008, 13122, 775.00%, 2079, 1984
1706880657, 0, 300, 353, 0, 0, 812.11%, 114, 0, 0, 676.67, 20121, 13212, 775.00%, 2079, 1984
1706880657, 0, 300, 353, 0, 0, 812.11%, 114, 0, 0, 636.67, 20237, 13287, 775.00%, 2079, 1984
1706880658, 0, 300, 354, 0, 0, 812.11%, 114, 0, 0, 693.33, 20330, 13402, 777.34%, 2079, 1990
1706880658, 0, 300, 356, 0, 0, 812.11%, 114, 0, 0, 586.67, 20438, 13470, 777.34%, 2079, 1990
1706880658, 0, 301, 357, 0, 0, 812.11%, 114, 0, 0, 723.33, 20490, 13635, 777.34%, 2079, 1990
1706880659, 0, 303, 359, 0, 0, 812.11%, 115, 0, 0, 803.33, 20517, 13849, 778.13%, 2079, 1992
1706880659, 0, 303, 359, 0, 0, 812.11%, 115, 0, 0, 588.04, 20633, 13910, 778.13%, 2079, 1992
1706880659, 0, 303, 360, 0, 0, 812.11%, 115, 0, 0, 450.00, 20712, 13966, 778.13%, 2079, 1992
1706880660, 0, 303, 363, 0, 0, 812.50%, 115, 0, 0, 558.14, 20805, 14041, 778.13%, 2080, 1992
1706880660, 0, 303, 363, 0, 0, 812.50%, 115, 0, 0, 596.67, 20903, 14122, 778.13%, 2080, 1992
1706880660, 0, 304, 363, 0, 0, 812.50%, 115, 0, 0, 532.05, 21001, 14190, 778.13%, 2080, 1992
1706880661, 0, 304, 363, 0, 0, 812.50%, 115, 0, 0, 508.31, 21092, 14252, 778.13%, 2080, 1992
1706880661, 0, 304, 363, 0, 0, 812.50%, 115, 0, 0, 337.84, 21166, 14303, 778.13%, 2080, 1992
1706880661, 0, 304, 363, 0, 0, 812.50%, 115, 0, 0, 546.67, 21255, 14378, 778.13%, 2080, 1992
1706880661, 0, 304, 363, 0, 0, 812.50%, 115, 0, 0, 583.33, 21355, 14453, 778.13%, 2080, 1992
1706880662, 0, 308, 364, 0, 0, 812.50%, 115, 0, 0, 623.33, 21454, 14541, 778.13%, 2080, 1992
1706880662, 0, 308, 364, 0, 0, 812.50%, 115, 0, 0, 631.23, 21563, 14622, 778.13%, 2080, 1992
1706880662, 0, 308, 364, 0, 0, 812.50%, 115, 0, 0, 660.00, 21657, 14726, 778.13%, 2080, 1992
1706880663, 0, 308, 364, 0, 0, 812.50%, 115, 0, 0, 613.33, 21763, 14804, 778.13%, 2080, 1992
1706880663, 0, 311, 364, 0, 0, 812.50%, 115, 0, 0, 646.67, 21858, 14903, 778.13%, 2080, 1992
1706880663, 0, 311, 364, 0, 0, 812.50%, 115, 0, 0, 598.01, 21974, 14967, 778.13%, 2080, 1992
1706880664, 0, 311, 364, 0, 0, 812.50%, 115, 0, 0, 544.85, 22073, 15032, 778.13%, 2080, 1992
1706880664, 0, 311, 364, 0, 0, 812.50%, 116, 0, 0, 594.68, 22176, 15108, 778.13%, 2080, 1992
1706880664, 0, 311, 364, 0, 0, 812.50%, 116, 0, 0, 606.67, 22281, 15185, 778.13%, 2080, 1992
1706880664, 0, 316, 365, 0, 0, 812.50%, 116, 0, 0, 583.33, 22378, 15263, 778.13%, 2080, 1992
1706880665, 0, 320, 365, 0, 0, 812.50%, 117, 0, 0, 990.00, 22587, 15351, 778.13%, 2080, 1992
1706880665, 0, 323, 365, 0, 0, 812.50%, 118, 0, 0, 1423.33, 22882, 15483, 778.13%, 2080, 1992
1706880665, 0, 323, 365, 0, 0, 812.50%, 119, 0, 0, 1270.00, 23093, 15653, 778.13%, 2080, 1992
1706880666, 0, 329, 367, 0, 0, 812.50%, 119, 0, 0, 1279.74, 23350, 15794, 778.13%, 2080, 1992
1706880666, 0, 335, 368, 0, 0, 812.50%, 121, 0, 0, 1210.00, 23581, 15926, 778.13%, 2080, 1992
1706880666, 0, 339, 370, 0, 0, 812.50%, 121, 0, 0, 586.67, 23598, 16085, 778.13%, 2080, 1992
1706880667, 0, 339, 370, 0, 0, 812.50%, 122, 0, 0, 617.94, 23601, 16268, 778.13%, 2080, 1992
1706880667, 0, 343, 370, 0, 0, 812.50%, 122, 0, 0, 582.78, 23613, 16432, 778.13%, 2080, 1992
1706880667, 0, 347, 372, 0, 0, 812.50%, 123, 0, 0, 481.01, 23676, 16521, 778.13%, 2080, 1992
1706880668, 0, 351, 373, 0, 0, 812.50%, 123, 0, 0, 463.33, 23739, 16597, 778.13%, 2080, 1992
1706880668, 0, 353, 374, 0, 0, 812.50%, 123, 0, 0, 656.67, 23828, 16705, 778.13%, 2080, 1992
1706880668, 0, 353, 374, 0, 0, 812.50%, 123, 0, 0, 603.33, 23906, 16808, 778.13%, 2080, 1992
1706880668, 0, 353, 374, 0, 0, 812.50%, 123, 0, 0, 493.33, 23976, 16886, 778.13%, 2080, 1992
1706880669, 0, 353, 374, 0, 0, 812.50%, 123, 0, 0, 193.41, 24015, 16935, 778.13%, 2080, 1992
1706880669, 0, 354, 374, 0, 0, 812.50%, 123, 0, 0, 604.65, 24110, 17022, 778.13%, 2080, 1992
1706880669, 0, 357, 374, 0, 0, 812.50%, 123, 0, 0, 870.00, 24230, 17163, 778.13%, 2080, 1992
1706880670, 0, 357, 374, 0, 0, 812.50%, 124, 0, 0, 886.67, 24342, 17317, 778.13%, 2080, 1992
1706880670, 0, 358, 375, 0, 0, 812.50%, 124, 0, 0, 896.67, 24443, 17485, 778.91%, 2080, 1994
1706880670, 0, 361, 375, 0, 0, 812.50%, 124, 0, 0, 610.43, 24500, 17627, 778.91%, 2080, 1994
1706880671, 0, 364, 375, 0, 0, 812.50%, 125, 0, 0, 694.35, 24563, 17773, 778.91%, 2080, 1994
1706880671, 0, 367, 375, 0, 0, 812.50%, 126, 0, 0, 339.62, 24627, 17817, 778.91%, 2080, 1994
1706880671, 0, 372, 377, 0, 0, 812.50%, 126, 0, 0, 446.67, 24676, 17902, 778.91%, 2080, 1994
1706880672, 0, 374, 380, 0, 0, 812.50%, 129, 0, 0, 426.67, 24750, 17956, 778.91%, 2080, 1994
1706880672, 0, 374, 380, 0, 0, 812.50%, 130, 0, 0, 780.73, 24857, 18084, 778.91%, 2080, 1994
1706880672, 0, 374, 380, 0, 0, 812.50%, 130, 0, 0, 456.67, 24924, 18154, 778.91%, 2080, 1994
1706880673, 0, 374, 380, 0, 0, 812.50%, 132, 0, 0, 880.00, 25042, 18300, 778.91%, 2080, 1994
1706880673, 0, 379, 382, 0, 0, 812.50%, 132, 0, 0, 564.78, 25138, 18374, 778.91%, 2080, 1994
1706880673, 0, 383, 384, 0, 0, 812.50%, 134, 0, 0, 473.33, 25222, 18432, 778.91%, 2080, 1994
1706880673, 0, 386, 388, 0, 0, 812.50%, 135, 0, 0, 440.40, 25288, 18499, 778.91%, 2080, 1994
1706880674, 0, 390, 391, 0, 0, 812.50%, 137, 0, 0, 390.73, 25366, 18539, 778.91%, 2080, 1994
1706880674, 0, 393, 397, 0, 0, 812.50%, 138, 0, 0, 416.67, 25445, 18585, 778.91%, 2080, 1994
1706880674, 0, 397, 399, 0, 0, 812.50%, 138, 0, 0, 410.00, 25521, 18632, 778.91%, 2080, 1994
1706880675, 1, 0, 400, 0, 0, 812.50%, 138, 0, 0, 1306.67, 25835, 18710, 778.91%, 2080, 1994
1706880675, 1, 4, 400, 0, 0, 812.50%, 139, 0, 0, 2423.45, 26471, 18818, 778.91%, 2080, 1994
1706880675, 1, 7, 400, 0, 0, 812.50%, 139, 0, 0, 2623.33, 27150, 18926, 778.91%, 2080, 1994
1706880676, 1, 11, 400, 0, 0, 812.50%, 139, 0, 0, 2410.00, 27725, 19074, 778.91%, 2080, 1994
1706880676, 1, 11, 400, 0, 0, 812.50%, 140, 0, 0, 797.34, 27891, 19148, 778.91%, 2080, 1994
1706880676, 1, 11, 400, 0, 0, 812.50%, 140, 0, 0, 617.94, 28013, 19212, 778.91%, 2080, 1994
1706880676, 1, 11, 400, 0, 0, 812.50%, 140, 0, 0, 730.00, 28166, 19278, 778.91%, 2080, 1994
1706880677, 1, 15, 400, 0, 0, 812.50%, 141, 0, 0, 2006.67, 28623, 19423, 778.91%, 2080, 1994
1706880677, 1, 20, 400, 0, 0, 812.50%, 141, 0, 0, 2111.48, 29142, 19548, 778.91%, 2080, 1994
1706880677, 1, 29, 400, 0, 0, 812.50%, 142, 0, 0, 2310.00, 29661, 19722, 778.91%, 2080, 1994
1706880678, 1, 32, 400, 0, 0, 812.50%, 142, 0, 0, 2100.00, 30149, 19864, 778.91%, 2080, 1994
1706880678, 1, 35, 400, 0, 0, 812.50%, 142, 0, 0, 2030.00, 30605, 20017, 778.91%, 2080, 1994
1706880678, 1, 37, 401, 0, 0, 812.50%, 142, 0, 0, 1596.67, 30901, 20200, 778.91%, 2080, 1994
1706880679, 1, 37, 401, 0, 0, 812.50%, 142, 0, 0, 1026.67, 31099, 20310, 778.91%, 2080, 1994
1706880679, 1, 41, 401, 0, 0, 812.50%, 142, 0, 0, 1043.33, 31271, 20451, 778.91%, 2080, 1994
1706880679, 1, 41, 401, 0, 0, 812.50%, 142, 0, 0, 763.33, 31275, 20676, 778.91%, 2080, 1994
1706880679, 1, 43, 401, 0, 0, 812.50%, 142, 0, 0, 1036.67, 31445, 20817, 778.91%, 2080, 1994
1706880680, 1, 43, 401, 0, 0, 812.50%, 142, 0, 0, 950.00, 31598, 20949, 778.91%, 2080, 1994
1706880680, 1, 47, 401, 0, 0, 812.50%, 142, 0, 0, 1596.67, 31912, 21114, 778.91%, 2080, 1994
1706880680, 1, 48, 401, 0, 0, 812.50%, 143, 0, 0, 996.67, 31976, 21349, 778.91%, 2080, 1994
1706880681, 1, 48, 401, 0, 0, 812.50%, 143, 0, 0, 970.00, 32177, 21439, 778.91%, 2080, 1994
1706880681, 1, 48, 401, 0, 0, 812.50%, 143, 0, 0, 951.30, 32365, 21544, 778.91%, 2080, 1994
1706880681, 1, 51, 402, 0, 0, 812.50%, 143, 0, 0, 1536.67, 32743, 21627, 779.30%, 2080, 1995
1706880682, 1, 57, 402, 0, 0, 812.50%, 144, 0, 0, 2303.33, 33204, 21857, 779.30%, 2080, 1995
1706880682, 1, 63, 402, 0, 0, 812.50%, 144, 0, 0, 2483.33, 33660, 22146, 779.30%, 2080, 1995
1706880682, 1, 65, 402, 0, 0, 812.50%, 145, 0, 0, 1430.00, 33848, 22387, 779.30%, 2080, 1995
1706880682, 1, 72, 403, 0, 0, 812.50%, 145, 0, 0, 2360.00, 34359, 22584, 779.69%, 2080, 1996
1706880683, 1, 73, 403, 0, 0, 812.50%, 145, 0, 0, 1323.33, 34634, 22706, 779.69%, 2080, 1996
1706880683, 1, 73, 403, 0, 0, 812.50%, 145, 0, 0, 1070.00, 34847, 22814, 779.69%, 2080, 1996
1706880683, 1, 76, 403, 0, 0, 812.50%, 145, 0, 0, 1093.33, 35004, 22985, 779.69%, 2080, 1996
1706880684, 1, 79, 403, 0, 0, 812.50%, 145, 0, 0, 1480.00, 35229, 23204, 779.69%, 2080, 1996
1706880684, 1, 83, 403, 0, 0, 812.50%, 145, 0, 0, 1250.00, 35450, 23358, 779.69%, 2080, 1996
1706880684, 1, 86, 403, 0, 0, 812.50%, 145, 0, 0, 1280.00, 35594, 23598, 779.69%, 2080, 1996
1706880685, 1, 92, 403, 0, 0, 812.50%, 145, 0, 0, 1700.00, 35926, 23776, 779.69%, 2080, 1996
1706880685, 1, 105, 404, 0, 0, 812.50%, 146, 0, 0, 1823.33, 36301, 23948, 779.69%, 2080, 1996
1706880685, 1, 109, 404, 0, 0, 812.50%, 146, 0, 0, 1853.33, 36702, 24103, 779.69%, 2080, 1996
1706880685, 1, 112, 405, 0, 0, 812.50%, 147, 0, 0, 2300.00, 37167, 24328, 779.69%, 2080, 1996
1706880686, 1, 116, 405, 0, 0, 812.50%, 147, 0, 0, 2133.33, 37588, 24547, 779.69%, 2080, 1996
1706880686, 1, 119, 405, 0, 0, 812.50%, 147, 0, 0, 863.79, 37688, 24707, 779.69%, 2080, 1996
1706880686, 1, 119, 405, 0, 0, 812.50%, 147, 0, 0, 730.00, 37693, 24921, 779.69%, 2080, 1996
1706880687, 1, 121, 406, 0, 0, 813.28%, 148, 0, 0, 1286.67, 37864, 25136, 779.69%, 2082, 1996
1706880687, 1, 121, 406, 0, 0, 813.28%, 148, 0, 0, 1003.33, 37972, 25329, 779.69%, 2082, 1996
1706880687, 1, 127, 406, 0, 0, 813.28%, 149, 0, 0, 1853.33, 38293, 25564, 779.69%, 2082, 1996
1706880688, 1, 139, 406, 0, 0, 813.28%, 149, 0, 0, 2043.33, 38724, 25746, 779.69%, 2082, 1996
1706880688, 1, 145, 406, 0, 0, 813.28%, 149, 0, 0, 2280.00, 39207, 25947, 779.69%, 2082, 1996
1706880688, 1, 152, 407, 0, 0, 813.28%, 150, 0, 0, 1543.33, 39432, 26185, 779.69%, 2082, 1996
1706880688, 1, 154, 407, 0, 0, 813.28%, 151, 0, 0, 890.00, 39442, 26442, 779.69%, 2082, 1996
1706880689, 1, 162, 407, 0, 0, 813.28%, 151, 0, 0, 806.56, 39586, 26544, 779.69%, 2082, 1996
1706880689, 1, 169, 407, 0, 0, 813.28%, 152, 0, 0, 803.99, 39713, 26659, 779.69%, 2082, 1996
1706880689, 1, 170, 407, 0, 0, 813.28%, 152, 0, 0, 856.67, 39858, 26771, 779.69%, 2082, 1996
1706880690, 1, 170, 407, 0, 0, 813.28%, 152, 0, 0, 763.33, 39982, 26876, 779.69%, 2082, 1996
1706880690, 1, 170, 407, 0, 0, 813.28%, 152, 0, 0, 654.84, 40097, 26964, 779.69%, 2082, 1996
1706880690, 1, 172, 407, 0, 0, 813.28%, 153, 0, 0, 820.00, 40218, 27089, 779.69%, 2082, 1996
1706880691, 1, 172, 407, 0, 0, 813.28%, 153, 0, 0, 830.00, 40324, 27232, 779.69%, 2082, 1996
1706880691, 1, 173, 407, 0, 0, 813.28%, 153, 0, 0, 860.00, 40431, 27383, 779.69%, 2082, 1996
1706880691, 1, 174, 407, 0, 0, 813.28%, 154, 0, 0, 580.00, 40517, 27471, 779.69%, 2082, 1996
1706880691, 1, 174, 407, 0, 0, 813.28%, 154, 0, 0, 656.67, 40624, 27561, 779.69%, 2082, 1996
1706880692, 1, 174, 407, 0, 0, 813.28%, 154, 0, 0, 620.00, 40723, 27648, 779.69%, 2082, 1996
1706880692, 1, 174, 407, 0, 0, 813.28%, 154, 0, 0, 586.67, 40818, 27729, 779.69%, 2082, 1996
1706880692, 1, 178, 407, 0, 0, 813.28%, 154, 0, 0, 560.00, 40923, 27792, 779.69%, 2082, 1996
1706880693, 1, 186, 407, 0, 0, 813.28%, 154, 0, 0, 629.83, 41071, 27872, 779.69%, 2082, 1996
1706880693, 1, 193, 408, 0, 0, 813.28%, 154, 0, 0, 736.67, 41199, 27965, 780.08%, 2082, 1997
1706880693, 1, 198, 408, 0, 0, 813.28%, 154, 0, 0, 1350.00, 41481, 28088, 780.08%, 2082, 1997
1706880694, 1, 207, 408, 0, 0, 813.28%, 155, 0, 0, 2103.33, 41900, 28300, 780.08%, 2082, 1997
1706880694, 1, 209, 409, 0, 0, 813.28%, 155, 0, 0, 1170.00, 42055, 28496, 780.08%, 2082, 1997
1706880694, 1, 215, 409, 0, 0, 813.28%, 155, 0, 0, 2150.00, 42492, 28704, 780.08%, 2082, 1997
1706880695, 1, 221, 409, 0, 0, 813.28%, 156, 0, 0, 2086.67, 42945, 28877, 780.08%, 2082, 1997
1706880695, 1, 230, 410, 0, 0, 813.28%, 157, 0, 0, 1631.23, 43243, 29070, 780.08%, 2082, 1997
1706880695, 1, 240, 410, 0, 0, 813.28%, 157, 0, 0, 780.00, 43306, 29241, 780.08%, 2082, 1997
1706880695, 1, 241, 410, 0, 0, 813.28%, 157, 0, 0, 1063.33, 43356, 29510, 780.08%, 2082, 1997
1706880696, 1, 248, 410, 0, 0, 813.28%, 157, 0, 0, 686.67, 43461, 29611, 780.08%, 2082, 1997
1706880696, 1, 255, 410, 0, 0, 813.28%, 157, 0, 0, 1810.00, 43858, 29757, 780.08%, 2082, 1997
1706880696, 1, 264, 411, 0, 0, 813.28%, 157, 0, 0, 1716.67, 44226, 29904, 780.08%, 2082, 1997
1706880697, 1, 268, 411, 0, 0, 813.28%, 157, 0, 0, 1123.33, 44356, 30111, 780.08%, 2082, 1997
1706880697, 1, 269, 411, 0, 0, 813.28%, 157, 0, 0, 1203.33, 44443, 30385, 780.08%, 2082, 1997
1706880697, 1, 276, 412, 0, 0, 813.28%, 157, 0, 0, 920.00, 44563, 30541, 780.08%, 2082, 1997
1706880698, 1, 286, 412, 0, 0, 813.28%, 157, 0, 0, 651.32, 44592, 30710, 780.08%, 2082, 1997
1706880698, 1, 286, 412, 0, 0, 813.28%, 157, 0, 0, 553.33, 44597, 30871, 780.08%, 2082, 1997
1706880698, 1, 286, 412, 0, 0, 813.28%, 157, 0, 0, 663.33, 44597, 31070, 780.08%, 2082, 1997
1706880698, 1, 287, 412, 0, 0, 813.28%, 157, 0, 0, 586.67, 44677, 31166, 780.08%, 2082, 1997
1706880699, 1, 287, 413, 0, 0, 813.28%, 157, 0, 0, 560.00, 44757, 31254, 780.08%, 2082, 1997
1706880699, 1, 287, 413, 0, 0, 813.28%, 157, 0, 0, 550.00, 44833, 31343, 780.08%, 2082, 1997
1706880699, 1, 287, 413, 0, 0, 813.28%, 158, 0, 0, 576.16, 44911, 31439, 780.08%, 2082, 1997
1706880700, 1, 294, 413, 0, 0, 813.28%, 158, 0, 0, 770.00, 44990, 31591, 780.08%, 2082, 1997
1706880700, 1, 300, 413, 0, 0, 813.28%, 158, 0, 0, 1401.99, 45272, 31731, 780.08%, 2082, 1997
1706880700, 1, 300, 413, 0, 0, 813.28%, 158, 0, 0, 526.67, 45360, 31801, 780.08%, 2082, 1997
1706880701, 1, 300, 413, 0, 0, 813.28%, 158, 0, 0, 666.67, 45466, 31895, 780.08%, 2082, 1997
1706880701, 1, 300, 413, 0, 0, 813.28%, 158, 0, 0, 644.95, 45583, 31976, 780.08%, 2082, 1997
1706880701, 1, 300, 413, 0, 0, 813.28%, 158, 0, 0, 506.67, 45666, 32045, 780.08%, 2082, 1997
1706880701, 1, 301, 413, 0, 0, 813.28%, 159, 0, 0, 773.33, 45693, 32250, 780.08%, 2082, 1997
1706880702, 1, 303, 413, 0, 0, 813.28%, 159, 0, 0, 744.19, 45734, 32433, 780.08%, 2082, 1997
1706880702, 1, 303, 413, 0, 0, 813.28%, 159, 0, 0, 622.22, 45834, 32529, 780.08%, 2082, 1997
1706880702, 1, 303, 413, 0, 0, 813.28%, 159, 0, 0, 466.67, 45915, 32588, 780.08%, 2082, 1997
1706880703, 1, 303, 413, 0, 0, 813.28%, 159, 0, 0, 656.67, 46023, 32677, 780.08%, 2082, 1997
1706880703, 1, 303, 413, 0, 0, 813.28%, 159, 0, 0, 111.84, 46040, 32694, 780.08%, 2082, 1997
1706880703, 1, 304, 413, 0, 0, 813.28%, 159, 0, 0, 434.64, 46113, 32754, 780.08%, 2082, 1997
1706880704, 1, 304, 413, 0, 0, 813.28%, 159, 0, 0, 534.20, 46193, 32838, 780.08%, 2082, 1997
1706880704, 1, 304, 413, 0, 0, 813.28%, 159, 0, 0, 551.50, 46294, 32903, 780.08%, 2082, 1997
1706880704, 1, 304, 413, 0, 0, 813.28%, 159, 0, 0, 574.75, 46382, 32988, 780.08%, 2082, 1997
1706880704, 1, 304, 413, 0, 0, 813.28%, 159, 0, 0, 640.00, 46474, 33088, 780.08%, 2082, 1997
1706880705, 1, 307, 413, 0, 0, 813.28%, 159, 0, 0, 400.00, 46542, 33140, 780.08%, 2082, 1997
1706880705, 1, 308, 413, 0, 0, 813.28%, 159, 0, 0, 606.67, 46639, 33225, 780.08%, 2082, 1997
1706880705, 1, 308, 413, 0, 0, 813.28%, 160, 0, 0, 501.66, 46737, 33278, 780.08%, 2082, 1997
1706880706, 1, 308, 413, 0, 0, 813.28%, 160, 0, 0, 631.23, 46840, 33365, 780.08%, 2082, 1997
1706880706, 1, 308, 413, 0, 0, 813.28%, 160, 0, 0, 160.00, 46867, 33386, 780.08%, 2082, 1997
1706880706, 1, 308, 413, 0, 0, 813.28%, 161, 0, 0, 592.83, 46966, 33469, 780.08%, 2082, 1997
1706880707, 1, 311, 413, 0, 0, 813.28%, 161, 0, 0, 650.00, 47067, 33563, 780.08%, 2082, 1997
1706880707, 1, 311, 413, 0, 0, 813.28%, 161, 0, 0, 556.67, 47163, 33634, 780.08%, 2082, 1997
1706880707, 1, 311, 413, 0, 0, 813.28%, 161, 0, 0, 613.33, 47256, 33725, 780.08%, 2082, 1997
1706880707, 1, 311, 413, 0, 0, 813.28%, 161, 0, 0, 694.35, 47360, 33830, 780.08%, 2082, 1997
1706880708, 1, 316, 413, 0, 0, 813.28%, 161, 0, 0, 630.00, 47449, 33930, 780.08%, 2082, 1997
1706880708, 1, 320, 413, 0, 0, 813.28%, 161, 0, 0, 896.67, 47631, 34017, 780.08%, 2082, 1997
1706880708, 1, 323, 413, 0, 0, 813.28%, 162, 0, 0, 1570.00, 47957, 34162, 780.08%, 2082, 1997
1706880709, 1, 323, 413, 0, 0, 813.28%, 162, 0, 0, 1163.33, 48151, 34317, 780.08%, 2082, 1997
1706880709, 1, 329, 414, 0, 0, 813.28%, 162, 0, 0, 1448.50, 48446, 34458, 780.08%, 2082, 1997
1706880709, 1, 336, 414, 0, 0, 813.28%, 162, 0, 0, 1289.04, 48692, 34600, 780.08%, 2082, 1997
1706880710, 1, 339, 414, 0, 0, 813.28%, 162, 0, 0, 426.67, 48692, 34728, 780.08%, 2082, 1997
1706880710, 1, 339, 415, 0, 0, 813.28%, 163, 0, 0, 633.33, 48694, 34916, 780.08%, 2082, 1997
1706880710, 1, 344, 415, 0, 0, 813.28%, 163, 0, 0, 693.33, 48719, 35099, 780.08%, 2082, 1997
1706880710, 1, 348, 415, 0, 0, 813.28%, 164, 0, 0, 533.11, 48788, 35191, 780.08%, 2082, 1997
1706880711, 1, 353, 415, 0, 0, 813.28%, 164, 0, 0, 616.67, 48867, 35297, 780.08%, 2082, 1997
1706880711, 1, 353, 415, 0, 0, 813.28%, 164, 0, 0, 473.33, 48933, 35373, 780.08%, 2082, 1997
1706880711, 1, 353, 415, 0, 0, 813.28%, 164, 0, 0, 586.09, 49007, 35476, 780.08%, 2082, 1997
1706880712, 1, 353, 415, 0, 0, 813.28%, 164, 0, 0, 616.39, 49105, 35566, 780.08%, 2082, 1997
1706880712, 1, 354, 415, 0, 0, 813.28%, 164, 0, 0, 636.67, 49191, 35671, 780.08%, 2082, 1997
1706880712, 1, 357, 415, 0, 0, 813.28%, 165, 0, 0, 813.95, 49283, 35824, 780.08%, 2082, 1997
1706880713, 1, 357, 415, 0, 0, 813.28%, 166, 0, 0, 923.33, 49404, 35980, 780.08%, 2082, 1997
1706880713, 1, 357, 415, 0, 0, 813.28%, 166, 0, 0, 703.33, 49484, 36111, 780.08%, 2082, 1997
1706880713, 1, 361, 415, 0, 0, 813.28%, 166, 0, 0, 786.67, 49557, 36274, 780.08%, 2082, 1997
1706880713, 1, 362, 415, 0, 0, 813.28%, 166, 0, 0, 710.96, 49613, 36432, 780.08%, 2082, 1997
1706880714, 1, 369, 416, 0, 0, 813.28%, 166, 0, 0, 650.00, 49691, 36549, 780.08%, 2082, 1997
1706880714, 1, 373, 416, 0, 0, 813.28%, 167, 0, 0, 461.79, 49748, 36631, 780.08%, 2082, 1997
1706880714, 1, 374, 416, 0, 0, 813.28%, 168, 0, 0, 860.00, 49881, 36756, 780.08%, 2082, 1997
1706880715, 1, 374, 416, 0, 0, 813.28%, 168, 0, 0, 886.67, 49999, 36904, 780.08%, 2082, 1997
1706880715, 1, 375, 416, 0, 0, 813.28%, 168, 0, 0, 850.50, 50121, 37038, 780.08%, 2082, 1997
1706880715, 1, 380, 416, 0, 0, 813.28%, 168, 0, 0, 511.63, 50189, 37124, 780.08%, 2082, 1997
1706880716, 1, 384, 416, 0, 0, 813.28%, 168, 0, 0, 488.37, 50281, 37179, 780.08%, 2082, 1997
1706880716, 1, 388, 416, 0, 0, 813.28%, 168, 0, 0, 473.33, 50356, 37246, 780.08%, 2082, 1997
1706880716, 1, 392, 416, 0, 0, 813.28%, 168, 0, 0, 410.60, 50436, 37290, 780.08%, 2082, 1997
1706880716, 1, 395, 418, 0, 0, 813.67%, 169, 0, 0, 383.33, 50502, 37339, 780.08%, 2083, 1997
1706880717, 1, 400, 419, 0, 0, 813.67%, 169, 0, 0, 493.33, 50584, 37405, 780.08%, 2083, 1997
1706880717, 1, 407, 419, 0, 0, 813.67%, 169, 0, 0, 2388.70, 51069, 37639, 780.08%, 2083, 1997
1706880717, 1, 407, 419, 0, 0, 813.67%, 169, 0, 0, 611.30, 51193, 37699, 780.08%, 2083, 1997
1706880718, 1, 407, 419, 0, 0, 813.67%, 169, 0, 0, 576.67, 51299, 37766, 780.08%, 2083, 1997
1706880718, 1, 407, 419, 0, 0, 813.67%, 169, 0, 0, 691.03, 51423, 37850, 780.08%, 2083, 1997
1706880718, 1, 408, 419, 0, 0, 813.67%, 169, 0, 0, 607.97, 51528, 37928, 780.08%, 2083, 1997
1706880719, 1, 415, 420, 0, 0, 813.67%, 169, 0, 0, 724.25, 51627, 38047, 780.08%, 2083, 1997
1706880719, 1, 416, 420, 0, 0, 813.67%, 170, 0, 0, 599.34, 51682, 38173, 780.08%, 2083, 1997
1706880719, 1, 416, 421, 0, 0, 813.67%, 171, 0, 0, 610.00, 51741, 38297, 780.08%, 2083, 1997
1706880719, 1, 420, 422, 0, 0, 813.67%, 171, 0, 0, 536.67, 51827, 38372, 780.08%, 2083, 1997
1706880720, 2, 1, 422, 0, 0, 813.67%, 171, 0, 0, 1636.67, 52219, 38471, 780.08%, 2083, 1997
1706880720, 2, 4, 422, 0, 0, 813.67%, 171, 0, 0, 2160.00, 52759, 38579, 780.08%, 2083, 1997
1706880720, 2, 7, 422, 0, 0, 813.67%, 171, 0, 0, 2336.67, 53375, 38664, 780.08%, 2083, 1997
1706880721, 2, 10, 422, 0, 0, 813.67%, 171, 0, 0, 2327.81, 53943, 38799, 780.08%, 2083, 1997
1706880721, 2, 11, 422, 0, 0, 813.67%, 171, 0, 0, 606.67, 54068, 38856, 780.08%, 2083, 1997
1706880721, 2, 11, 422, 0, 0, 813.67%, 171, 0, 0, 630.00, 54199, 38914, 780.08%, 2083, 1997
1706880722, 2, 11, 422, 0, 0, 813.67%, 171, 0, 0, 770.00, 54348, 38996, 780.08%, 2083, 1997
1706880722, 2, 14, 422, 0, 0, 813.67%, 171, 0, 0, 1476.67, 54703, 39084, 780.08%, 2083, 1997
1706880722, 2, 19, 422, 0, 0, 813.67%, 171, 0, 0, 2243.33, 55240, 39220, 780.08%, 2083, 1997
1706880723, 2, 24, 422, 0, 0, 813.67%, 171, 0, 0, 2306.67, 55767, 39385, 780.08%, 2083, 1997
1706880723, 2, 30, 422, 0, 0, 813.67%, 171, 0, 0, 2383.33, 56321, 39546, 780.08%, 2083, 1997
1706880723, 2, 35, 422, 0, 0, 813.67%, 171, 0, 0, 2403.33, 56875, 39713, 780.08%, 2083, 1997
1706880723, 2, 37, 423, 0, 0, 813.67%, 171, 0, 0, 1650.00, 57200, 39883, 780.08%, 2083, 1997
1706880724, 2, 37, 423, 0, 0, 813.67%, 171, 0, 0, 753.33, 57350, 39959, 780.08%, 2083, 1997
1706880724, 2, 39, 423, 0, 0, 813.67%, 172, 0, 0, 1046.67, 57531, 40092, 780.08%, 2083, 1997
1706880724, 2, 41, 423, 0, 0, 813.67%, 173, 0, 0, 993.33, 57551, 40370, 780.08%, 2083, 1997
1706880725, 2, 43, 423, 0, 0, 813.67%, 173, 0, 0, 970.00, 57689, 40523, 780.08%, 2083, 1997
1706880725, 2, 43, 423, 0, 0, 813.67%, 173, 0, 0, 850.00, 57834, 40633, 780.08%, 2083, 1997
1706880725, 2, 46, 423, 0, 0, 813.67%, 173, 0, 0, 1506.67, 58151, 40768, 780.08%, 2083, 1997
1706880726, 2, 47, 423, 0, 0, 813.67%, 173, 0, 0, 1080.00, 58204, 41039, 780.08%, 2083, 1997
1706880726, 2, 48, 423, 0, 0, 813.67%, 173, 0, 0, 900.00, 58393, 41120, 780.08%, 2083, 1997
1706880726, 2, 48, 423, 0, 0, 813.67%, 173, 0, 0, 996.67, 58609, 41203, 780.08%, 2083, 1997
1706880726, 2, 51, 423, 0, 0, 813.67%, 173, 0, 0, 1697.82, 59036, 41321, 780.08%, 2083, 1997
1706880727, 2, 59, 423, 0, 0, 813.67%, 173, 0, 0, 2413.33, 59547, 41534, 780.08%, 2083, 1997
1706880727, 2, 63, 423, 0, 0, 813.67%, 173, 0, 0, 2063.12, 59935, 41767, 780.08%, 2083, 1997
1706880727, 2, 65, 423, 0, 0, 813.67%, 173, 0, 0, 1423.33, 60125, 42004, 780.08%, 2083, 1997
1706880728, 2, 70, 423, 0, 0, 813.67%, 173, 0, 0, 2003.33, 60532, 42198, 780.08%, 2083, 1997
1706880728, 2, 73, 423, 0, 0, 813.67%, 173, 0, 0, 1620.00, 60903, 42313, 780.08%, 2083, 1997
1706880728, 2, 73, 423, 0, 0, 813.67%, 174, 0, 0, 993.33, 61101, 42413, 780.08%, 2083, 1997
1706880729, 2, 73, 423, 0, 0, 813.67%, 174, 0, 0, 633.33, 61214, 42490, 780.08%, 2083, 1997
1706880729, 2, 76, 423, 0, 0, 813.67%, 175, 0, 0, 940.20, 61324, 42663, 780.08%, 2083, 1997
1706880729, 2, 79, 423, 0, 0, 813.67%, 176, 0, 0, 1483.33, 61563, 42869, 780.08%, 2083, 1997
1706880729, 2, 83, 423, 0, 0, 813.67%, 177, 0, 0, 1440.00, 61779, 43085, 780.08%, 2083, 1997
1706880730, 2, 90, 423, 0, 0, 813.67%, 178, 0, 0, 1562.09, 62039, 43303, 780.08%, 2083, 1997
1706880730, 2, 103, 423, 0, 0, 813.67%, 178, 0, 0, 2153.33, 62433, 43555, 780.08%, 2083, 1997
1706880730, 2, 107, 423, 0, 0, 813.67%, 178, 0, 0, 1686.67, 62814, 43680, 780.08%, 2083, 1997
1706880731, 2, 110, 423, 0, 0, 813.67%, 178, 0, 0, 2030.00, 63245, 43858, 780.08%, 2083, 1997
1706880731, 2, 115, 423, 0, 0, 813.67%, 178, 0, 0, 2225.81, 63678, 44115, 780.08%, 2083, 1997
1706880731, 2, 119, 423, 0, 0, 813.67%, 178, 0, 0, 1409.09, 63960, 44298, 780.08%, 2083, 1997
1706880732, 2, 119, 423, 0, 0, 813.67%, 178, 0, 0, 684.39, 63962, 44502, 780.08%, 2083, 1997
1706880732, 2, 121, 423, 0, 0, 813.67%, 179, 0, 0, 1156.67, 64078, 44733, 780.08%, 2083, 1997
1706880732, 2, 121, 423, 0, 0, 813.67%, 179, 0, 0, 1110.00, 64217, 44927, 780.08%, 2083, 1997
1706880732, 2, 122, 423, 0, 0, 813.67%, 179, 0, 0, 1177.22, 64412, 45104, 780.08%, 2083, 1997
1706880733, 2, 131, 423, 0, 0, 813.67%, 179, 0, 0, 1813.33, 64750, 45310, 780.08%, 2083, 1997
1706880733, 2, 141, 423, 0, 0, 813.67%, 180, 0, 0, 1626.67, 65127, 45421, 780.08%, 2083, 1997
1706880733, 2, 147, 423, 0, 0, 813.67%, 180, 0, 0, 2216.67, 65569, 45644, 780.08%, 2083, 1997
1706880734, 2, 152, 423, 0, 0, 813.67%, 181, 0, 0, 1366.67, 65717, 45906, 780.08%, 2083, 1997
1706880734, 2, 155, 423, 0, 0, 813.67%, 181, 0, 0, 568.89, 65773, 46106, 780.08%, 2083, 1997
1706880734, 2, 164, 423, 0, 0, 813.67%, 181, 0, 0, 853.33, 65924, 46211, 780.08%, 2083, 1997
1706880735, 2, 170, 423, 0, 0, 813.67%, 181, 0, 0, 720.93, 66048, 46304, 780.08%, 2083, 1997
1706880735, 2, 170, 423, 0, 0, 813.67%, 181, 0, 0, 750.83, 66179, 46399, 780.08%, 2083, 1997
1706880735, 2, 170, 423, 0, 0, 813.67%, 181, 0, 0, 663.33, 66309, 46468, 780.08%, 2083, 1997
1706880736, 2, 170, 423, 0, 0, 813.67%, 181, 0, 0, 740.00, 66432, 46567, 780.08%, 2083, 1997
1706880736, 2, 172, 423, 0, 0, 813.67%, 181, 0, 0, 863.33, 66554, 46704, 780.08%, 2083, 1997
1706880736, 2, 172, 423, 0, 0, 813.67%, 181, 0, 0, 830.00, 66671, 46836, 780.08%, 2083, 1997
1706880737, 2, 173, 423, 0, 0, 813.67%, 181, 0, 0, 723.33, 66785, 46939, 780.08%, 2083, 1997
1706880737, 2, 174, 423, 0, 0, 813.67%, 181, 0, 0, 580.00, 66878, 47020, 780.08%, 2083, 1997
1706880737, 2, 174, 423, 0, 0, 813.67%, 181, 0, 0, 536.67, 66963, 47096, 780.08%, 2083, 1997
1706880737, 2, 174, 423, 0, 0, 813.67%, 181, 0, 0, 556.67, 67060, 47166, 780.08%, 2083, 1997
1706880738, 2, 174, 423, 0, 0, 813.67%, 181, 0, 0, 593.33, 67151, 47253, 780.08%, 2083, 1997
1706880738, 2, 177, 423, 0, 0, 813.67%, 181, 0, 0, 626.67, 67258, 47334, 780.08%, 2083, 1997
1706880738, 2, 184, 423, 0, 0, 813.67%, 181, 0, 0, 627.45, 67378, 47406, 780.08%, 2083, 1997
1706880739, 2, 190, 423, 0, 0, 813.67%, 181, 0, 0, 671.10, 67511, 47475, 780.08%, 2083, 1997
1706880739, 2, 195, 423, 0, 0, 813.67%, 181, 0, 0, 480.00, 67591, 47539, 780.08%, 2083, 1997
1706880739, 2, 204, 423, 0, 0, 813.67%, 181, 0, 0, 2093.33, 68026, 47732, 780.08%, 2083, 1997
1706880740, 2, 207, 423, 0, 0, 813.67%, 181, 0, 0, 1700.00, 68254, 48014, 780.08%, 2083, 1997
1706880740, 2, 215, 423, 0, 0, 813.67%, 182, 0, 0, 2456.67, 68767, 48238, 780.08%, 2083, 1997
1706880740, 2, 217, 423, 0, 0, 813.67%, 182, 0, 0, 1463.33, 69105, 48339, 780.08%, 2083, 1997
1706880740, 2, 223, 423, 0, 0, 813.67%, 182, 0, 0, 1080.00, 69279, 48489, 780.08%, 2083, 1997
1706880741, 2, 231, 423, 0, 0, 813.67%, 182, 0, 0, 1562.70, 69584, 48670, 780.08%, 2083, 1997
1706880741, 2, 240, 423, 0, 0, 813.67%, 182, 0, 0, 803.33, 69634, 48861, 780.08%, 2083, 1997
1706880741, 2, 240, 423, 0, 0, 813.67%, 184, 0, 0, 866.67, 69668, 49087, 780.08%, 2083, 1997
1706880742, 2, 248, 423, 0, 0, 813.67%, 185, 0, 0, 813.33, 69782, 49217, 780.08%, 2083, 1997
1706880742, 2, 255, 423, 0, 0, 813.67%, 185, 0, 0, 1779.55, 70193, 49363, 780.08%, 2083, 1997
1706880742, 2, 265, 423, 0, 0, 813.67%, 185, 0, 0, 1780.00, 70562, 49528, 780.08%, 2083, 1997
1706880743, 2, 268, 423, 0, 0, 813.67%, 185, 0, 0, 1126.67, 70705, 49723, 780.08%, 2083, 1997
1706880743, 2, 270, 423, 0, 0, 813.67%, 185, 0, 0, 1223.33, 70768, 50027, 780.08%, 2083, 1997
1706880743, 2, 276, 423, 0, 0, 813.67%, 186, 0, 0, 743.33, 70882, 50136, 780.08%, 2083, 1997
1706880743, 2, 286, 423, 0, 0, 813.67%, 186, 0, 0, 853.82, 70917, 50358, 780.08%, 2083, 1997
1706880744, 2, 286, 423, 0, 0, 813.67%, 187, 0, 0, 733.33, 70918, 50577, 780.08%, 2083, 1997
1706880744, 2, 287, 423, 0, 0, 813.67%, 187, 0, 0, 593.33, 70961, 50712, 780.08%, 2083, 1997
1706880744, 2, 287, 423, 0, 0, 813.67%, 187, 0, 0, 606.67, 71038, 50817, 780.08%, 2083, 1997
1706880745, 2, 287, 423, 0, 0, 813.67%, 187, 0, 0, 498.34, 71110, 50895, 780.08%, 2083, 1997
1706880745, 2, 287, 423, 0, 0, 813.67%, 188, 0, 0, 514.95, 71182, 50978, 780.08%, 2083, 1997
1706880745, 2, 287, 423, 0, 0, 813.67%, 188, 0, 0, 520.00, 71247, 51069, 780.08%, 2083, 1997
1706880746, 2, 296, 424, 0, 0, 813.67%, 189, 0, 0, 1056.67, 71411, 51222, 780.08%, 2083, 1997
1706880746, 2, 300, 424, 0, 0, 813.67%, 189, 0, 0, 1139.53, 71642, 51334, 780.08%, 2083, 1997
1706880746, 2, 300, 424, 0, 0, 813.67%, 190, 0, 0, 603.33, 71742, 51415, 780.08%, 2083, 1997
1706880746, 2, 300, 424, 0, 0, 813.67%, 190, 0, 0, 471.76, 71823, 51476, 780.08%, 2083, 1997
1706880747, 2, 300, 424, 0, 0, 813.67%, 190, 0, 0, 666.67, 71934, 51565, 780.08%, 2083, 1997
1706880747, 2, 301, 424, 0, 0, 813.67%, 190, 0, 0, 670.00, 72008, 51692, 780.08%, 2083, 1997
1706880747, 2, 301, 425, 0, 0, 813.67%, 190, 0, 0, 747.54, 72036, 51892, 781.64%, 2083, 2001
1706880748, 2, 303, 425, 0, 0, 813.67%, 190, 0, 0, 700.00, 72104, 52034, 781.64%, 2083, 2001
1706880748, 2, 303, 425, 0, 0, 813.67%, 190, 0, 0, 660.00, 72212, 52124, 781.64%, 2083, 2001
1706880748, 2, 303, 425, 0, 0, 813.67%, 190, 0, 0, 586.67, 72317, 52195, 781.64%, 2083, 2001
1706880749, 2, 303, 425, 0, 0, 813.67%, 190, 0, 0, 596.67, 72419, 52272, 781.64%, 2083, 2001
1706880749, 2, 304, 426, 0, 0, 813.67%, 190, 0, 0, 590.00, 72517, 52351, 781.64%, 2083, 2001
1706880749, 2, 304, 426, 0, 0, 813.67%, 190, 0, 0, 641.20, 72641, 52420, 781.64%, 2083, 2001
1706880749, 2, 304, 426, 0, 0, 813.67%, 190, 0, 0, 520.00, 72731, 52486, 781.64%, 2083, 2001
1706880750, 2, 304, 426, 0, 0, 813.67%, 190, 0, 0, 636.67, 72825, 52583, 781.64%, 2083, 2001
1706880750, 2, 306, 426, 0, 0, 813.67%, 190, 0, 0, 546.67, 72910, 52662, 781.64%, 2083, 2001
1706880750, 2, 308, 426, 0, 0, 813.67%, 190, 0, 0, 470.00, 72986, 52727, 781.64%, 2083, 2001
1706880751, 2, 308, 426, 0, 0, 813.67%, 190, 0, 0, 380.00, 73052, 52775, 781.64%, 2083, 2001
1706880751, 2, 308, 426, 0, 0, 813.67%, 190, 0, 0, 329.15, 73123, 52809, 781.64%, 2083, 2001
1706880751, 2, 308, 426, 0, 0, 813.67%, 190, 0, 0, 580.00, 73219, 52887, 781.64%, 2083, 2001
1706880752, 2, 308, 426, 0, 0, 813.67%, 190, 0, 0, 239.48, 73262, 52918, 781.64%, 2083, 2001
1706880752, 2, 308, 426, 0, 0, 813.67%, 190, 0, 0, 149.85, 73291, 52938, 781.64%, 2083, 2001
1706880752, 2, 308, 426, 0, 0, 813.67%, 190, 0, 0, 340.76, 73347, 52989, 781.64%, 2083, 2001
1706880753, 2, 311, 426, 0, 0, 813.67%, 190, 0, 0, 420.25, 73419, 53054, 781.64%, 2083, 2001
1706880753, 2, 311, 426, 0, 0, 813.67%, 190, 0, 0, 440.00, 73487, 53118, 781.64%, 2083, 2001
1706880753, 2, 311, 426, 0, 0, 813.67%, 190, 0, 0, 198.72, 73519, 53148, 781.64%, 2083, 2001
1706880753, 2, 311, 426, 0, 0, 813.67%, 190, 0, 0, 392.03, 73581, 53204, 781.64%, 2083, 2001
1706880754, 2, 311, 426, 0, 0, 813.67%, 190, 0, 0, 444.81, 73648, 53274, 781.64%, 2083, 2001
1706880754, 2, 311, 426, 0, 0, 813.67%, 190, 0, 0, 127.54, 73692, 53299, 781.64%, 2083, 2001
1706880755, 2, 311, 426, 0, 0, 813.67%, 190, 0, 0, 371.52, 73763, 53348, 781.64%, 2083, 2001
1706880755, 2, 314, 426, 0, 0, 813.67%, 190, 0, 0, 423.33, 73831, 53407, 781.64%, 2083, 2001
1706880755, 2, 319, 426, 0, 0, 813.67%, 190, 0, 0, 543.33, 73916, 53485, 781.64%, 2083, 2001
1706880756, 2, 323, 426, 0, 0, 813.67%, 190, 0, 0, 1683.33, 74310, 53596, 781.64%, 2083, 2001
1706880756, 2, 323, 426, 0, 0, 813.67%, 190, 0, 0, 1383.33, 74550, 53771, 781.64%, 2083, 2001
1706880756, 2, 329, 427, 0, 0, 813.67%, 190, 0, 0, 1559.60, 74848, 53944, 781.64%, 2083, 2001
1706880756, 2, 334, 427, 0, 0, 813.67%, 190, 0, 0, 1093.02, 75052, 54069, 781.64%, 2083, 2001
1706880757, 2, 339, 427, 0, 0, 813.67%, 190, 0, 0, 446.67, 75081, 54174, 781.64%, 2083, 2001
1706880757, 2, 339, 427, 0, 0, 813.67%, 190, 0, 0, 470.00, 75088, 54308, 781.64%, 2083, 2001
1706880757, 2, 339, 427, 0, 0, 813.67%, 190, 0, 0, 486.67, 75090, 54452, 781.64%, 2083, 2001
1706880758, 2, 339, 427, 0, 0, 813.67%, 190, 0, 0, 202.66, 75090, 54513, 781.64%, 2083, 2001
1706880758, 2, 344, 427, 0, 0, 813.67%, 190, 0, 0, 463.33, 75122, 54620, 781.64%, 2083, 2001
1706880758, 2, 348, 428, 0, 0, 813.67%, 190, 0, 0, 496.67, 75183, 54708, 781.64%, 2083, 2001
1706880759, 2, 353, 428, 0, 0, 813.67%, 190, 0, 0, 600.00, 75273, 54798, 781.64%, 2083, 2001
1706880759, 2, 353, 428, 0, 0, 813.67%, 190, 0, 0, 663.33, 75376, 54894, 781.64%, 2083, 2001
1706880759, 2, 353, 428, 0, 0, 813.67%, 190, 0, 0, 656.67, 75474, 54993, 781.64%, 2083, 2001
1706880759, 2, 353, 428, 0, 0, 813.67%, 190, 0, 0, 640.00, 75572, 55087, 781.64%, 2083, 2001
1706880760, 2, 355, 428, 0, 0, 813.67%, 190, 0, 0, 477.12, 75645, 55160, 781.64%, 2083, 2001
1706880760, 2, 357, 428, 0, 0, 813.67%, 190, 0, 0, 746.67, 75740, 55289, 781.64%, 2083, 2001
1706880760, 2, 357, 428, 0, 0, 813.67%, 190, 0, 0, 733.33, 75830, 55419, 781.64%, 2083, 2001
1706880761, 2, 357, 428, 0, 0, 813.67%, 190, 0, 0, 720.93, 75907, 55559, 781.64%, 2083, 2001
1706880761, 2, 361, 428, 0, 0, 813.67%, 190, 0, 0, 670.00, 75979, 55688, 781.64%, 2083, 2001
1706880761, 2, 361, 428, 0, 0, 813.67%, 190, 0, 0, 684.39, 76024, 55849, 781.64%, 2083, 2001
1706880762, 2, 366, 428, 0, 0, 813.67%, 190, 0, 0, 657.81, 76101, 55970, 781.64%, 2083, 2001
1706880762, 2, 372, 428, 0, 0, 813.67%, 191, 0, 0, 610.00, 76164, 56090, 781.64%, 2083, 2001
1706880762, 2, 374, 428, 0, 0, 813.67%, 191, 0, 0, 816.67, 76274, 56225, 781.64%, 2083, 2001
1706880762, 2, 374, 428, 0, 0, 813.67%, 191, 0, 0, 896.67, 76395, 56373, 781.64%, 2083, 2001
1706880763, 2, 375, 428, 0, 0, 813.67%, 191, 0, 0, 930.23, 76520, 56528, 781.64%, 2083, 2001
1706880763, 2, 380, 428, 0, 0, 813.67%, 191, 0, 0, 530.00, 76605, 56602, 781.64%, 2083, 2001
1706880763, 2, 384, 430, 0, 0, 813.67%, 192, 0, 0, 481.97, 76694, 56660, 781.64%, 2083, 2001
1706880764, 2, 387, 431, 0, 0, 813.67%, 192, 0, 0, 403.33, 76766, 56709, 781.64%, 2083, 2001
1706880764, 2, 391, 431, 0, 0, 813.67%, 194, 0, 0, 450.00, 76844, 56766, 781.64%, 2083, 2001
1706880764, 2, 395, 431, 0, 0, 813.67%, 194, 0, 0, 447.37, 76931, 56815, 781.64%, 2083, 2001
1706880765, 2, 398, 432, 0, 0, 813.67%, 194, 0, 0, 463.82, 77020, 56867, 781.64%, 2083, 2001
1706880765, 2, 405, 434, 0, 0, 813.67%, 195, 0, 0, 2263.33, 77498, 57068, 781.64%, 2083, 2001
1706880765, 2, 407, 434, 0, 0, 813.67%, 195, 0, 0, 720.93, 77619, 57164, 781.64%, 2083, 2001
1706880765, 2, 407, 434, 0, 0, 813.67%, 195, 0, 0, 660.00, 77743, 57238, 781.64%, 2083, 2001
1706880766, 2, 407, 434, 0, 0, 813.67%, 195, 0, 0, 593.33, 77854, 57305, 781.64%, 2083, 2001
1706880766, 2, 407, 434, 0, 0, 813.67%, 196, 0, 0, 623.33, 77975, 57371, 781.64%, 2083, 2001
1706880766, 2, 414, 434, 0, 0, 813.67%, 196, 0, 0, 736.67, 78068, 57499, 781.64%, 2083, 2001
1706880767, 2, 416, 434, 0, 0, 813.67%, 196, 0, 0, 553.33, 78123, 57610, 781.64%, 2083, 2001
1706880767, 2, 416, 434, 0, 0, 813.67%, 196, 0, 0, 603.33, 78175, 57739, 781.64%, 2083, 2001
1706880767, 2, 418, 434, 0, 0, 813.67%, 198, 0, 0, 403.33, 78236, 57799, 781.64%, 2083, 2001
1706880768, 2, 424, 434, 0, 0, 813.67%, 198, 0, 0, 631.07, 78319, 57911, 781.64%, 2083, 2001
1706880768, 2, 424, 434, 0, 0, 813.67%, 198, 0, 0, 840.00, 78444, 58038, 781.64%, 2083, 2001
1706880768, 2, 424, 434, 0, 0, 813.67%, 199, 0, 0, 876.67, 78554, 58191, 781.64%, 2083, 2001
1706880768, 2, 426, 434, 0, 0, 813.67%, 199, 0, 0, 826.67, 78671, 58322, 781.64%, 2083, 2001
1706880769, 2, 429, 436, 0, 0, 813.67%, 199, 0, 0, 323.33, 78719, 58371, 781.64%, 2083, 2001
1706880769, 2, 434, 436, 0, 0, 813.67%, 199, 0, 0, 466.02, 78797, 58437, 781.64%, 2083, 2001
1706880769, 3, 0, 437, 0, 0, 813.67%, 200, 0, 0, 756.67, 78956, 58505, 781.64%, 2083, 2001
1706880770, 3, 4, 437, 0, 0, 813.67%, 200, 0, 0, 2526.67, 79601, 58618, 781.64%, 2083, 2001
1706880770, 3, 6, 437, 0, 0, 813.67%, 200, 0, 0, 2276.67, 80179, 58723, 781.64%, 2083, 2001
1706880770, 3, 9, 437, 0, 0, 813.67%, 200, 0, 0, 2449.18, 80834, 58815, 781.64%, 2083, 2001
1706880771, 3, 11, 437, 0, 0, 813.67%, 200, 0, 0, 1220.00, 81069, 58946, 781.64%, 2083, 2001
1706880771, 3, 11, 437, 0, 0, 813.67%, 200, 0, 0, 766.67, 81230, 59015, 781.64%, 2083, 2001
1706880771, 3, 11, 437, 0, 0, 813.67%, 200, 0, 0, 686.67, 81360, 59091, 781.64%, 2083, 2001
1706880772, 3, 13, 437, 0, 0, 813.67%, 201, 0, 0, 1256.67, 81654, 59174, 781.64%, 2083, 2001
1706880772, 3, 16, 437, 0, 0, 813.67%, 201, 0, 0, 1186.05, 81928, 59257, 781.64%, 2083, 2001
1706880772, 3, 23, 437, 0, 0, 813.67%, 201, 0, 0, 2597.36, 82536, 59436, 781.64%, 2083, 2001
1706880772, 3, 30, 437, 0, 0, 813.67%, 201, 0, 0, 2080.00, 83025, 59571, 781.64%, 2083, 2001
1706880773, 3, 30, 437, 0, 0, 813.67%, 201, 0, 0, 1018.81, 83263, 59658, 781.64%, 2083, 2001
1706880773, 3, 33, 437, 0, 0, 813.67%, 201, 0, 0, 1596.67, 83627, 59773, 781.64%, 2083, 2001
1706880773, 3, 36, 437, 0, 0, 813.67%, 201, 0, 0, 1801.26, 84018, 59953, 781.64%, 2083, 2001
1706880774, 3, 37, 437, 0, 0, 813.67%, 201, 0, 0, 976.67, 84182, 60082, 781.64%, 2083, 2001
1706880774, 3, 37, 437, 0, 0, 813.67%, 201, 0, 0, 900.33, 84349, 60186, 781.64%, 2083, 2001
1706880774, 3, 41, 437, 0, 0, 813.67%, 201, 0, 0, 1010.00, 84488, 60350, 781.64%, 2083, 2001
1706880775, 3, 43, 437, 0, 0, 813.67%, 201, 0, 0, 950.00, 84545, 60578, 781.64%, 2083, 2001
1706880775, 3, 43, 437, 0, 0, 813.67%, 201, 0, 0, 1096.67, 84737, 60715, 781.64%, 2083, 2001
1706880775, 3, 43, 437, 0, 0, 813.67%, 201, 0, 0, 860.00, 84893, 60817, 781.64%, 2083, 2001
1706880775, 3, 47, 437, 0, 0, 813.67%, 201, 0, 0, 1613.33, 85167, 61027, 781.64%, 2083, 2001
1706880776, 3, 48, 437, 0, 0, 813.67%, 201, 0, 0, 980.00, 85287, 61201, 781.64%, 2083, 2001
1706880776, 3, 48, 437, 0, 0, 813.67%, 201, 0, 0, 953.33, 85488, 61286, 781.64%, 2083, 2001
1706880776, 3, 50, 437, 0, 0, 813.67%, 201, 0, 0, 1116.67, 85729, 61380, 781.64%, 2083, 2001
1706880777, 3, 52, 437, 0, 0, 813.67%, 202, 0, 0, 1826.67, 86145, 61512, 781.64%, 2083, 2001
1706880777, 3, 59, 437, 0, 0, 813.67%, 202, 0, 0, 2327.81, 86603, 61757, 781.64%, 2083, 2001
1706880777, 3, 64, 437, 0, 0, 813.67%, 202, 0, 0, 2156.67, 86897, 62110, 781.64%, 2083, 2001
1706880778, 3, 67, 437, 0, 0, 813.67%, 202, 0, 0, 1789.97, 87263, 62315, 781.64%, 2083, 2001
1706880778, 3, 73, 437, 0, 0, 813.67%, 202, 0, 0, 1943.33, 87692, 62469, 781.64%, 2083, 2001
1706880778, 3, 73, 437, 0, 0, 813.67%, 202, 0, 0, 1036.67, 87869, 62603, 781.64%, 2083, 2001
1706880778, 3, 73, 437, 0, 0, 813.67%, 202, 0, 0, 1046.67, 88076, 62710, 781.64%, 2083, 2001
1706880779, 3, 76, 437, 0, 0, 813.67%, 202, 0, 0, 1149.50, 88210, 62922, 781.64%, 2083, 2001
1706880779, 3, 81, 437, 0, 0, 813.67%, 203, 0, 0, 1636.67, 88519, 63104, 781.64%, 2083, 2001
1706880779, 3, 85, 437, 0, 0, 813.67%, 203, 0, 0, 1623.33, 88709, 63401, 781.64%, 2083, 2001
1706880780, 3, 92, 437, 0, 0, 813.67%, 203, 0, 0, 1916.67, 89086, 63599, 781.64%, 2083, 2001
1706880780, 3, 105, 437, 0, 0, 813.67%, 203, 0, 0, 2030.00, 89486, 63808, 781.64%, 2083, 2001
1706880780, 3, 110, 437, 0, 0, 813.67%, 203, 0, 0, 2233.33, 89948, 64016, 781.64%, 2083, 2001
1706880781, 3, 112, 437, 0, 0, 813.67%, 203, 0, 0, 2260.00, 90434, 64208, 781.64%, 2083, 2001
1706880781, 3, 116, 437, 0, 0, 813.67%, 203, 0, 0, 1936.67, 90811, 64412, 781.64%, 2083, 2001
1706880781, 3, 119, 437, 0, 0, 813.67%, 203, 0, 0, 806.67, 90868, 64597, 781.64%, 2083, 2001
1706880781, 3, 120, 437, 0, 0, 813.67%, 204, 0, 0, 780.00, 90880, 64819, 781.64%, 2083, 2001
1706880782, 3, 121, 437, 0, 0, 813.67%, 204, 0, 0, 1363.33, 91046, 65062, 781.64%, 2083, 2001
1706880782, 3, 121, 437, 0, 0, 813.67%, 204, 0, 0, 1046.67, 91180, 65242, 781.64%, 2083, 2001
1706880782, 3, 129, 437, 0, 0, 813.67%, 204, 0, 0, 2086.67, 91555, 65493, 781.64%, 2083, 2001
1706880783, 3, 141, 437, 0, 0, 813.67%, 204, 0, 0, 2016.67, 91992, 65661, 781.64%, 2083, 2001
1706880783, 3, 148, 437, 0, 0, 813.67%, 205, 0, 0, 2413.33, 92465, 65912, 781.64%, 2083, 2001
1706880783, 3, 152, 437, 0, 0, 813.67%, 205, 0, 0, 1116.67, 92571, 66141, 781.64%, 2083, 2001
1706880784, 3, 156, 437, 0, 0, 813.67%, 205, 0, 0, 980.07, 92643, 66364, 781.64%, 2083, 2001
1706880784, 3, 163, 437, 0, 0, 813.67%, 205, 0, 0, 617.94, 92738, 66455, 781.64%, 2083, 2001
1706880784, 3, 170, 437, 0, 0, 813.67%, 205, 0, 0, 743.67, 92879, 66549, 781.64%, 2083, 2001
1706880784, 3, 170, 437, 0, 0, 813.67%, 205, 0, 0, 783.33, 93013, 66650, 781.64%, 2083, 2001
1706880785, 3, 170, 437, 0, 0, 813.67%, 205, 0, 0, 816.67, 93154, 66754, 781.64%, 2083, 2001
1706880785, 3, 172, 437, 0, 0, 813.67%, 205, 0, 0, 763.70, 93279, 66852, 781.64%, 2083, 2001
