# unix_time, cycles_done, cur_path, paths_total, pending_total, pending_favs, map_size, unique_crashes, unique_hangs, max_depth, execs_per_sec, valid_inputs, invalid_inputs, valid_cov, all_covered_probes, valid_covered_probes
1707216618, 0, 0, 1, 0, 0, 465.23%, 0, 0, 0, 0.12, 0, 1, 0.00%, 1191, 0
1707216619, 0, 0, 7, 0, 0, 1192.97%, 0, 0, 0, 19.35, 4, 3, 613.67%, 3054, 1571
1707216619, 0, 0, 21, 0, 0, 1195.31%, 0, 0, 0, 64.04, 19, 14, 667.58%, 3060, 1709
1707216619, 0, 0, 36, 0, 0, 1219.14%, 0, 0, 0, 156.25, 49, 34, 759.77%, 3121, 1945
1707216620, 0, 0, 42, 0, 0, 1219.14%, 0, 0, 0, 14.27, 57, 40, 760.16%, 3121, 1946
1707216621, 0, 0, 49, 0, 0, 1223.44%, 0, 0, 0, 121.39, 81, 58, 760.16%, 3132, 1946
1707216621, 0, 0, 63, 0, 0, 1227.73%, 0, 0, 0, 207.43, 118, 88, 760.16%, 3143, 1946
1707216621, 0, 0, 69, 0, 0, 1228.52%, 0, 0, 0, 132.68, 152, 108, 760.16%, 3145, 1946
1707216622, 0, 0, 70, 0, 0, 1228.52%, 0, 0, 0, 23.73, 161, 114, 760.16%, 3145, 1946
1707216622, 0, 0, 78, 0, 0, 1228.52%, 0, 0, 0, 236.67, 207, 139, 760.16%, 3145, 1946
1707216623, 0, 1, 84, 0, 0, 1228.91%, 0, 0, 0, 246.15, 266, 160, 760.16%, 3146, 1946
1707216623, 0, 1, 85, 0, 0, 1229.30%, 0, 0, 0, 39.46, 292, 166, 760.16%, 3147, 1946
1707216624, 0, 1, 86, 0, 0, 1229.30%, 0, 0, 0, 123.33, 324, 171, 760.16%, 3147, 1946
1707216624, 0, 1, 87, 0, 0, 1229.30%, 0, 0, 0, 135.76, 362, 174, 760.16%, 3147, 1946
1707216624, 0, 1, 89, 0, 0, 1229.30%, 0, 0, 0, 299.71, 449, 191, 760.16%, 3147, 1946
1707216625, 0, 1, 90, 0, 0, 1229.30%, 0, 0, 0, 109.27, 474, 199, 760.16%, 3147, 1946
1707216625, 0, 2, 95, 0, 0, 1229.30%, 0, 0, 0, 237.01, 544, 202, 760.16%, 3147, 1946
1707216625, 0, 2, 95, 0, 0, 1229.30%, 0, 0, 0, 0.00, 544, 202, 760.16%, 3147, 1946
