# unix_time, cycles_done, cur_path, paths_total, pending_total, pending_favs, map_size, unique_crashes, unique_hangs, max_depth, execs_per_sec, valid_inputs, invalid_inputs, valid_cov, all_covered_probes, valid_covered_probes
1706880608, 0, 0, 1, 0, 0, 268.36%, 0, 0, 0, 0.34, 1, 0, 268.36%, 687, 687
1706880608, 0, 0, 12, 0, 0, 747.66%, 1, 0, 0, 39.47, 10, 3, 731.25%, 1914, 1872
1706880608, 0, 0, 29, 0, 0, 755.86%, 5, 0, 0, 191.56, 53, 19, 731.64%, 1935, 1873
1706880609, 0, 0, 49, 0, 0, 770.70%, 8, 0, 0, 234.32, 108, 35, 735.94%, 1973, 1884
1706880609, 0, 0, 62, 0, 0, 775.00%, 8, 0, 0, 425.81, 214, 61, 739.84%, 1984, 1894
1706880609, 0, 1, 74, 0, 0, 777.34%, 13, 0, 0, 468.44, 323, 93, 740.23%, 1990, 1895
1706880610, 0, 1, 83, 0, 0, 784.38%, 15, 0, 0, 275.76, 403, 104, 745.31%, 2008, 1908
1706880610, 0, 1, 91, 0, 0, 784.77%, 16, 0, 0, 166.67, 452, 112, 745.70%, 2009, 1909
1706880610, 0, 2, 98, 0, 0, 784.77%, 18, 0, 0, 378.38, 558, 132, 746.09%, 2009, 1910
1706880611, 0, 2, 104, 0, 0, 785.16%, 18, 0, 0, 286.67, 635, 141, 746.88%, 2010, 1912
1706880611, 0, 2, 108, 0, 0, 786.33%, 19, 0, 0, 244.38, 701, 162, 747.27%, 2013, 1913
1706880611, 0, 3, 121, 0, 0, 786.72%, 21, 0, 0, 506.29, 828, 196, 747.66%, 2014, 1914
1706880612, 0, 3, 132, 0, 0, 786.72%, 23, 0, 0, 225.91, 878, 214, 747.66%, 2014, 1914
1706880612, 0, 3, 133, 0, 0, 786.72%, 24, 0, 0, 126.93, 911, 222, 747.66%, 2014, 1914
1706880612, 0, 3, 138, 0, 0, 787.89%, 25, 0, 0, 223.33, 960, 240, 747.66%, 2017, 1914
1706880613, 0, 3, 139, 0, 0, 787.89%, 25, 0, 0, 37.99, 979, 249, 747.66%, 2017, 1914
1706880614, 0, 3, 143, 0, 0, 789.06%, 25, 0, 0, 111.31, 1020, 269, 748.05%, 2020, 1915
1706880614, 0, 3, 145, 0, 0, 789.84%, 25, 0, 0, 195.12, 1065, 288, 748.05%, 2022, 1915
1706880614, 0, 3, 147, 0, 0, 789.84%, 27, 0, 0, 190.00, 1099, 311, 748.05%, 2022, 1915
1706880614, 0, 3, 151, 0, 0, 790.23%, 28, 0, 0, 281.44, 1170, 334, 748.44%, 2023, 1916
1706880615, 0, 3, 154, 0, 0, 790.63%, 28, 0, 0, 184.21, 1212, 348, 748.44%, 2024, 1916
1706880615, 0, 3, 154, 0, 0, 790.63%, 29, 0, 0, 122.32, 1239, 361, 748.44%, 2024, 1916
1706880615, 0, 3, 157, 0, 0, 790.63%, 29, 0, 0, 180.95, 1276, 381, 748.44%, 2024, 1916
1706880616, 0, 3, 157, 0, 0, 790.63%, 30, 0, 0, 150.40, 1321, 393, 748.44%, 2024, 1916
1706880616, 0, 5, 164, 0, 0, 790.63%, 31, 0, 0, 260.00, 1375, 417, 748.44%, 2024, 1916
1706880616, 0, 5, 165, 0, 0, 791.02%, 33, 0, 0, 184.47, 1412, 437, 748.44%, 2025, 1916
1706880617, 0, 5, 169, 0, 0, 791.02%, 36, 0, 0, 212.62, 1449, 464, 748.44%, 2025, 1916
1706880617, 0, 5, 175, 0, 0, 791.41%, 36, 0, 0, 358.97, 1515, 510, 748.44%, 2026, 1916
1706880617, 0, 5, 177, 0, 0, 793.36%, 36, 0, 0, 326.67, 1565, 558, 748.44%, 2031, 1916
1706880618, 0, 5, 180, 0, 0, 793.36%, 36, 0, 0, 79.73, 1600, 582, 748.44%, 2031, 1916
1706880618, 0, 5, 182, 0, 0, 793.75%, 40, 0, 0, 296.64, 1651, 628, 748.83%, 2032, 1917
1706880619, 0, 5, 182, 0, 0, 793.75%, 40, 0, 0, 120.00, 1670, 645, 748.83%, 2032, 1917
1706880619, 0, 5, 184, 0, 0, 794.14%, 40, 0, 0, 213.17, 1711, 672, 748.83%, 2033, 1917
1706880619, 0, 7, 184, 0, 0, 794.14%, 40, 0, 0, 430.00, 1789, 723, 748.83%, 2033, 1917
1706880620, 0, 11, 186, 0, 0, 797.27%, 41, 0, 0, 1015.87, 2018, 814, 760.55%, 2041, 1947
1706880620, 0, 11, 189, 0, 0, 797.66%, 42, 0, 0, 364.43, 2122, 835, 760.55%, 2042, 1947
1706880620, 0, 18, 191, 0, 0, 797.66%, 43, 0, 0, 757.48, 2311, 874, 760.55%, 2042, 1947
1706880621, 0, 20, 193, 0, 0, 798.05%, 43, 0, 0, 691.03, 2423, 970, 760.94%, 2043, 1948
1706880621, 0, 21, 196, 0, 0, 798.44%, 44, 0, 0, 460.73, 2536, 1033, 760.94%, 2044, 1948
1706880621, 0, 21, 198, 0, 0, 798.83%, 44, 0, 0, 511.11, 2660, 1070, 761.33%, 2045, 1949
1706880622, 0, 22, 201, 0, 0, 798.83%, 46, 0, 0, 990.00, 2837, 1190, 761.33%, 2045, 1949
1706880622, 0, 28, 204, 0, 0, 798.83%, 46, 0, 0, 1302.47, 3102, 1347, 761.72%, 2045, 1950
1706880622, 0, 30, 206, 0, 0, 798.83%, 47, 0, 0, 920.00, 3278, 1447, 761.72%, 2045, 1950
1706880622, 0, 31, 207, 0, 0, 798.83%, 49, 0, 0, 1093.33, 3544, 1509, 761.72%, 2045, 1950
1706880623, 0, 32, 208, 0, 0, 798.83%, 50, 0, 0, 753.14, 3840, 1573, 761.72%, 2045, 1950
1706880623, 0, 38, 208, 0, 0, 798.83%, 51, 0, 0, 503.33, 3960, 1604, 761.72%, 2045, 1950
1706880624, 0, 38, 210, 0, 0, 798.83%, 52, 0, 0, 433.33, 4050, 1644, 761.72%, 2045, 1950
1706880624, 0, 38, 213, 0, 0, 798.83%, 52, 0, 0, 684.39, 4174, 1726, 761.72%, 2045, 1950
1706880624, 0, 38, 214, 0, 0, 799.22%, 52, 0, 0, 256.97, 4219, 1764, 761.72%, 2046, 1950
1706880625, 0, 38, 214, 0, 0, 799.22%, 53, 0, 0, 385.38, 4291, 1808, 761.72%, 2046, 1950
1706880625, 0, 43, 214, 0, 0, 799.22%, 53, 0, 0, 820.00, 4458, 1887, 761.72%, 2046, 1950
1706880625, 0, 44, 219, 0, 0, 803.52%, 53, 0, 0, 533.98, 4556, 1954, 762.11%, 2057, 1951
1706880625, 0, 47, 220, 0, 0, 803.52%, 53, 0, 0, 470.00, 4678, 1973, 762.11%, 2057, 1951
1706880626, 0, 48, 223, 0, 0, 803.91%, 54, 0, 0, 677.91, 4849, 2023, 764.06%, 2058, 1956
1706880626, 0, 48, 225, 0, 0, 804.30%, 54, 0, 0, 219.27, 4853, 2085, 764.06%, 2059, 1956
1706880627, 0, 48, 225, 0, 0, 804.30%, 55, 0, 0, 46.68, 4854, 2117, 764.06%, 2059, 1956
1706880627, 0, 48, 225, 0, 0, 804.30%, 56, 0, 0, 173.08, 4856, 2178, 764.06%, 2059, 1956
1706880627, 0, 48, 228, 0, 0, 805.47%, 57, 0, 0, 386.67, 4864, 2286, 764.06%, 2062, 1956
1706880628, 0, 49, 228, 0, 0, 805.47%, 58, 0, 0, 329.38, 4897, 2364, 764.06%, 2062, 1956
1706880628, 0, 49, 232, 0, 0, 805.86%, 58, 0, 0, 395.35, 4969, 2411, 764.84%, 2063, 1958
1706880628, 0, 49, 232, 0, 0, 805.86%, 58, 0, 0, 457.48, 5077, 2459, 764.84%, 2063, 1958
1706880629, 0, 49, 234, 0, 0, 805.86%, 58, 0, 0, 101.54, 5101, 2468, 764.84%, 2063, 1958
1706880629, 0, 49, 234, 0, 0, 805.86%, 59, 0, 0, 710.00, 5231, 2551, 764.84%, 2063, 1958
1706880629, 0, 52, 236, 0, 0, 805.86%, 63, 0, 0, 707.64, 5347, 2648, 764.84%, 2063, 1958
1706880630, 0, 52, 236, 0, 0, 805.86%, 64, 0, 0, 545.45, 5410, 2753, 764.84%, 2063, 1958
1706880630, 0, 52, 238, 0, 0, 805.86%, 64, 0, 0, 318.94, 5452, 2807, 764.84%, 2063, 1958
1706880630, 0, 52, 238, 0, 0, 805.86%, 65, 0, 0, 358.80, 5494, 2873, 764.84%, 2063, 1958
1706880631, 0, 52, 239, 0, 0, 805.86%, 67, 0, 0, 460.53, 5546, 2961, 764.84%, 2063, 1958
1706880631, 0, 52, 240, 0, 0, 805.86%, 68, 0, 0, 413.33, 5602, 3029, 765.23%, 2063, 1959
1706880631, 0, 55, 244, 0, 0, 805.86%, 69, 0, 0, 790.00, 5767, 3101, 765.23%, 2063, 1959
1706880631, 0, 56, 244, 0, 0, 805.86%, 69, 0, 0, 664.45, 5931, 3137, 765.23%, 2063, 1959
1706880632, 0, 58, 244, 0, 0, 805.86%, 69, 0, 0, 840.00, 6131, 3189, 765.23%, 2063, 1959
1706880632, 0, 59, 244, 0, 0, 805.86%, 69, 0, 0, 943.71, 6355, 3250, 765.23%, 2063, 1959
1706880632, 0, 60, 244, 0, 0, 805.86%, 69, 0, 0, 558.64, 6489, 3297, 765.23%, 2063, 1959
1706880633, 0, 63, 245, 0, 0, 805.86%, 69, 0, 0, 750.00, 6618, 3393, 765.23%, 2063, 1959
1706880633, 0, 63, 245, 0, 0, 805.86%, 69, 0, 0, 261.90, 6641, 3458, 765.23%, 2063, 1959
1706880633, 0, 63, 245, 0, 0, 805.86%, 70, 0, 0, 726.67, 6697, 3620, 765.23%, 2063, 1959
1706880634, 0, 66, 247, 0, 0, 805.86%, 71, 0, 0, 337.63, 6763, 3711, 765.23%, 2063, 1959
1706880634, 0, 67, 247, 0, 0, 805.86%, 71, 0, 0, 946.67, 6919, 3839, 765.23%, 2063, 1959
1706880634, 0, 69, 250, 0, 0, 805.86%, 71, 0, 0, 697.37, 7040, 3930, 765.23%, 2063, 1959
1706880635, 0, 69, 251, 0, 0, 806.25%, 73, 0, 0, 356.13, 7078, 4017, 766.41%, 2064, 1962
1706880635, 0, 69, 253, 0, 0, 806.25%, 73, 0, 0, 395.57, 7121, 4099, 766.41%, 2064, 1962
1706880635, 0, 74, 254, 0, 0, 807.81%, 73, 0, 0, 943.40, 7271, 4249, 766.41%, 2068, 1962
1706880636, 0, 74, 256, 0, 0, 807.81%, 73, 0, 0, 770.00, 7401, 4350, 767.97%, 2068, 1966
1706880636, 0, 74, 258, 0, 0, 807.81%, 73, 0, 0, 568.86, 7516, 4425, 768.36%, 2068, 1967
1706880636, 0, 74, 259, 0, 0, 807.81%, 73, 0, 0, 663.33, 7628, 4512, 768.36%, 2068, 1967
1706880637, 0, 77, 259, 0, 0, 807.81%, 73, 0, 0, 596.83, 7750, 4578, 768.36%, 2068, 1967
1706880637, 0, 80, 260, 0, 0, 807.81%, 73, 0, 0, 1680.78, 8088, 4756, 768.36%, 2068, 1967
1706880637, 0, 86, 262, 0, 0, 807.81%, 73, 0, 0, 895.52, 8286, 4858, 768.75%, 2068, 1968
1706880638, 0, 89, 263, 0, 0, 807.81%, 73, 0, 0, 746.67, 8449, 4919, 768.75%, 2068, 1968
1706880638, 0, 96, 264, 0, 0, 807.81%, 74, 0, 0, 1526.67, 8771, 5055, 769.53%, 2068, 1970
1706880638, 0, 100, 265, 0, 0, 807.81%, 75, 0, 0, 1580.00, 9131, 5169, 769.92%, 2068, 1971
1706880638, 0, 100, 266, 0, 0, 807.81%, 77, 0, 0, 704.32, 9244, 5268, 771.48%, 2068, 1975
1706880639, 0, 100, 267, 0, 0, 807.81%, 77, 0, 0, 590.63, 9342, 5359, 773.05%, 2068, 1979
1706880639, 0, 100, 267, 0, 0, 807.81%, 79, 0, 0, 478.41, 9407, 5438, 773.05%, 2068, 1979
1706880639, 0, 103, 267, 0, 0, 807.81%, 80, 0, 0, 1143.33, 9603, 5585, 773.05%, 2068, 1979
1706880640, 0, 104, 267, 0, 0, 807.81%, 80, 0, 0, 1145.45, 9885, 5681, 773.05%, 2068, 1979
1706880640, 0, 109, 267, 0, 0, 807.81%, 80, 0, 0, 465.48, 10024, 5778, 773.05%, 2068, 1979
1706880641, 0, 114, 269, 0, 0, 808.20%, 80, 0, 0, 1133.96, 10299, 5867, 773.44%, 2069, 1980
1706880641, 0, 123, 269, 0, 0, 808.20%, 82, 0, 0, 813.33, 10451, 5959, 773.44%, 2069, 1980
1706880641, 0, 132, 270, 0, 0, 808.20%, 84, 0, 0, 766.67, 10589, 6051, 773.44%, 2069, 1980
1706880641, 0, 133, 270, 0, 0, 808.20%, 85, 0, 0, 923.33, 10656, 6261, 773.44%, 2069, 1980
1706880642, 0, 138, 271, 0, 0, 808.20%, 89, 0, 0, 603.33, 10745, 6353, 773.44%, 2069, 1980
1706880642, 0, 139, 271, 0, 0, 808.20%, 90, 0, 0, 693.33, 10854, 6452, 773.44%, 2069, 1980
1706880642, 0, 139, 271, 0, 0, 808.20%, 91, 0, 0, 827.24, 10996, 6559, 773.44%, 2069, 1980
1706880643, 0, 139, 271, 0, 0, 808.20%, 91, 0, 0, 486.93, 11073, 6631, 773.44%, 2069, 1980
1706880643, 0, 142, 271, 0, 0, 808.20%, 91, 0, 0, 1033.33, 11215, 6799, 773.44%, 2069, 1980
1706880643, 0, 144, 272, 0, 0, 808.59%, 92, 0, 0, 930.00, 11271, 7022, 773.83%, 2070, 1981
1706880644, 0, 147, 272, 0, 0, 808.59%, 92, 0, 0, 936.88, 11364, 7211, 773.83%, 2070, 1981
1706880644, 0, 148, 273, 0, 0, 809.38%, 93, 0, 0, 643.31, 11434, 7343, 773.83%, 2072, 1981
1706880644, 0, 148, 273, 0, 0, 809.38%, 93, 0, 0, 833.33, 11612, 7415, 773.83%, 2072, 1981
1706880645, 0, 148, 273, 0, 0, 809.38%, 94, 0, 0, 550.54, 11819, 7513, 773.83%, 2072, 1981
1706880645, 0, 152, 274, 0, 0, 809.38%, 95, 0, 0, 896.67, 11970, 7631, 773.83%, 2072, 1981
1706880645, 0, 152, 274, 0, 0, 809.38%, 95, 0, 0, 750.83, 12065, 7762, 773.83%, 2072, 1981
1706880646, 0, 157, 276, 0, 0, 809.38%, 96, 0, 0, 470.00, 12124, 7844, 774.22%, 2072, 1982
1706880646, 0, 163, 276, 0, 0, 809.38%, 97, 0, 0, 596.67, 12218, 7929, 774.22%, 2072, 1982
1706880646, 0, 164, 277, 0, 0, 809.38%, 98, 0, 0, 536.67, 12244, 8064, 774.22%, 2072, 1982
1706880647, 0, 164, 277, 0, 0, 809.38%, 101, 0, 0, 587.66, 12253, 8236, 774.22%, 2072, 1982
1706880647, 0, 169, 277, 0, 0, 809.38%, 101, 0, 0, 540.00, 12332, 8319, 774.22%, 2072, 1982
1706880647, 0, 175, 279, 0, 0, 809.38%, 102, 0, 0, 1234.73, 12477, 8558, 774.22%, 2072, 1982
1706880647, 0, 178, 279, 0, 0, 809.38%, 104, 0, 0, 933.33, 12579, 8736, 774.22%, 2072, 1982
1706880648, 0, 182, 279, 0, 0, 809.38%, 104, 0, 0, 1336.67, 12843, 8873, 774.22%, 2072, 1982
1706880648, 0, 182, 280, 0, 0, 809.38%, 105, 0, 0, 693.33, 12855, 9069, 774.22%, 2072, 1982
1706880648, 0, 185, 283, 0, 0, 809.38%, 106, 0, 0, 1473.33, 13071, 9295, 774.22%, 2072, 1982
1706880649, 0, 191, 285, 0, 0, 809.38%, 106, 0, 0, 1776.67, 13419, 9480, 774.22%, 2072, 1982
1706880649, 0, 203, 288, 0, 0, 809.38%, 106, 0, 0, 2050.00, 13853, 9661, 774.22%, 2072, 1982
1706880649, 0, 212, 289, 0, 0, 809.38%, 106, 0, 0, 1196.01, 14064, 9810, 774.22%, 2072, 1982
1706880650, 0, 213, 291, 0, 0, 809.38%, 106, 0, 0, 863.33, 14086, 10047, 774.22%, 2072, 1982
1706880650, 0, 214, 292, 0, 0, 809.38%, 107, 0, 0, 964.63, 14097, 10336, 774.22%, 2072, 1982
1706880650, 0, 216, 292, 0, 0, 809.38%, 109, 0, 0, 1190.00, 14245, 10545, 774.22%, 2072, 1982
1706880650, 0, 220, 292, 0, 0, 809.38%, 109, 0, 0, 2286.67, 14728, 10748, 774.22%, 2072, 1982
1706880651, 0, 222, 294, 0, 0, 810.55%, 109, 0, 0, 403.33, 14796, 10801, 775.39%, 2075, 1985
1706880652, 0, 222, 296, 0, 0, 810.55%, 109, 0, 0, 440.31, 15023, 11035, 775.78%, 2075, 1986
1706880652, 0, 224, 297, 0, 0, 810.55%, 109, 0, 0, 846.67, 15058, 11254, 775.78%, 2075, 1986
1706880652, 0, 224, 298, 0, 0, 810.55%, 109, 0, 0, 256.67, 15061, 11328, 775.78%, 2075, 1986
1706880653, 0, 226, 300, 0, 0, 810.55%, 110, 0, 0, 676.67, 15082, 11510, 775.78%, 2075, 1986
1706880653, 0, 226, 300, 0, 0, 810.55%, 110, 0, 0, 716.67, 15091, 11716, 775.78%, 2075, 1986
1706880653, 0, 229, 301, 0, 0, 810.55%, 112, 0, 0, 644.52, 15149, 11852, 775.78%, 2075, 1986
1706880654, 0, 230, 305, 0, 0, 810.55%, 117, 0, 0, 590.00, 15216, 11962, 775.78%, 2075, 1986
1706880654, 0, 230, 306, 0, 0, 810.55%, 118, 0, 0, 720.00, 15299, 12095, 776.95%, 2075, 1989
1706880654, 0, 230, 307, 0, 0, 810.55%, 119, 0, 0, 656.67, 15368, 12223, 776.95%, 2075, 1989
1706880654, 0, 231, 308, 0, 0, 810.55%, 120, 0, 0, 626.67, 15442, 12337, 776.95%, 2075, 1989
1706880655, 0, 239, 308, 0, 0, 810.55%, 120, 0, 0, 886.67, 15588, 12457, 776.95%, 2075, 1989
1706880655, 0, 239, 310, 0, 0, 810.55%, 120, 0, 0, 930.00, 15681, 12643, 776.95%, 2075, 1989
1706880655, 0, 239, 311, 0, 0, 810.55%, 120, 0, 0, 920.00, 15791, 12809, 776.95%, 2075, 1989
1706880656, 0, 242, 312, 0, 0, 810.55%, 121, 0, 0, 645.37, 15872, 12930, 776.95%, 2075, 1989
1706880656, 0, 250, 314, 0, 0, 810.55%, 121, 0, 0, 730.00, 15978, 13043, 776.95%, 2075, 1989
1706880656, 0, 250, 319, 0, 0, 810.55%, 121, 0, 0, 506.67, 16060, 13113, 776.95%, 2075, 1989
1706880657, 0, 250, 320, 0, 0, 810.55%, 121, 0, 0, 610.00, 16146, 13210, 776.95%, 2075, 1989
1706880657, 0, 250, 321, 0, 0, 810.55%, 121, 0, 0, 583.33, 16224, 13307, 776.95%, 2075, 1989
1706880657, 0, 250, 321, 0, 0, 810.55%, 121, 0, 0, 570.00, 16315, 13387, 776.95%, 2075, 1989
1706880657, 0, 253, 321, 0, 0, 810.55%, 121, 0, 0, 880.00, 16390, 13576, 776.95%, 2075, 1989
1706880658, 0, 254, 321, 0, 0, 810.55%, 122, 0, 0, 1203.33, 16578, 13749, 776.95%, 2075, 1989
1706880658, 0, 254, 321, 0, 0, 810.55%, 122, 0, 0, 1142.86, 16794, 13877, 776.95%, 2075, 1989
1706880658, 0, 257, 321, 0, 0, 810.55%, 125, 0, 0, 1236.67, 17021, 14021, 776.95%, 2075, 1989
1706880659, 0, 257, 323, 0, 0, 810.55%, 126, 0, 0, 1140.00, 17237, 14147, 776.95%, 2075, 1989
1706880659, 0, 261, 324, 0, 0, 810.55%, 127, 0, 0, 1876.67, 17634, 14313, 776.95%, 2075, 1989
1706880659, 0, 264, 325, 0, 0, 810.55%, 128, 0, 0, 1613.33, 18011, 14420, 776.95%, 2075, 1989
1706880660, 0, 265, 325, 0, 0, 810.55%, 128, 0, 0, 1473.33, 18306, 14567, 776.95%, 2075, 1989
1706880660, 0, 265, 325, 0, 0, 810.55%, 129, 0, 0, 1050.00, 18446, 14742, 776.95%, 2075, 1989
1706880660, 0, 265, 326, 0, 0, 810.55%, 129, 0, 0, 471.78, 18531, 14866, 776.95%, 2075, 1989
1706880661, 0, 266, 327, 0, 0, 810.55%, 129, 0, 0, 620.00, 18610, 14973, 776.95%, 2075, 1989
1706880661, 0, 266, 331, 0, 0, 811.33%, 129, 0, 0, 554.82, 18675, 15075, 777.73%, 2077, 1991
1706880661, 0, 266, 335, 0, 0, 811.33%, 129, 0, 0, 553.33, 18748, 15168, 780.08%, 2077, 1997
1706880662, 0, 266, 335, 0, 0, 811.33%, 129, 0, 0, 578.07, 18825, 15265, 780.08%, 2077, 1997
1706880662, 0, 268, 335, 0, 0, 811.33%, 131, 0, 0, 1345.51, 19121, 15374, 780.08%, 2077, 1997
1706880662, 0, 271, 336, 0, 0, 811.33%, 131, 0, 0, 1090.00, 19292, 15530, 780.08%, 2077, 1997
1706880662, 0, 272, 336, 0, 0, 811.33%, 131, 0, 0, 1300.00, 19504, 15708, 780.08%, 2077, 1997
1706880663, 0, 272, 336, 0, 0, 811.33%, 131, 0, 0, 883.33, 19598, 15879, 780.08%, 2077, 1997
1706880663, 0, 274, 337, 0, 0, 811.33%, 133, 0, 0, 623.33, 19664, 16000, 780.08%, 2077, 1997
1706880663, 0, 274, 337, 0, 0, 811.33%, 135, 0, 0, 671.10, 19745, 16121, 780.08%, 2077, 1997
1706880664, 0, 274, 337, 0, 0, 811.33%, 137, 0, 0, 600.00, 19823, 16223, 780.08%, 2077, 1997
1706880664, 0, 274, 338, 0, 0, 811.33%, 137, 0, 0, 636.67, 19909, 16328, 780.08%, 2077, 1997
1706880664, 0, 279, 339, 0, 0, 811.33%, 140, 0, 0, 466.67, 19950, 16427, 780.08%, 2077, 1997
1706880665, 0, 289, 340, 0, 0, 811.33%, 142, 0, 0, 783.61, 20054, 16562, 780.08%, 2077, 1997
1706880665, 0, 293, 341, 0, 0, 811.33%, 142, 0, 0, 660.00, 20149, 16665, 780.08%, 2077, 1997
1706880665, 0, 293, 341, 0, 0, 811.33%, 142, 0, 0, 533.33, 20242, 16732, 780.08%, 2077, 1997
1706880665, 0, 293, 341, 0, 0, 811.33%, 142, 0, 0, 576.67, 20326, 16821, 780.08%, 2077, 1997
1706880666, 0, 293, 341, 0, 0, 811.33%, 143, 0, 0, 556.67, 20420, 16894, 780.08%, 2077, 1997
1706880666, 0, 294, 342, 0, 0, 811.33%, 143, 0, 0, 833.33, 20543, 17021, 780.08%, 2077, 1997
1706880666, 0, 294, 342, 0, 0, 811.33%, 143, 0, 0, 1073.33, 20714, 17172, 780.08%, 2077, 1997
1706880667, 0, 300, 342, 0, 0, 811.33%, 143, 0, 0, 913.33, 20832, 17328, 780.08%, 2077, 1997
1706880667, 0, 305, 342, 0, 0, 811.33%, 144, 0, 0, 623.33, 20915, 17432, 780.08%, 2077, 1997
1706880667, 0, 305, 342, 0, 0, 811.33%, 145, 0, 0, 644.52, 20998, 17543, 780.08%, 2077, 1997
1706880668, 0, 305, 342, 0, 0, 811.33%, 145, 0, 0, 740.00, 21079, 17684, 780.08%, 2077, 1997
1706880668, 0, 305, 342, 0, 0, 811.33%, 146, 0, 0, 386.79, 21142, 17744, 780.08%, 2077, 1997
1706880668, 0, 305, 342, 0, 0, 811.33%, 146, 0, 0, 550.00, 21221, 17830, 780.08%, 2077, 1997
1706880668, 0, 310, 344, 0, 0, 811.33%, 146, 0, 0, 510.00, 21274, 17930, 780.08%, 2077, 1997
1706880669, 0, 316, 344, 0, 0, 811.33%, 146, 0, 0, 591.36, 21352, 18030, 780.08%, 2077, 1997
1706880669, 0, 318, 344, 0, 0, 811.33%, 146, 0, 0, 148.26, 21384, 18049, 780.08%, 2077, 1997
1706880669, 0, 326, 344, 0, 0, 811.33%, 147, 0, 0, 806.67, 21482, 18193, 780.08%, 2077, 1997
1706880670, 0, 327, 346, 0, 0, 811.33%, 149, 0, 0, 574.26, 21555, 18294, 780.08%, 2077, 1997
1706880670, 0, 327, 348, 0, 0, 811.33%, 149, 0, 0, 451.83, 21615, 18370, 780.08%, 2077, 1997
1706880670, 0, 327, 349, 0, 0, 812.11%, 149, 0, 0, 570.00, 21689, 18467, 780.08%, 2079, 1997
1706880671, 0, 327, 349, 0, 0, 812.11%, 151, 0, 0, 400.00, 21725, 18551, 780.08%, 2079, 1997
1706880671, 0, 327, 349, 0, 0, 812.11%, 153, 0, 0, 317.88, 21764, 18608, 780.08%, 2079, 1997
1706880671, 0, 329, 349, 0, 0, 812.11%, 153, 0, 0, 438.31, 21821, 18686, 780.08%, 2079, 1997
1706880672, 0, 333, 349, 0, 0, 812.11%, 153, 0, 0, 526.67, 21891, 18774, 780.08%, 2079, 1997
1706880672, 0, 333, 349, 0, 0, 812.11%, 153, 0, 0, 796.67, 21990, 18914, 780.08%, 2079, 1997
1706880672, 0, 333, 350, 0, 0, 812.11%, 153, 0, 0, 233.33, 22020, 18954, 780.08%, 2079, 1997
1706880672, 0, 333, 351, 0, 0, 812.11%, 153, 0, 0, 826.67, 22102, 19120, 780.08%, 2079, 1997
1706880673, 0, 337, 352, 0, 0, 812.11%, 155, 0, 0, 714.29, 22173, 19264, 780.08%, 2079, 1997
1706880673, 0, 342, 355, 0, 0, 812.11%, 157, 0, 0, 580.00, 22253, 19358, 780.08%, 2079, 1997
1706880673, 0, 347, 358, 0, 0, 812.11%, 157, 0, 0, 466.89, 22301, 19451, 780.08%, 2079, 1997
1706880674, 0, 348, 358, 0, 0, 812.11%, 159, 0, 0, 673.33, 22319, 19635, 780.08%, 2079, 1997
1706880674, 0, 352, 360, 0, 0, 812.11%, 161, 0, 0, 733.33, 22364, 19810, 780.08%, 2079, 1997
1706880674, 0, 356, 362, 0, 0, 812.11%, 161, 0, 0, 584.16, 22455, 19896, 780.08%, 2079, 1997
1706880675, 0, 361, 364, 0, 0, 812.11%, 162, 0, 0, 508.31, 22520, 19984, 780.08%, 2079, 1997
1706880675, 0, 365, 368, 0, 0, 812.11%, 162, 0, 0, 495.02, 22577, 20076, 780.08%, 2079, 1997
1706880675, 0, 369, 371, 0, 0, 812.11%, 162, 0, 0, 401.99, 22626, 20148, 780.08%, 2079, 1997
1706880675, 0, 373, 375, 0, 0, 812.11%, 162, 0, 0, 473.51, 22685, 20232, 780.08%, 2079, 1997
1706880676, 1, 0, 377, 0, 0, 812.11%, 162, 0, 0, 956.67, 22884, 20320, 780.08%, 2079, 1997
1706880676, 1, 2, 377, 0, 0, 812.11%, 162, 0, 0, 1906.67, 23333, 20443, 780.08%, 2079, 1997
1706880676, 1, 3, 377, 0, 0, 812.11%, 162, 0, 0, 1286.67, 23635, 20527, 780.08%, 2079, 1997
1706880677, 1, 3, 377, 0, 0, 812.11%, 164, 0, 0, 1000.00, 23846, 20616, 780.08%, 2079, 1997
1706880677, 1, 5, 377, 0, 0, 812.11%, 164, 0, 0, 993.33, 24052, 20708, 780.08%, 2079, 1997
1706880677, 1, 5, 379, 0, 0, 812.11%, 164, 0, 0, 1070.00, 24233, 20848, 780.08%, 2079, 1997
1706880678, 1, 8, 379, 0, 0, 812.11%, 164, 0, 0, 1450.00, 24483, 21033, 780.08%, 2079, 1997
1706880678, 1, 18, 379, 0, 0, 812.11%, 164, 0, 0, 2280.00, 24979, 21221, 780.08%, 2079, 1997
1706880678, 1, 22, 379, 0, 0, 812.11%, 164, 0, 0, 2333.33, 25436, 21464, 780.08%, 2079, 1997
1706880678, 1, 30, 379, 0, 0, 812.11%, 164, 0, 0, 2496.67, 25929, 21720, 780.08%, 2079, 1997
1706880679, 1, 32, 379, 0, 0, 812.11%, 164, 0, 0, 2213.33, 26459, 21854, 780.08%, 2079, 1997
1706880679, 1, 38, 379, 0, 0, 812.11%, 165, 0, 0, 1090.00, 26671, 21969, 780.08%, 2079, 1997
1706880679, 1, 43, 381, 0, 0, 812.11%, 165, 0, 0, 1316.67, 26934, 22101, 780.08%, 2079, 1997
1706880680, 1, 47, 381, 0, 0, 812.11%, 165, 0, 0, 2143.33, 27390, 22288, 780.08%, 2079, 1997
1706880680, 1, 48, 381, 0, 0, 812.11%, 166, 0, 0, 783.33, 27417, 22496, 780.08%, 2079, 1997
1706880680, 1, 49, 381, 0, 0, 812.11%, 166, 0, 0, 796.05, 27469, 22686, 780.08%, 2079, 1997
1706880681, 1, 49, 381, 0, 0, 812.11%, 166, 0, 0, 990.00, 27646, 22806, 780.08%, 2079, 1997
1706880681, 1, 49, 381, 0, 0, 812.11%, 168, 0, 0, 963.33, 27844, 22897, 780.08%, 2079, 1997
1706880681, 1, 52, 381, 0, 0, 812.11%, 169, 0, 0, 746.99, 27960, 23029, 780.08%, 2079, 1997
1706880681, 1, 52, 381, 0, 0, 812.11%, 169, 0, 0, 876.67, 28070, 23182, 780.08%, 2079, 1997
1706880682, 1, 52, 381, 0, 0, 812.11%, 169, 0, 0, 986.67, 28185, 23363, 780.08%, 2079, 1997
1706880682, 1, 58, 381, 0, 0, 812.11%, 169, 0, 0, 2158.58, 28715, 23500, 780.08%, 2079, 1997
1706880682, 1, 63, 381, 0, 0, 812.11%, 169, 0, 0, 2183.33, 29160, 23710, 780.08%, 2079, 1997
1706880683, 1, 66, 381, 0, 0, 812.11%, 169, 0, 0, 1300.00, 29258, 24002, 780.08%, 2079, 1997
1706880683, 1, 69, 381, 0, 0, 812.11%, 169, 0, 0, 1820.00, 29542, 24264, 780.08%, 2079, 1997
1706880683, 1, 69, 381, 0, 0, 812.11%, 169, 0, 0, 866.67, 29619, 24447, 780.08%, 2079, 1997
1706880684, 1, 74, 381, 0, 0, 812.11%, 169, 0, 0, 1573.33, 29890, 24648, 780.08%, 2079, 1997
1706880684, 1, 74, 381, 0, 0, 812.11%, 170, 0, 0, 1036.67, 30064, 24785, 780.08%, 2079, 1997
1706880684, 1, 77, 381, 0, 0, 812.11%, 170, 0, 0, 996.67, 30254, 24894, 780.08%, 2079, 1997
1706880684, 1, 81, 381, 0, 0, 812.11%, 171, 0, 0, 1923.33, 30628, 25097, 780.08%, 2079, 1997
1706880685, 1, 89, 383, 0, 0, 812.89%, 171, 0, 0, 1777.05, 31028, 25239, 780.86%, 2081, 1999
1706880685, 1, 96, 383, 0, 0, 812.89%, 171, 0, 0, 1770.00, 31415, 25383, 780.86%, 2081, 1999
1706880685, 1, 100, 384, 0, 0, 812.89%, 171, 0, 0, 1613.33, 31728, 25554, 781.25%, 2081, 2000
1706880686, 1, 100, 384, 0, 0, 812.89%, 171, 0, 0, 1043.33, 31882, 25713, 781.25%, 2081, 2000
1706880686, 1, 102, 384, 0, 0, 812.89%, 171, 0, 0, 1166.67, 32098, 25847, 781.25%, 2081, 2000
1706880686, 1, 107, 384, 0, 0, 812.89%, 171, 0, 0, 2050.00, 32528, 26032, 781.25%, 2081, 2000
1706880687, 1, 117, 384, 0, 0, 812.89%, 171, 0, 0, 1546.67, 32874, 26150, 781.25%, 2081, 2000
1706880687, 1, 129, 384, 0, 0, 812.89%, 172, 0, 0, 1150.00, 33102, 26267, 781.25%, 2081, 2000
1706880687, 1, 134, 384, 0, 0, 812.89%, 172, 0, 0, 1393.33, 33229, 26558, 781.25%, 2081, 2000
1706880687, 1, 139, 384, 0, 0, 812.89%, 173, 0, 0, 946.67, 33386, 26685, 781.25%, 2081, 2000
1706880688, 1, 139, 384, 0, 0, 812.89%, 173, 0, 0, 867.11, 33523, 26809, 781.25%, 2081, 2000
1706880688, 1, 139, 384, 0, 0, 812.89%, 173, 0, 0, 896.67, 33682, 26919, 781.25%, 2081, 2000
1706880688, 1, 144, 384, 0, 0, 812.89%, 173, 0, 0, 1090.00, 33802, 27126, 781.25%, 2081, 2000
1706880689, 1, 147, 384, 0, 0, 812.89%, 173, 0, 0, 1239.20, 33891, 27410, 781.25%, 2081, 2000
1706880689, 1, 148, 384, 0, 0, 812.89%, 173, 0, 0, 1086.67, 34022, 27605, 781.25%, 2081, 2000
1706880689, 1, 148, 384, 0, 0, 812.89%, 173, 0, 0, 1056.67, 34227, 27717, 781.25%, 2081, 2000
1706880690, 1, 148, 384, 0, 0, 812.89%, 173, 0, 0, 1053.33, 34431, 27829, 781.25%, 2081, 2000
1706880690, 1, 152, 384, 0, 0, 812.89%, 173, 0, 0, 1086.67, 34580, 28006, 781.25%, 2081, 2000
1706880690, 1, 161, 384, 0, 0, 812.89%, 173, 0, 0, 983.33, 34700, 28181, 781.25%, 2081, 2000
1706880690, 1, 164, 384, 0, 0, 812.89%, 174, 0, 0, 783.33, 34761, 28355, 781.25%, 2081, 2000
1706880691, 1, 167, 384, 0, 0, 812.89%, 176, 0, 0, 893.33, 34814, 28570, 781.25%, 2081, 2000
1706880691, 1, 174, 384, 0, 0, 812.89%, 177, 0, 0, 906.67, 34926, 28730, 781.25%, 2081, 2000
1706880691, 1, 175, 384, 0, 0, 812.89%, 178, 0, 0, 1180.00, 35043, 28967, 781.25%, 2081, 2000
1706880692, 1, 180, 384, 0, 0, 812.89%, 179, 0, 0, 1256.67, 35303, 29084, 781.25%, 2081, 2000
1706880692, 1, 182, 384, 0, 0, 812.89%, 179, 0, 0, 977.64, 35357, 29336, 781.25%, 2081, 2000
1706880692, 1, 185, 384, 0, 0, 812.89%, 179, 0, 0, 1386.67, 35551, 29558, 781.25%, 2081, 2000
1706880693, 1, 194, 384, 0, 0, 812.89%, 179, 0, 0, 2133.33, 35978, 29771, 781.25%, 2081, 2000
1706880693, 1, 203, 385, 0, 0, 812.89%, 179, 0, 0, 1571.43, 36375, 29913, 781.25%, 2081, 2000
1706880693, 1, 213, 385, 0, 0, 812.89%, 179, 0, 0, 1413.33, 36596, 30116, 781.25%, 2081, 2000
1706880694, 1, 213, 385, 0, 0, 812.89%, 179, 0, 0, 1003.33, 36602, 30411, 781.25%, 2081, 2000
1706880694, 1, 214, 385, 0, 0, 812.89%, 179, 0, 0, 1216.67, 36614, 30764, 781.25%, 2081, 2000
1706880694, 1, 219, 385, 0, 0, 812.89%, 180, 0, 0, 2163.33, 37038, 30989, 781.25%, 2081, 2000
1706880694, 1, 222, 386, 0, 0, 812.89%, 180, 0, 0, 1450.00, 37313, 31149, 781.25%, 2081, 2000
1706880695, 1, 223, 386, 0, 0, 812.89%, 181, 0, 0, 1340.00, 37502, 31362, 781.25%, 2081, 2000
1706880695, 1, 224, 386, 0, 0, 812.89%, 181, 0, 0, 746.67, 37525, 31563, 781.25%, 2081, 2000
1706880695, 1, 226, 386, 0, 0, 812.89%, 181, 0, 0, 816.67, 37555, 31778, 781.25%, 2081, 2000
1706880696, 1, 226, 386, 0, 0, 812.89%, 181, 0, 0, 813.95, 37560, 32018, 781.25%, 2081, 2000
1706880696, 1, 230, 386, 0, 0, 812.89%, 181, 0, 0, 696.67, 37622, 32165, 781.25%, 2081, 2000
1706880696, 1, 230, 386, 0, 0, 812.89%, 181, 0, 0, 586.67, 37680, 32283, 781.25%, 2081, 2000
1706880697, 1, 230, 386, 0, 0, 812.89%, 181, 0, 0, 704.32, 37773, 32402, 781.25%, 2081, 2000
1706880697, 1, 230, 386, 0, 0, 812.89%, 182, 0, 0, 580.00, 37839, 32510, 781.25%, 2081, 2000
1706880697, 1, 234, 386, 0, 0, 812.89%, 182, 0, 0, 840.00, 37938, 32663, 781.25%, 2081, 2000
1706880697, 1, 239, 386, 0, 0, 812.89%, 182, 0, 0, 773.89, 38051, 32793, 781.25%, 2081, 2000
1706880698, 1, 239, 386, 0, 0, 812.89%, 183, 0, 0, 700.00, 38120, 32934, 781.25%, 2081, 2000
1706880698, 1, 239, 386, 0, 0, 812.89%, 183, 0, 0, 940.00, 38204, 33132, 781.25%, 2081, 2000
1706880698, 1, 246, 386, 0, 0, 812.89%, 183, 0, 0, 966.67, 38332, 33294, 781.25%, 2081, 2000
1706880699, 1, 250, 386, 0, 0, 812.89%, 183, 0, 0, 673.33, 38446, 33382, 781.25%, 2081, 2000
1706880699, 1, 250, 386, 0, 0, 812.89%, 183, 0, 0, 680.00, 38537, 33495, 781.25%, 2081, 2000
1706880699, 1, 250, 386, 0, 0, 812.89%, 183, 0, 0, 650.00, 38621, 33606, 781.25%, 2081, 2000
1706880700, 1, 250, 386, 0, 0, 812.89%, 184, 0, 0, 615.38, 38715, 33704, 781.25%, 2081, 2000
1706880700, 1, 253, 386, 0, 0, 812.89%, 184, 0, 0, 830.00, 38788, 33880, 781.25%, 2081, 2000
1706880700, 1, 254, 386, 0, 0, 812.89%, 184, 0, 0, 926.67, 38896, 34050, 781.25%, 2081, 2000
1706880700, 1, 254, 386, 0, 0, 812.89%, 184, 0, 0, 1240.00, 39123, 34195, 781.25%, 2081, 2000
1706880701, 1, 257, 387, 0, 0, 812.89%, 184, 0, 0, 1373.33, 39367, 34363, 781.25%, 2081, 2000
1706880701, 1, 257, 387, 0, 0, 812.89%, 184, 0, 0, 993.65, 39552, 34491, 781.25%, 2081, 2000
1706880701, 1, 260, 387, 0, 0, 812.89%, 184, 0, 0, 1370.00, 39830, 34624, 781.25%, 2081, 2000
1706880702, 1, 263, 387, 0, 0, 812.89%, 184, 0, 0, 1830.00, 40245, 34758, 781.25%, 2081, 2000
1706880702, 1, 265, 387, 0, 0, 812.89%, 184, 0, 0, 1943.33, 40662, 34924, 781.25%, 2081, 2000
1706880702, 1, 265, 387, 0, 0, 812.89%, 184, 0, 0, 1053.33, 40807, 35095, 781.25%, 2081, 2000
1706880703, 1, 265, 387, 0, 0, 812.89%, 184, 0, 0, 941.94, 40948, 35246, 781.25%, 2081, 2000
1706880703, 1, 266, 387, 0, 0, 812.89%, 185, 0, 0, 603.33, 41023, 35352, 781.25%, 2081, 2000
1706880703, 1, 266, 387, 0, 0, 812.89%, 185, 0, 0, 593.33, 41091, 35462, 781.25%, 2081, 2000
1706880703, 1, 266, 387, 0, 0, 812.89%, 185, 0, 0, 382.06, 41142, 35526, 781.25%, 2081, 2000
1706880704, 1, 266, 387, 0, 0, 812.89%, 185, 0, 0, 486.67, 41210, 35604, 781.25%, 2081, 2000
1706880704, 1, 266, 387, 0, 0, 812.89%, 185, 0, 0, 233.33, 41241, 35643, 781.25%, 2081, 2000
1706880704, 1, 270, 388, 0, 0, 812.89%, 185, 0, 0, 1360.00, 41533, 35759, 781.25%, 2081, 2000
1706880705, 1, 271, 389, 0, 0, 812.89%, 185, 0, 0, 930.00, 41681, 35890, 781.64%, 2081, 2001
1706880705, 1, 272, 389, 0, 0, 812.89%, 185, 0, 0, 1347.27, 41895, 36095, 781.64%, 2081, 2001
1706880705, 1, 274, 389, 0, 0, 812.89%, 185, 0, 0, 887.79, 41982, 36277, 781.64%, 2081, 2001
1706880706, 1, 274, 389, 0, 0, 812.89%, 187, 0, 0, 687.71, 42053, 36413, 781.64%, 2081, 2001
1706880706, 1, 274, 389, 0, 0, 812.89%, 187, 0, 0, 530.00, 42121, 36504, 781.64%, 2081, 2001
1706880706, 1, 274, 389, 0, 0, 812.89%, 188, 0, 0, 576.67, 42187, 36611, 781.64%, 2081, 2001
1706880707, 1, 275, 389, 0, 0, 812.89%, 188, 0, 0, 673.33, 42263, 36737, 781.64%, 2081, 2001
1706880707, 1, 283, 389, 0, 0, 812.89%, 190, 0, 0, 706.67, 42347, 36865, 781.64%, 2081, 2001
1706880707, 1, 293, 389, 0, 0, 812.89%, 190, 0, 0, 794.02, 42434, 37017, 781.64%, 2081, 2001
1706880707, 1, 293, 389, 0, 0, 812.89%, 190, 0, 0, 643.33, 42550, 37094, 781.64%, 2081, 2001
1706880708, 1, 293, 389, 0, 0, 812.89%, 190, 0, 0, 603.33, 42639, 37186, 781.64%, 2081, 2001
1706880708, 1, 293, 389, 0, 0, 812.89%, 190, 0, 0, 620.00, 42747, 37264, 781.64%, 2081, 2001
1706880708, 1, 293, 389, 0, 0, 812.89%, 190, 0, 0, 451.83, 42819, 37328, 781.64%, 2081, 2001
1706880709, 1, 294, 389, 0, 0, 812.89%, 191, 0, 0, 1003.33, 42985, 37463, 781.64%, 2081, 2001
1706880709, 1, 296, 389, 0, 0, 812.89%, 192, 0, 0, 1180.00, 43173, 37629, 781.64%, 2081, 2001
1706880709, 1, 303, 389, 0, 0, 812.89%, 192, 0, 0, 743.33, 43249, 37776, 781.64%, 2081, 2001
1706880710, 1, 305, 389, 0, 0, 812.89%, 192, 0, 0, 516.67, 43298, 37882, 781.64%, 2081, 2001
1706880710, 1, 305, 389, 0, 0, 812.89%, 192, 0, 0, 600.00, 43368, 37992, 781.64%, 2081, 2001
1706880710, 1, 305, 389, 0, 0, 812.89%, 193, 0, 0, 713.33, 43453, 38121, 781.64%, 2081, 2001
1706880710, 1, 305, 389, 0, 0, 812.89%, 193, 0, 0, 543.13, 43532, 38212, 781.64%, 2081, 2001
1706880711, 1, 312, 389, 0, 0, 812.89%, 193, 0, 0, 713.33, 43605, 38353, 781.64%, 2081, 2001
1706880711, 1, 318, 389, 0, 0, 812.89%, 193, 0, 0, 654.49, 43696, 38459, 781.64%, 2081, 2001
1706880711, 1, 326, 389, 0, 0, 812.89%, 193, 0, 0, 764.12, 43796, 38589, 781.64%, 2081, 2001
1706880712, 1, 327, 389, 0, 0, 812.89%, 193, 0, 0, 473.33, 43859, 38668, 781.64%, 2081, 2001
1706880712, 1, 327, 389, 0, 0, 812.89%, 193, 0, 0, 610.00, 43934, 38776, 781.64%, 2081, 2001
1706880712, 1, 327, 389, 0, 0, 812.89%, 193, 0, 0, 610.00, 44012, 38881, 781.64%, 2081, 2001
1706880713, 1, 327, 389, 0, 0, 812.89%, 193, 0, 0, 615.89, 44096, 38983, 781.64%, 2081, 2001
1706880713, 1, 330, 389, 0, 0, 812.89%, 193, 0, 0, 603.33, 44173, 39087, 781.64%, 2081, 2001
1706880713, 1, 333, 390, 0, 0, 812.89%, 194, 0, 0, 733.33, 44243, 39237, 781.64%, 2081, 2001
1706880713, 1, 333, 391, 0, 0, 812.89%, 195, 0, 0, 813.95, 44333, 39392, 781.64%, 2081, 2001
1706880714, 1, 333, 391, 0, 0, 812.89%, 196, 0, 0, 766.67, 44420, 39535, 781.64%, 2081, 2001
1706880714, 1, 336, 391, 0, 0, 812.89%, 196, 0, 0, 651.16, 44492, 39659, 781.64%, 2081, 2001
1706880714, 1, 343, 391, 0, 0, 812.89%, 197, 0, 0, 631.23, 44573, 39768, 781.64%, 2081, 2001
1706880715, 1, 348, 392, 0, 0, 812.89%, 197, 0, 0, 606.67, 44614, 39909, 781.64%, 2081, 2001
1706880715, 1, 348, 392, 0, 0, 812.89%, 197, 0, 0, 920.27, 44628, 40172, 781.64%, 2081, 2001
1706880715, 1, 353, 392, 0, 0, 812.89%, 198, 0, 0, 480.00, 44688, 40256, 781.64%, 2081, 2001
1706880716, 1, 357, 392, 0, 0, 812.89%, 198, 0, 0, 556.67, 44766, 40345, 781.64%, 2081, 2001
1706880716, 1, 362, 394, 0, 0, 812.89%, 199, 0, 0, 466.67, 44809, 40442, 781.64%, 2081, 2001
1706880716, 1, 365, 395, 0, 0, 812.89%, 199, 0, 0, 351.85, 44857, 40508, 781.64%, 2081, 2001
1706880716, 1, 368, 396, 0, 0, 812.89%, 199, 0, 0, 368.77, 44909, 40567, 781.64%, 2081, 2001
1706880717, 1, 372, 397, 0, 0, 812.89%, 200, 0, 0, 430.92, 44963, 40644, 781.64%, 2081, 2001
1706880717, 1, 379, 398, 0, 0, 812.89%, 200, 0, 0, 500.00, 45019, 40738, 781.64%, 2081, 2001
1706880717, 1, 382, 399, 0, 0, 812.89%, 200, 0, 0, 1210.00, 45236, 40884, 781.64%, 2081, 2001
1706880718, 1, 383, 400, 0, 0, 812.89%, 200, 0, 0, 991.25, 45432, 41028, 781.64%, 2081, 2001
1706880718, 1, 388, 400, 0, 0, 812.89%, 200, 0, 0, 1590.00, 45742, 41195, 781.64%, 2081, 2001
1706880718, 1, 388, 400, 0, 0, 812.89%, 200, 0, 0, 1400.00, 45935, 41422, 781.64%, 2081, 2001
1706880719, 1, 394, 404, 0, 0, 812.89%, 201, 0, 0, 614.62, 45994, 41548, 781.64%, 2081, 2001
1706880719, 1, 397, 405, 0, 0, 812.89%, 201, 0, 0, 390.00, 46048, 41611, 781.64%, 2081, 2001
1706880719, 1, 403, 406, 0, 0, 812.89%, 203, 0, 0, 523.33, 46103, 41713, 781.64%, 2081, 2001
1706880719, 2, 0, 406, 0, 0, 812.89%, 204, 0, 0, 1140.00, 46340, 41818, 781.64%, 2081, 2001
1706880720, 2, 2, 406, 0, 0, 812.89%, 205, 0, 0, 1970.00, 46802, 41947, 781.64%, 2081, 2001
1706880720, 2, 3, 406, 0, 0, 812.89%, 205, 0, 0, 993.33, 47031, 42016, 781.64%, 2081, 2001
1706880720, 2, 3, 406, 0, 0, 812.89%, 206, 0, 0, 1026.67, 47251, 42104, 781.64%, 2081, 2001
1706880721, 2, 5, 406, 0, 0, 812.89%, 206, 0, 0, 1020.00, 47471, 42190, 781.64%, 2081, 2001
1706880721, 2, 5, 406, 0, 0, 812.89%, 206, 0, 0, 1010.00, 47658, 42306, 781.64%, 2081, 2001
1706880721, 2, 7, 406, 0, 0, 812.89%, 206, 0, 0, 1093.33, 47843, 42449, 781.64%, 2081, 2001
1706880722, 2, 18, 407, 0, 0, 813.67%, 206, 0, 0, 2383.33, 48355, 42652, 781.64%, 2083, 2001
1706880722, 2, 22, 407, 0, 0, 813.67%, 206, 0, 0, 2233.33, 48812, 42865, 781.64%, 2083, 2001
1706880722, 2, 30, 407, 0, 0, 813.67%, 206, 0, 0, 2483.77, 49268, 43174, 781.64%, 2083, 2001
1706880723, 2, 32, 408, 0, 0, 813.67%, 206, 0, 0, 2303.33, 49816, 43317, 782.03%, 2083, 2002
1706880723, 2, 38, 408, 0, 0, 813.67%, 206, 0, 0, 1322.09, 50100, 43464, 782.03%, 2083, 2002
1706880723, 2, 43, 408, 0, 0, 813.67%, 206, 0, 0, 1650.49, 50413, 43661, 782.03%, 2083, 2002
1706880723, 2, 48, 408, 0, 0, 813.67%, 206, 0, 0, 1846.67, 50809, 43819, 782.03%, 2083, 2002
1706880724, 2, 48, 408, 0, 0, 813.67%, 207, 0, 0, 746.67, 50815, 44037, 782.03%, 2083, 2002
1706880724, 2, 49, 408, 0, 0, 813.67%, 207, 0, 0, 873.33, 50925, 44189, 782.03%, 2083, 2002
1706880724, 2, 49, 408, 0, 0, 813.67%, 207, 0, 0, 916.67, 51087, 44302, 782.03%, 2083, 2002
1706880725, 2, 49, 408, 0, 0, 813.67%, 207, 0, 0, 873.33, 51253, 44398, 782.03%, 2083, 2002
1706880725, 2, 52, 408, 0, 0, 813.67%, 207, 0, 0, 952.38, 51382, 44569, 782.03%, 2083, 2002
1706880725, 2, 52, 409, 0, 0, 813.67%, 208, 0, 0, 976.67, 51496, 44748, 782.03%, 2083, 2002
1706880726, 2, 55, 410, 0, 0, 813.67%, 208, 0, 0, 1440.00, 51762, 44914, 782.03%, 2083, 2002
1706880726, 2, 58, 410, 0, 0, 813.67%, 208, 0, 0, 1811.88, 52195, 45030, 782.03%, 2083, 2002
1706880726, 2, 63, 410, 0, 0, 813.67%, 208, 0, 0, 1853.33, 52514, 45267, 782.03%, 2083, 2002
1706880726, 2, 66, 410, 0, 0, 813.67%, 208, 0, 0, 1020.00, 52594, 45493, 782.03%, 2083, 2002
1706880727, 2, 69, 410, 0, 0, 813.67%, 208, 0, 0, 1756.67, 52893, 45721, 782.03%, 2083, 2002
1706880727, 2, 69, 410, 0, 0, 813.67%, 208, 0, 0, 826.67, 52978, 45884, 782.03%, 2083, 2002
1706880727, 2, 74, 411, 0, 0, 813.67%, 208, 0, 0, 1416.67, 53185, 46102, 782.03%, 2083, 2002
1706880728, 2, 74, 411, 0, 0, 813.67%, 208, 0, 0, 1310.00, 53390, 46290, 782.03%, 2083, 2002
1706880728, 2, 79, 411, 0, 0, 813.67%, 208, 0, 0, 1736.67, 53709, 46492, 782.03%, 2083, 2002
1706880728, 2, 82, 411, 0, 0, 813.67%, 208, 0, 0, 1743.33, 54045, 46679, 782.03%, 2083, 2002
1706880729, 2, 89, 411, 0, 0, 813.67%, 208, 0, 0, 880.00, 54212, 46776, 782.03%, 2083, 2002
1706880729, 2, 96, 411, 0, 0, 813.67%, 208, 0, 0, 1606.67, 54552, 46918, 782.03%, 2083, 2002
1706880729, 2, 100, 411, 0, 0, 813.67%, 209, 0, 0, 1846.67, 54968, 47056, 782.03%, 2083, 2002
1706880729, 2, 100, 411, 0, 0, 813.67%, 209, 0, 0, 943.33, 55117, 47190, 782.03%, 2083, 2002
1706880730, 2, 100, 411, 0, 0, 813.67%, 209, 0, 0, 950.00, 55260, 47332, 782.03%, 2083, 2002
1706880730, 2, 104, 411, 0, 0, 813.67%, 209, 0, 0, 2223.33, 55746, 47513, 782.03%, 2083, 2002
1706880730, 2, 112, 411, 0, 0, 813.67%, 209, 0, 0, 1773.33, 56119, 47672, 782.03%, 2083, 2002
1706880731, 2, 125, 411, 0, 0, 813.67%, 209, 0, 0, 1110.00, 56328, 47796, 782.03%, 2083, 2002
1706880731, 2, 133, 412, 0, 0, 813.67%, 209, 0, 0, 1103.33, 56473, 47982, 782.03%, 2083, 2002
1706880731, 2, 139, 412, 0, 0, 813.67%, 210, 0, 0, 976.33, 56593, 48192, 782.03%, 2083, 2002
1706880732, 2, 139, 412, 0, 0, 813.67%, 210, 0, 0, 790.00, 56729, 48293, 782.03%, 2083, 2002
1706880732, 2, 139, 412, 0, 0, 813.67%, 210, 0, 0, 767.44, 56866, 48387, 782.03%, 2083, 2002
1706880732, 2, 141, 412, 0, 0, 813.67%, 210, 0, 0, 867.11, 57016, 48498, 782.03%, 2083, 2002
1706880733, 2, 144, 413, 0, 0, 813.67%, 210, 0, 0, 1300.00, 57140, 48764, 782.03%, 2083, 2002
1706880733, 2, 147, 413, 0, 0, 813.67%, 210, 0, 0, 1060.00, 57238, 48984, 782.03%, 2083, 2002
1706880733, 2, 148, 413, 0, 0, 813.67%, 210, 0, 0, 926.67, 57366, 49134, 782.03%, 2083, 2002
1706880733, 2, 148, 413, 0, 0, 813.67%, 210, 0, 0, 1016.67, 57580, 49225, 782.03%, 2083, 2002
1706880734, 2, 148, 413, 0, 0, 813.67%, 210, 0, 0, 1020.00, 57765, 49346, 782.03%, 2083, 2002
1706880734, 2, 152, 413, 0, 0, 813.67%, 210, 0, 0, 1113.33, 57919, 49526, 782.03%, 2083, 2002
1706880734, 2, 162, 413, 0, 0, 813.67%, 210, 0, 0, 1040.00, 58062, 49695, 782.03%, 2083, 2002
1706880735, 2, 164, 413, 0, 0, 813.67%, 211, 0, 0, 850.00, 58119, 49893, 782.03%, 2083, 2002
1706880735, 2, 168, 413, 0, 0, 813.67%, 211, 0, 0, 853.33, 58198, 50070, 782.03%, 2083, 2002
1706880735, 2, 175, 413, 0, 0, 813.67%, 211, 0, 0, 1336.67, 58340, 50329, 782.03%, 2083, 2002
1706880736, 2, 177, 413, 0, 0, 813.67%, 211, 0, 0, 880.40, 58425, 50509, 782.03%, 2083, 2002
1706880736, 2, 182, 413, 0, 0, 813.67%, 211, 0, 0, 1463.33, 58697, 50676, 782.03%, 2083, 2002
1706880736, 2, 182, 413, 0, 0, 813.67%, 211, 0, 0, 852.94, 58722, 50912, 782.03%, 2083, 2002
1706880736, 2, 188, 413, 0, 0, 813.67%, 211, 0, 0, 1740.00, 59006, 51150, 782.03%, 2083, 2002
1706880737, 2, 194, 413, 0, 0, 813.67%, 211, 0, 0, 1783.33, 59363, 51328, 782.03%, 2083, 2002
1706880737, 2, 203, 413, 0, 0, 813.67%, 211, 0, 0, 1813.33, 59769, 51466, 782.03%, 2083, 2002
1706880737, 2, 213, 414, 0, 0, 813.67%, 211, 0, 0, 1096.67, 59918, 51646, 782.03%, 2083, 2002
1706880738, 2, 213, 414, 0, 0, 813.67%, 212, 0, 0, 813.33, 59919, 51889, 782.03%, 2083, 2002
1706880738, 2, 214, 414, 0, 0, 813.67%, 212, 0, 0, 937.70, 59928, 52166, 782.03%, 2083, 2002
1706880738, 2, 217, 414, 0, 0, 813.67%, 212, 0, 0, 1418.46, 60188, 52367, 782.03%, 2083, 2002
1706880739, 2, 220, 414, 0, 0, 813.67%, 212, 0, 0, 1613.33, 60506, 52533, 782.03%, 2083, 2002
1706880739, 2, 222, 414, 0, 0, 813.67%, 213, 0, 0, 913.33, 60653, 52660, 782.03%, 2083, 2002
1706880739, 2, 223, 415, 0, 0, 813.67%, 213, 0, 0, 1305.65, 60848, 52858, 782.03%, 2083, 2002
1706880739, 2, 224, 416, 0, 0, 813.67%, 214, 0, 0, 863.33, 60869, 53096, 782.03%, 2083, 2002
1706880740, 2, 225, 416, 0, 0, 813.67%, 214, 0, 0, 614.62, 60895, 53255, 782.03%, 2083, 2002
1706880740, 2, 226, 416, 0, 0, 813.67%, 214, 0, 0, 717.61, 60901, 53465, 782.03%, 2083, 2002
1706880740, 2, 229, 416, 0, 0, 813.67%, 214, 0, 0, 753.33, 60942, 53650, 782.03%, 2083, 2002
1706880741, 2, 230, 416, 0, 0, 813.67%, 214, 0, 0, 684.39, 61018, 53780, 782.03%, 2083, 2002
1706880741, 2, 230, 416, 0, 0, 813.67%, 214, 0, 0, 636.67, 61090, 53899, 782.03%, 2083, 2002
1706880741, 2, 230, 416, 0, 0, 813.67%, 214, 0, 0, 613.33, 61155, 54018, 782.03%, 2083, 2002
1706880742, 2, 232, 416, 0, 0, 813.67%, 215, 0, 0, 716.67, 61244, 54144, 782.03%, 2083, 2002
1706880742, 2, 239, 416, 0, 0, 813.67%, 215, 0, 0, 970.00, 61382, 54297, 782.03%, 2083, 2002
1706880742, 2, 239, 416, 0, 0, 813.67%, 215, 0, 0, 900.00, 61476, 54473, 782.03%, 2083, 2002
1706880742, 2, 239, 416, 0, 0, 813.67%, 215, 0, 0, 906.67, 61581, 54640, 782.03%, 2083, 2002
1706880743, 2, 248, 416, 0, 0, 813.67%, 215, 0, 0, 956.67, 61710, 54798, 782.03%, 2083, 2002
1706880743, 2, 250, 416, 0, 0, 813.67%, 215, 0, 0, 551.50, 61802, 54872, 782.03%, 2083, 2002
1706880743, 2, 250, 416, 0, 0, 813.67%, 215, 0, 0, 673.33, 61895, 54981, 782.03%, 2083, 2002
1706880744, 2, 250, 416, 0, 0, 813.67%, 215, 0, 0, 630.00, 61987, 55078, 782.03%, 2083, 2002
1706880744, 2, 250, 416, 0, 0, 813.67%, 215, 0, 0, 624.58, 62076, 55177, 782.03%, 2083, 2002
1706880744, 2, 253, 416, 0, 0, 813.67%, 215, 0, 0, 886.67, 62156, 55363, 782.03%, 2083, 2002
1706880745, 2, 254, 416, 0, 0, 813.67%, 215, 0, 0, 933.33, 62278, 55521, 782.03%, 2083, 2002
1706880745, 2, 254, 416, 0, 0, 813.67%, 215, 0, 0, 980.07, 62458, 55636, 782.03%, 2083, 2002
1706880745, 2, 257, 416, 0, 0, 813.67%, 215, 0, 0, 1223.33, 62686, 55775, 782.03%, 2083, 2002
1706880745, 2, 257, 416, 0, 0, 813.67%, 215, 0, 0, 1236.67, 62914, 55918, 782.03%, 2083, 2002
1706880746, 2, 260, 417, 0, 0, 814.06%, 215, 0, 0, 1793.33, 63270, 56100, 782.03%, 2084, 2002
1706880746, 2, 263, 418, 0, 0, 814.06%, 215, 0, 0, 1790.00, 63679, 56228, 782.42%, 2084, 2003
1706880746, 2, 265, 418, 0, 0, 814.06%, 215, 0, 0, 1730.90, 64043, 56385, 782.42%, 2084, 2003
1706880747, 2, 265, 418, 0, 0, 814.06%, 215, 0, 0, 806.67, 64153, 56517, 782.42%, 2084, 2003
1706880747, 2, 265, 418, 0, 0, 814.06%, 215, 0, 0, 1133.33, 64296, 56714, 782.42%, 2084, 2003
1706880747, 2, 266, 418, 0, 0, 814.06%, 215, 0, 0, 500.00, 64364, 56802, 782.42%, 2084, 2003
1706880748, 2, 266, 418, 0, 0, 814.06%, 215, 0, 0, 536.67, 64431, 56896, 782.42%, 2084, 2003
1706880748, 2, 266, 418, 0, 0, 814.06%, 215, 0, 0, 643.33, 64512, 57008, 782.42%, 2084, 2003
1706880748, 2, 266, 418, 0, 0, 814.06%, 215, 0, 0, 606.67, 64594, 57108, 782.42%, 2084, 2003
1706880748, 2, 271, 418, 0, 0, 814.06%, 215, 0, 0, 1384.11, 64890, 57230, 782.42%, 2084, 2003
1706880749, 2, 271, 419, 0, 0, 814.06%, 216, 0, 0, 1156.67, 65081, 57386, 782.42%, 2084, 2003
1706880749, 2, 272, 419, 0, 0, 814.06%, 217, 0, 0, 1330.00, 65267, 57599, 782.42%, 2084, 2003
1706880749, 2, 274, 419, 0, 0, 814.06%, 217, 0, 0, 911.18, 65361, 57782, 782.42%, 2084, 2003
1706880750, 2, 274, 419, 0, 0, 814.06%, 218, 0, 0, 683.33, 65423, 57925, 782.42%, 2084, 2003
1706880750, 2, 274, 419, 0, 0, 814.06%, 220, 0, 0, 600.00, 65489, 58039, 782.42%, 2084, 2003
1706880750, 2, 274, 419, 0, 0, 814.06%, 220, 0, 0, 626.67, 65566, 58150, 782.42%, 2084, 2003
1706880751, 2, 275, 419, 0, 0, 814.06%, 221, 0, 0, 426.67, 65620, 58224, 782.42%, 2084, 2003
1706880751, 2, 281, 419, 0, 0, 814.06%, 221, 0, 0, 451.10, 65668, 58319, 782.42%, 2084, 2003
1706880751, 2, 287, 419, 0, 0, 814.06%, 221, 0, 0, 310.10, 65737, 58379, 782.42%, 2084, 2003
1706880752, 2, 292, 419, 0, 0, 814.06%, 221, 0, 0, 382.06, 65764, 58467, 782.42%, 2084, 2003
1706880752, 2, 293, 419, 0, 0, 814.06%, 221, 0, 0, 198.28, 65798, 58502, 782.42%, 2084, 2003
1706880752, 2, 293, 419, 0, 0, 814.06%, 221, 0, 0, 219.05, 65843, 58526, 782.42%, 2084, 2003
1706880753, 2, 293, 419, 0, 0, 814.06%, 221, 0, 0, 370.00, 65905, 58575, 782.42%, 2084, 2003
1706880753, 2, 293, 419, 0, 0, 814.06%, 221, 0, 0, 458.47, 65991, 58627, 782.42%, 2084, 2003
1706880753, 2, 293, 419, 0, 0, 814.06%, 221, 0, 0, 231.97, 66029, 58663, 782.42%, 2084, 2003
1706880753, 2, 293, 419, 0, 0, 814.06%, 221, 0, 0, 336.67, 66082, 58711, 782.42%, 2084, 2003
1706880754, 2, 293, 420, 0, 0, 814.06%, 221, 0, 0, 351.27, 66152, 58752, 782.42%, 2084, 2003
1706880754, 2, 294, 420, 0, 0, 814.06%, 222, 0, 0, 657.81, 66251, 58851, 782.42%, 2084, 2003
1706880754, 2, 294, 420, 0, 0, 814.06%, 222, 0, 0, 503.33, 66324, 58929, 782.42%, 2084, 2003
1706880755, 2, 294, 420, 0, 0, 814.06%, 222, 0, 0, 733.33, 66422, 59051, 782.42%, 2084, 2003
1706880755, 2, 299, 420, 0, 0, 814.06%, 222, 0, 0, 724.25, 66513, 59178, 782.42%, 2084, 2003
1706880755, 2, 304, 420, 0, 0, 814.06%, 222, 0, 0, 576.67, 66597, 59267, 782.42%, 2084, 2003
1706880756, 2, 305, 420, 0, 0, 814.06%, 222, 0, 0, 613.33, 66671, 59377, 782.42%, 2084, 2003
1706880756, 2, 305, 420, 0, 0, 814.06%, 222, 0, 0, 613.33, 66746, 59486, 782.42%, 2084, 2003
1706880756, 2, 305, 420, 0, 0, 814.06%, 222, 0, 0, 673.33, 66834, 59600, 782.42%, 2084, 2003
1706880757, 2, 306, 420, 0, 0, 814.06%, 222, 0, 0, 472.62, 66899, 59699, 782.42%, 2084, 2003
1706880757, 2, 306, 420, 0, 0, 814.06%, 222, 0, 0, 53.33, 66904, 59710, 782.42%, 2084, 2003
1706880757, 2, 311, 420, 0, 0, 814.06%, 222, 0, 0, 415.87, 66954, 59791, 782.42%, 2084, 2003
1706880757, 2, 315, 420, 0, 0, 814.06%, 222, 0, 0, 386.67, 67004, 59857, 782.42%, 2084, 2003
1706880758, 2, 319, 420, 0, 0, 814.06%, 222, 0, 0, 493.33, 67080, 59929, 782.42%, 2084, 2003
1706880758, 2, 326, 420, 0, 0, 814.06%, 222, 0, 0, 687.71, 67175, 60041, 782.42%, 2084, 2003
1706880758, 2, 327, 420, 0, 0, 814.06%, 222, 0, 0, 578.07, 67252, 60138, 782.42%, 2084, 2003
1706880759, 2, 327, 420, 0, 0, 814.06%, 222, 0, 0, 496.67, 67315, 60224, 782.42%, 2084, 2003
1706880759, 2, 327, 420, 0, 0, 814.06%, 222, 0, 0, 611.30, 67395, 60328, 782.42%, 2084, 2003
1706880759, 2, 327, 420, 0, 0, 814.06%, 222, 0, 0, 635.76, 67465, 60450, 782.42%, 2084, 2003
1706880760, 2, 331, 420, 0, 0, 814.06%, 222, 0, 0, 584.72, 67536, 60555, 782.42%, 2084, 2003
1706880760, 2, 333, 420, 0, 0, 814.06%, 222, 0, 0, 545.75, 67599, 60659, 782.42%, 2084, 2003
1706880760, 2, 333, 420, 0, 0, 814.06%, 222, 0, 0, 767.44, 67694, 60795, 782.42%, 2084, 2003
1706880761, 2, 333, 420, 0, 0, 814.06%, 222, 0, 0, 681.42, 67776, 60944, 782.42%, 2084, 2003
1706880761, 2, 336, 421, 0, 0, 814.06%, 222, 0, 0, 734.22, 67845, 61096, 782.42%, 2084, 2003
1706880761, 2, 342, 421, 0, 0, 814.06%, 224, 0, 0, 573.33, 67908, 61205, 782.42%, 2084, 2003
1706880761, 2, 348, 421, 0, 0, 814.06%, 224, 0, 0, 653.33, 67962, 61347, 782.42%, 2084, 2003
1706880762, 2, 348, 421, 0, 0, 814.06%, 224, 0, 0, 876.67, 67975, 61597, 782.42%, 2084, 2003
1706880762, 2, 353, 421, 0, 0, 814.06%, 224, 0, 0, 594.68, 68042, 61709, 782.42%, 2084, 2003
1706880762, 2, 358, 421, 0, 0, 814.06%, 224, 0, 0, 556.67, 68114, 61804, 782.42%, 2084, 2003
1706880763, 2, 363, 421, 0, 0, 814.06%, 224, 0, 0, 558.14, 68171, 61915, 782.42%, 2084, 2003
1706880763, 2, 367, 421, 0, 0, 814.06%, 224, 0, 0, 470.00, 68229, 61998, 782.42%, 2084, 2003
1706880763, 2, 371, 421, 0, 0, 814.06%, 224, 0, 0, 450.00, 68287, 62075, 782.42%, 2084, 2003
1706880764, 2, 375, 421, 0, 0, 814.06%, 224, 0, 0, 426.67, 68337, 62153, 782.42%, 2084, 2003
1706880764, 2, 382, 421, 0, 0, 814.06%, 224, 0, 0, 933.33, 68475, 62295, 782.42%, 2084, 2003
1706880764, 2, 382, 422, 0, 0, 814.06%, 224, 0, 0, 1127.45, 68675, 62440, 782.42%, 2084, 2003
1706880764, 2, 388, 422, 0, 0, 814.06%, 225, 0, 0, 1687.71, 68999, 62624, 782.42%, 2084, 2003
1706880765, 2, 388, 422, 0, 0, 814.06%, 225, 0, 0, 1307.95, 69185, 62833, 782.42%, 2084, 2003
1706880765, 2, 392, 422, 0, 0, 814.06%, 225, 0, 0, 880.00, 69300, 62982, 782.42%, 2084, 2003
1706880765, 2, 396, 422, 0, 0, 814.06%, 225, 0, 0, 421.93, 69357, 63052, 782.42%, 2084, 2003
1706880766, 2, 401, 424, 0, 0, 814.06%, 226, 0, 0, 475.08, 69401, 63151, 782.42%, 2084, 2003
1706880766, 2, 405, 426, 0, 0, 814.06%, 226, 0, 0, 450.00, 69457, 63230, 782.42%, 2084, 2003
1706880766, 2, 411, 426, 0, 0, 814.06%, 226, 0, 0, 1936.67, 69817, 63451, 782.42%, 2084, 2003
1706880767, 2, 417, 426, 0, 0, 814.06%, 227, 0, 0, 1380.00, 69996, 63686, 782.42%, 2084, 2003
1706880767, 2, 423, 427, 0, 0, 814.06%, 228, 0, 0, 1006.64, 70182, 63803, 782.81%, 2084, 2004
1706880767, 2, 426, 429, 0, 0, 814.06%, 229, 0, 0, 553.33, 70285, 63866, 782.81%, 2084, 2004
1706880767, 3, 0, 429, 0, 0, 814.06%, 229, 0, 0, 1026.67, 70516, 63943, 782.81%, 2084, 2004
1706880768, 3, 2, 429, 0, 0, 814.06%, 229, 0, 0, 1916.67, 70981, 64053, 782.81%, 2084, 2004
1706880768, 3, 3, 429, 0, 0, 814.06%, 229, 0, 0, 1436.67, 71326, 64139, 782.81%, 2084, 2004
1706880768, 3, 3, 429, 0, 0, 814.06%, 229, 0, 0, 836.67, 71508, 64208, 782.81%, 2084, 2004
1706880769, 3, 5, 429, 0, 0, 814.06%, 229, 0, 0, 983.33, 71719, 64292, 782.81%, 2084, 2004
1706880769, 3, 5, 429, 0, 0, 814.06%, 229, 0, 0, 1056.67, 71881, 64447, 782.81%, 2084, 2004
1706880769, 3, 5, 429, 0, 0, 814.06%, 229, 0, 0, 926.67, 72052, 64554, 782.81%, 2084, 2004
1706880770, 3, 16, 429, 0, 0, 814.06%, 229, 0, 0, 2440.00, 72581, 64757, 782.81%, 2084, 2004
1706880770, 3, 22, 429, 0, 0, 814.06%, 229, 0, 0, 2443.33, 73064, 65007, 782.81%, 2084, 2004
1706880770, 3, 30, 429, 0, 0, 814.06%, 229, 0, 0, 2513.33, 73511, 65314, 782.81%, 2084, 2004
1706880770, 3, 32, 429, 0, 0, 814.06%, 229, 0, 0, 2363.33, 74072, 65462, 782.81%, 2084, 2004
1706880771, 3, 38, 429, 0, 0, 814.06%, 229, 0, 0, 1526.67, 74372, 65620, 782.81%, 2084, 2004
1706880771, 3, 44, 429, 0, 0, 814.06%, 229, 0, 0, 1896.67, 74740, 65821, 782.81%, 2084, 2004
1706880771, 3, 48, 429, 0, 0, 814.06%, 229, 0, 0, 1613.33, 75069, 65976, 782.81%, 2084, 2004
1706880772, 3, 48, 429, 0, 0, 814.06%, 229, 0, 0, 358.49, 75074, 66085, 782.81%, 2084, 2004
1706880772, 3, 49, 429, 0, 0, 814.06%, 229, 0, 0, 846.67, 75121, 66292, 782.81%, 2084, 2004
1706880772, 3, 49, 429, 0, 0, 814.06%, 229, 0, 0, 930.00, 75301, 66391, 782.81%, 2084, 2004
1706880773, 3, 49, 429, 0, 0, 814.06%, 229, 0, 0, 1003.33, 75498, 66495, 782.81%, 2084, 2004
1706880773, 3, 52, 429, 0, 0, 814.06%, 229, 0, 0, 734.51, 75615, 66627, 782.81%, 2084, 2004
1706880773, 3, 52, 429, 0, 0, 814.06%, 230, 0, 0, 800.00, 75700, 66782, 782.81%, 2084, 2004
1706880773, 3, 52, 429, 0, 0, 814.06%, 230, 0, 0, 636.67, 75784, 66889, 782.81%, 2084, 2004
1706880774, 3, 56, 429, 0, 0, 814.06%, 230, 0, 0, 1733.33, 76136, 67057, 782.81%, 2084, 2004
1706880774, 3, 59, 429, 0, 0, 814.06%, 230, 0, 0, 1706.67, 76538, 67167, 782.81%, 2084, 2004
1706880774, 3, 63, 429, 0, 0, 814.06%, 230, 0, 0, 1704.40, 76831, 67416, 782.81%, 2084, 2004
1706880775, 3, 66, 429, 0, 0, 814.06%, 230, 0, 0, 1370.00, 76952, 67706, 782.81%, 2084, 2004
1706880775, 3, 69, 429, 0, 0, 814.06%, 230, 0, 0, 1610.00, 77216, 67925, 782.81%, 2084, 2004
1706880775, 3, 71, 429, 0, 0, 814.06%, 230, 0, 0, 1120.00, 77348, 68129, 782.81%, 2084, 2004
1706880776, 3, 74, 429, 0, 0, 814.06%, 230, 0, 0, 1340.00, 77578, 68301, 782.81%, 2084, 2004
1706880776, 3, 74, 429, 0, 0, 814.06%, 230, 0, 0, 1336.67, 77793, 68487, 782.81%, 2084, 2004
1706880776, 3, 81, 429, 0, 0, 814.06%, 230, 0, 0, 2246.67, 78219, 68735, 782.81%, 2084, 2004
1706880777, 3, 89, 429, 0, 0, 814.06%, 230, 0, 0, 1373.49, 78535, 68875, 782.81%, 2084, 2004
1706880777, 3, 96, 429, 0, 0, 814.06%, 230, 0, 0, 1956.67, 78963, 69034, 782.81%, 2084, 2004
1706880777, 3, 100, 429, 0, 0, 814.06%, 231, 0, 0, 1625.83, 79291, 69197, 782.81%, 2084, 2004
1706880777, 3, 100, 429, 0, 0, 814.06%, 231, 0, 0, 1046.67, 79453, 69349, 782.81%, 2084, 2004
1706880778, 3, 104, 429, 0, 0, 814.06%, 231, 0, 0, 1656.67, 79752, 69547, 782.81%, 2084, 2004
1706880778, 3, 108, 429, 0, 0, 814.06%, 231, 0, 0, 1615.13, 80079, 69711, 782.81%, 2084, 2004
1706880778, 3, 117, 429, 0, 0, 814.06%, 231, 0, 0, 1519.87, 80414, 69835, 782.81%, 2084, 2004
1706880779, 3, 130, 429, 0, 0, 814.06%, 232, 0, 0, 1156.67, 80644, 69952, 782.81%, 2084, 2004
1706880779, 3, 134, 429, 0, 0, 814.06%, 232, 0, 0, 1353.33, 80761, 70241, 782.81%, 2084, 2004
1706880779, 3, 139, 429, 0, 0, 814.06%, 233, 0, 0, 933.33, 80915, 70367, 782.81%, 2084, 2004
1706880780, 3, 139, 429, 0, 0, 814.06%, 233, 0, 0, 920.27, 81063, 70496, 782.81%, 2084, 2004
1706880780, 3, 140, 429, 0, 0, 814.06%, 233, 0, 0, 906.67, 81211, 70620, 782.81%, 2084, 2004
1706880780, 3, 144, 430, 0, 0, 814.06%, 233, 0, 0, 1570.00, 81348, 70954, 782.81%, 2084, 2004
1706880780, 3, 147, 430, 0, 0, 814.06%, 233, 0, 0, 1200.00, 81490, 71172, 782.81%, 2084, 2004
1706880781, 3, 148, 430, 0, 0, 814.06%, 233, 0, 0, 1130.00, 81679, 71322, 782.81%, 2084, 2004
1706880781, 3, 148, 430, 0, 0, 814.06%, 233, 0, 0, 1003.23, 81866, 71446, 782.81%, 2084, 2004
1706880781, 3, 152, 430, 0, 0, 814.06%, 233, 0, 0, 900.00, 82037, 71545, 782.81%, 2084, 2004
1706880782, 3, 155, 430, 0, 0, 814.06%, 233, 0, 0, 1176.67, 82199, 71736, 782.81%, 2084, 2004
1706880782, 3, 164, 430, 0, 0, 814.06%, 233, 0, 0, 1023.33, 82317, 71925, 782.81%, 2084, 2004
1706880782, 3, 164, 430, 0, 0, 814.06%, 234, 0, 0, 780.00, 82335, 72141, 782.81%, 2084, 2004
1706880783, 3, 173, 430, 0, 0, 814.06%, 235, 0, 0, 858.09, 82443, 72293, 782.81%, 2084, 2004
1706880783, 3, 175, 430, 0, 0, 814.06%, 235, 0, 0, 1546.67, 82612, 72588, 782.81%, 2084, 2004
1706880783, 3, 181, 430, 0, 0, 814.06%, 236, 0, 0, 1433.33, 82899, 72731, 782.81%, 2084, 2004
1706880783, 3, 182, 430, 0, 0, 814.06%, 236, 0, 0, 1020.00, 82927, 73009, 782.81%, 2084, 2004
1706880784, 3, 188, 430, 0, 0, 814.06%, 236, 0, 0, 1620.00, 83188, 73234, 782.81%, 2084, 2004
1706880784, 3, 196, 430, 0, 0, 814.06%, 236, 0, 0, 2223.33, 83641, 73448, 782.81%, 2084, 2004
1706880784, 3, 203, 430, 0, 0, 814.06%, 236, 0, 0, 1463.33, 83981, 73547, 782.81%, 2084, 2004
1706880785, 3, 213, 430, 0, 0, 814.06%, 236, 0, 0, 1316.67, 84179, 73744, 782.81%, 2084, 2004
1706880785, 3, 213, 430, 0, 0, 814.06%, 236, 0, 0, 695.82, 84180, 73926, 782.81%, 2084, 2004
