# unix_time, cycles_done, cur_path, paths_total, pending_total, pending_favs, map_size, unique_crashes, unique_hangs, max_depth, execs_per_sec, valid_inputs, invalid_inputs, valid_cov, all_covered_probes, valid_covered_probes
1706881086, 0, 0, 1, 0, 0, 326.56%, 0, 0, 0, 0.26, 1, 0, 326.56%, 836, 836
1706881087, 0, 0, 16, 0, 0, 631.64%, 0, 0, 0, 59.02, 19, 0, 631.64%, 1617, 1617
1706881087, 0, 0, 22, 0, 0, 720.31%, 5, 0, 0, 100.00, 48, 6, 720.31%, 1844, 1844
1706881087, 0, 0, 30, 0, 0, 720.70%, 11, 0, 0, 192.19, 99, 19, 720.70%, 1845, 1845
1706881088, 0, 0, 39, 0, 0, 722.66%, 15, 0, 0, 260.61, 176, 28, 722.66%, 1850, 1850
1706881088, 0, 0, 41, 0, 0, 722.66%, 16, 0, 0, 295.13, 269, 38, 722.66%, 1850, 1850
1706881088, 0, 0, 45, 0, 0, 722.66%, 18, 0, 0, 99.45, 300, 43, 722.66%, 1850, 1850
1706881089, 0, 1, 48, 0, 0, 722.66%, 18, 0, 0, 493.33, 435, 56, 722.66%, 1850, 1850
1706881089, 0, 1, 50, 0, 0, 722.66%, 22, 0, 0, 436.07, 541, 83, 722.66%, 1850, 1850
1706881089, 0, 1, 56, 0, 0, 722.66%, 23, 0, 0, 205.48, 597, 102, 722.66%, 1850, 1850
1706881090, 0, 2, 58, 0, 0, 722.66%, 26, 0, 0, 389.44, 702, 115, 722.66%, 1850, 1850
1706881090, 0, 2, 66, 0, 0, 722.66%, 28, 0, 0, 564.10, 859, 134, 722.66%, 1850, 1850
1706881090, 0, 2, 68, 0, 0, 722.66%, 28, 0, 0, 523.18, 990, 161, 722.66%, 1850, 1850
1706881091, 0, 3, 69, 0, 0, 722.66%, 28, 0, 0, 53.03, 1007, 165, 722.66%, 1850, 1850
1706881091, 0, 3, 70, 0, 0, 723.05%, 28, 0, 0, 208.91, 1068, 179, 723.05%, 1851, 1851
1706881092, 0, 3, 75, 0, 0, 723.05%, 31, 0, 0, 188.85, 1173, 196, 723.05%, 1851, 1851
1706881092, 0, 4, 77, 0, 0, 723.05%, 31, 0, 0, 357.80, 1277, 209, 723.05%, 1851, 1851
1706881092, 0, 4, 80, 0, 0, 723.05%, 32, 0, 0, 188.50, 1330, 215, 723.05%, 1851, 1851
1706881093, 0, 4, 82, 0, 0, 723.05%, 32, 0, 0, 380.06, 1446, 221, 723.05%, 1851, 1851
1706881093, 0, 4, 83, 0, 0, 723.05%, 32, 0, 0, 270.19, 1524, 230, 723.05%, 1851, 1851
1706881093, 0, 5, 83, 0, 0, 723.05%, 33, 0, 0, 153.33, 1566, 234, 723.05%, 1851, 1851
1706881094, 0, 5, 84, 0, 0, 723.05%, 34, 0, 0, 332.23, 1656, 244, 723.05%, 1851, 1851
1706881094, 0, 5, 86, 0, 0, 723.05%, 34, 0, 0, 153.04, 1722, 251, 723.05%, 1851, 1851
1706881094, 0, 6, 88, 0, 0, 723.05%, 34, 0, 0, 366.67, 1827, 256, 723.05%, 1851, 1851
1706881095, 0, 6, 89, 0, 0, 723.05%, 34, 0, 0, 940.00, 2106, 259, 723.05%, 1851, 1851
1706881095, 0, 7, 90, 0, 0, 723.05%, 34, 0, 0, 670.52, 2325, 272, 723.05%, 1851, 1851
1706881095, 0, 7, 91, 0, 0, 723.05%, 34, 0, 0, 237.24, 2399, 277, 723.05%, 1851, 1851
1706881096, 0, 8, 92, 0, 0, 723.05%, 35, 0, 0, 610.76, 2574, 295, 723.05%, 1851, 1851
1706881096, 0, 8, 93, 0, 0, 723.05%, 35, 0, 0, 365.63, 2680, 306, 723.05%, 1851, 1851
1706881096, 0, 9, 93, 0, 0, 723.05%, 36, 0, 0, 392.96, 2805, 315, 723.05%, 1851, 1851
1706881097, 0, 10, 95, 0, 0, 723.05%, 36, 0, 0, 548.39, 2958, 332, 723.05%, 1851, 1851
1706881097, 0, 10, 95, 0, 0, 723.05%, 36, 0, 0, 850.00, 3170, 375, 723.05%, 1851, 1851
1706881097, 0, 12, 95, 0, 0, 723.05%, 36, 0, 0, 531.65, 3316, 397, 723.05%, 1851, 1851
1706881098, 0, 12, 95, 0, 0, 723.05%, 36, 0, 0, 340.66, 3491, 408, 723.05%, 1851, 1851
1706881098, 0, 14, 100, 0, 0, 723.05%, 38, 0, 0, 390.73, 3566, 451, 723.05%, 1851, 1851
1706881098, 0, 14, 107, 0, 0, 723.05%, 38, 0, 0, 325.58, 3623, 506, 723.05%, 1851, 1851
1706881099, 0, 14, 111, 0, 0, 723.05%, 39, 0, 0, 330.13, 3684, 548, 723.05%, 1851, 1851
1706881099, 0, 14, 114, 0, 0, 723.05%, 40, 0, 0, 266.67, 3725, 587, 723.05%, 1851, 1851
1706881099, 0, 14, 115, 0, 0, 723.05%, 40, 0, 0, 338.61, 3781, 638, 723.05%, 1851, 1851
1706881100, 0, 14, 118, 0, 0, 723.05%, 42, 0, 0, 556.67, 3862, 724, 723.05%, 1851, 1851
1706881100, 0, 15, 118, 0, 0, 723.05%, 43, 0, 0, 701.49, 4054, 767, 723.05%, 1851, 1851
1706881100, 0, 17, 122, 0, 0, 723.05%, 44, 0, 0, 498.35, 4179, 793, 723.05%, 1851, 1851
1706881101, 0, 17, 125, 0, 0, 723.05%, 46, 0, 0, 315.48, 4253, 825, 723.05%, 1851, 1851
1706881101, 0, 17, 129, 0, 0, 723.05%, 46, 0, 0, 215.95, 4297, 846, 723.05%, 1851, 1851
1706881101, 0, 17, 129, 0, 0, 723.05%, 48, 0, 0, 240.00, 4347, 868, 723.05%, 1851, 1851
1706881102, 0, 17, 129, 0, 0, 723.05%, 48, 0, 0, 234.92, 4401, 888, 723.05%, 1851, 1851
1706881102, 0, 17, 129, 0, 0, 723.05%, 48, 0, 0, 12.59, 4405, 889, 723.05%, 1851, 1851
1706881102, 0, 17, 129, 0, 0, 723.05%, 49, 0, 0, 316.13, 4460, 932, 723.05%, 1851, 1851
1706881103, 0, 17, 129, 0, 0, 723.05%, 49, 0, 0, 322.26, 4516, 973, 723.05%, 1851, 1851
1706881103, 0, 17, 129, 0, 0, 723.05%, 50, 0, 0, 266.67, 4573, 1004, 723.05%, 1851, 1851
1706881103, 0, 20, 131, 0, 0, 723.05%, 50, 0, 0, 624.18, 4710, 1058, 723.05%, 1851, 1851
1706881104, 0, 21, 131, 0, 0, 723.05%, 50, 0, 0, 766.77, 4911, 1097, 723.05%, 1851, 1851
1706881104, 0, 21, 132, 0, 0, 723.05%, 50, 0, 0, 296.41, 4987, 1120, 723.05%, 1851, 1851
1706881104, 0, 21, 134, 0, 0, 723.05%, 50, 0, 0, 297.73, 5061, 1138, 723.05%, 1851, 1851
1706881105, 0, 21, 134, 0, 0, 723.05%, 50, 0, 0, 288.52, 5134, 1168, 723.05%, 1851, 1851
1706881105, 0, 21, 134, 0, 0, 723.05%, 51, 0, 0, 313.33, 5205, 1191, 723.05%, 1851, 1851
1706881105, 0, 21, 134, 0, 0, 723.05%, 51, 0, 0, 88.65, 5245, 1201, 723.05%, 1851, 1851
1706881106, 0, 21, 134, 0, 0, 723.05%, 51, 0, 0, 566.67, 5373, 1243, 723.05%, 1851, 1851
1706881106, 0, 21, 134, 0, 0, 723.05%, 51, 0, 0, 320.00, 5466, 1262, 723.05%, 1851, 1851
1706881106, 0, 23, 134, 0, 0, 723.05%, 51, 0, 0, 300.00, 5532, 1286, 723.05%, 1851, 1851
1706881107, 0, 28, 134, 0, 0, 723.05%, 51, 0, 0, 221.66, 5604, 1302, 723.05%, 1851, 1851
1706881107, 0, 28, 137, 0, 0, 723.05%, 51, 0, 0, 339.74, 5663, 1349, 723.05%, 1851, 1851
1706881107, 0, 28, 138, 0, 0, 723.05%, 51, 0, 0, 303.51, 5717, 1390, 723.05%, 1851, 1851
1706881108, 0, 28, 138, 0, 0, 723.05%, 51, 0, 0, 350.00, 5779, 1433, 723.05%, 1851, 1851
1706881108, 0, 28, 140, 0, 0, 723.05%, 51, 0, 0, 486.24, 5882, 1489, 723.05%, 1851, 1851
1706881108, 0, 28, 140, 0, 0, 723.05%, 52, 0, 0, 358.31, 5942, 1539, 723.05%, 1851, 1851
1706881109, 0, 32, 143, 0, 0, 723.05%, 52, 0, 0, 720.00, 6089, 1608, 723.05%, 1851, 1851
1706881109, 0, 32, 143, 0, 0, 723.05%, 52, 0, 0, 708.07, 6269, 1656, 723.05%, 1851, 1851
1706881109, 0, 37, 144, 0, 0, 723.05%, 52, 0, 0, 700.00, 6441, 1694, 723.05%, 1851, 1851
1706881110, 0, 42, 144, 0, 0, 723.05%, 52, 0, 0, 1066.67, 6725, 1730, 723.05%, 1851, 1851
1706881110, 0, 51, 145, 0, 0, 723.05%, 52, 0, 0, 653.33, 6883, 1768, 723.05%, 1851, 1851
1706881110, 0, 54, 145, 0, 0, 723.05%, 52, 0, 0, 382.84, 6960, 1807, 723.05%, 1851, 1851
1706881110, 0, 58, 145, 0, 0, 723.05%, 52, 0, 0, 350.00, 7032, 1840, 723.05%, 1851, 1851
1706881111, 0, 61, 150, 0, 0, 723.44%, 52, 0, 0, 445.90, 7118, 1890, 723.44%, 1852, 1852
1706881111, 0, 66, 151, 0, 0, 723.44%, 53, 0, 0, 536.67, 7227, 1942, 723.44%, 1852, 1852
1706881111, 0, 69, 151, 0, 0, 723.44%, 53, 0, 0, 388.70, 7300, 1986, 723.44%, 1852, 1852
1706881112, 0, 69, 151, 0, 0, 723.44%, 54, 0, 0, 365.45, 7367, 2029, 723.44%, 1852, 1852
1706881112, 0, 69, 152, 0, 0, 723.44%, 54, 0, 0, 498.39, 7464, 2087, 723.44%, 1852, 1852
1706881112, 0, 69, 153, 0, 0, 723.44%, 54, 0, 0, 581.40, 7559, 2167, 723.44%, 1852, 1852
1706881113, 0, 69, 153, 0, 0, 723.44%, 54, 0, 0, 525.97, 7643, 2245, 723.44%, 1852, 1852
1706881113, 0, 71, 153, 0, 0, 723.44%, 54, 0, 0, 453.33, 7729, 2295, 723.44%, 1852, 1852
1706881113, 0, 74, 153, 0, 0, 723.44%, 54, 0, 0, 426.67, 7821, 2331, 723.44%, 1852, 1852
1706881113, 0, 77, 156, 0, 0, 723.44%, 54, 0, 0, 299.04, 7887, 2358, 723.44%, 1852, 1852
1706881114, 0, 80, 158, 0, 0, 725.00%, 54, 0, 0, 353.33, 7955, 2396, 725.00%, 1856, 1856
1706881114, 0, 85, 159, 0, 0, 725.00%, 54, 0, 0, 560.00, 8047, 2472, 725.00%, 1856, 1856
1706881114, 0, 92, 159, 0, 0, 725.00%, 56, 0, 0, 753.33, 8164, 2581, 725.00%, 1856, 1856
1706881115, 0, 95, 159, 0, 0, 725.00%, 57, 0, 0, 424.34, 8227, 2647, 725.00%, 1856, 1856
1706881115, 0, 100, 162, 0, 0, 725.00%, 59, 0, 0, 670.00, 8343, 2732, 725.00%, 1856, 1856
1706881115, 0, 107, 166, 0, 0, 725.00%, 59, 0, 0, 853.33, 8489, 2842, 725.00%, 1856, 1856
1706881116, 0, 114, 167, 0, 0, 725.00%, 59, 0, 0, 796.67, 8646, 2924, 725.00%, 1856, 1856
1706881116, 0, 119, 168, 0, 0, 725.00%, 60, 0, 0, 640.00, 8768, 2994, 725.00%, 1856, 1856
1706881116, 0, 122, 169, 0, 0, 725.00%, 60, 0, 0, 388.70, 8842, 3037, 725.00%, 1856, 1856
1706881117, 0, 124, 170, 0, 0, 726.17%, 60, 0, 0, 228.37, 8903, 3071, 726.17%, 1859, 1859
1706881117, 0, 128, 171, 0, 0, 726.17%, 60, 0, 0, 550.00, 9014, 3125, 726.17%, 1859, 1859
1706881117, 0, 134, 175, 0, 0, 726.17%, 60, 0, 0, 756.67, 9169, 3197, 726.17%, 1859, 1859
1706881118, 0, 140, 177, 0, 0, 726.17%, 61, 0, 0, 807.69, 9325, 3293, 726.17%, 1859, 1859
1706881118, 0, 147, 178, 0, 0, 726.17%, 64, 0, 0, 773.33, 9467, 3383, 726.17%, 1859, 1859
1706881118, 0, 149, 183, 0, 0, 727.34%, 64, 0, 0, 430.00, 9536, 3443, 727.34%, 1862, 1862
1706881118, 0, 149, 186, 0, 0, 729.30%, 65, 0, 0, 456.67, 9602, 3514, 729.30%, 1867, 1867
1706881119, 0, 149, 187, 0, 0, 729.30%, 65, 0, 0, 400.00, 9671, 3565, 729.30%, 1867, 1867
1706881119, 0, 149, 187, 0, 0, 729.30%, 65, 0, 0, 630.00, 9766, 3659, 729.30%, 1867, 1867
1706881119, 0, 149, 187, 0, 0, 729.30%, 67, 0, 0, 633.33, 9867, 3748, 729.30%, 1867, 1867
1706881120, 0, 153, 188, 0, 0, 729.30%, 70, 0, 0, 736.67, 9986, 3850, 729.30%, 1867, 1867
1706881120, 0, 157, 189, 0, 0, 729.30%, 70, 0, 0, 588.04, 10091, 3922, 729.30%, 1867, 1867
1706881120, 0, 157, 189, 0, 0, 729.30%, 70, 0, 0, 663.33, 10180, 4032, 729.30%, 1867, 1867
1706881121, 0, 157, 189, 0, 0, 729.30%, 70, 0, 0, 616.67, 10282, 4115, 729.30%, 1867, 1867
1706881121, 0, 157, 191, 0, 0, 729.30%, 73, 0, 0, 596.67, 10373, 4203, 729.30%, 1867, 1867
1706881121, 0, 157, 192, 0, 0, 729.30%, 74, 0, 0, 486.67, 10446, 4276, 729.30%, 1867, 1867
1706881121, 0, 161, 192, 0, 0, 729.30%, 74, 0, 0, 760.80, 10550, 4401, 729.30%, 1867, 1867
1706881122, 0, 169, 192, 0, 0, 729.30%, 74, 0, 0, 913.33, 10713, 4512, 729.30%, 1867, 1867
1706881122, 0, 169, 192, 0, 0, 729.30%, 74, 0, 0, 647.84, 10844, 4576, 729.30%, 1867, 1867
1706881122, 0, 169, 193, 0, 0, 729.30%, 74, 0, 0, 546.67, 10955, 4629, 729.30%, 1867, 1867
1706881123, 0, 169, 193, 0, 0, 729.30%, 75, 0, 0, 600.66, 11083, 4683, 729.30%, 1867, 1867
1706881123, 0, 169, 193, 0, 0, 729.30%, 75, 0, 0, 620.00, 11215, 4737, 729.30%, 1867, 1867
1706881123, 0, 172, 193, 0, 0, 729.30%, 75, 0, 0, 633.33, 11339, 4803, 729.30%, 1867, 1867
1706881124, 0, 177, 195, 0, 0, 729.30%, 75, 0, 0, 626.62, 11445, 4890, 729.30%, 1867, 1867
1706881124, 0, 178, 196, 0, 0, 729.30%, 75, 0, 0, 606.67, 11551, 4966, 729.30%, 1867, 1867
1706881124, 0, 178, 196, 0, 0, 729.30%, 75, 0, 0, 610.00, 11667, 5033, 729.30%, 1867, 1867
1706881124, 0, 178, 196, 0, 0, 729.30%, 75, 0, 0, 620.00, 11777, 5109, 729.30%, 1867, 1867
1706881125, 0, 178, 196, 0, 0, 729.30%, 75, 0, 0, 610.00, 11901, 5168, 729.30%, 1867, 1867
1706881125, 0, 180, 196, 0, 0, 729.30%, 75, 0, 0, 636.67, 12016, 5244, 729.30%, 1867, 1867
1706881125, 0, 183, 197, 0, 0, 729.30%, 76, 0, 0, 571.43, 12117, 5315, 729.30%, 1867, 1867
1706881126, 0, 183, 200, 0, 0, 729.30%, 77, 0, 0, 520.00, 12205, 5383, 729.30%, 1867, 1867
1706881126, 0, 183, 201, 0, 0, 729.30%, 77, 0, 0, 496.67, 12298, 5439, 729.30%, 1867, 1867
1706881126, 0, 183, 203, 0, 0, 729.30%, 77, 0, 0, 501.66, 12398, 5490, 729.30%, 1867, 1867
1706881127, 0, 183, 204, 0, 0, 729.30%, 77, 0, 0, 503.33, 12493, 5546, 729.30%, 1867, 1867
1706881127, 0, 183, 204, 0, 0, 729.30%, 79, 0, 0, 347.54, 12563, 5582, 729.30%, 1867, 1867
1706881127, 0, 184, 204, 0, 0, 729.30%, 79, 0, 0, 616.67, 12666, 5664, 729.30%, 1867, 1867
1706881127, 0, 184, 205, 0, 0, 729.30%, 80, 0, 0, 607.97, 12781, 5732, 729.30%, 1867, 1867
1706881128, 0, 184, 205, 0, 0, 729.30%, 80, 0, 0, 624.58, 12888, 5813, 729.30%, 1867, 1867
1706881128, 0, 184, 206, 0, 0, 729.30%, 80, 0, 0, 550.00, 12990, 5876, 729.30%, 1867, 1867
1706881128, 0, 185, 206, 0, 0, 729.30%, 80, 0, 0, 445.36, 13089, 5940, 729.30%, 1867, 1867
1706881129, 0, 185, 206, 0, 0, 729.30%, 80, 0, 0, 626.67, 13194, 6023, 729.30%, 1867, 1867
1706881129, 0, 185, 206, 0, 0, 729.30%, 80, 0, 0, 614.62, 13307, 6095, 729.30%, 1867, 1867
1706881129, 0, 185, 206, 0, 0, 729.30%, 81, 0, 0, 644.52, 13421, 6175, 729.30%, 1867, 1867
1706881130, 0, 186, 206, 0, 0, 729.30%, 81, 0, 0, 640.00, 13545, 6243, 729.30%, 1867, 1867
1706881130, 0, 191, 206, 0, 0, 729.30%, 83, 0, 0, 660.00, 13663, 6323, 729.30%, 1867, 1867
1706881130, 0, 195, 208, 0, 0, 729.30%, 84, 0, 0, 517.13, 13753, 6399, 729.30%, 1867, 1867
1706881131, 0, 198, 211, 0, 0, 729.30%, 84, 0, 0, 501.65, 13836, 6468, 729.30%, 1867, 1867
1706881131, 0, 202, 213, 0, 0, 729.30%, 85, 0, 0, 491.69, 13923, 6529, 729.30%, 1867, 1867
1706881131, 0, 206, 216, 0, 0, 729.30%, 85, 0, 0, 490.07, 14003, 6597, 729.30%, 1867, 1867
1706881131, 0, 209, 218, 0, 0, 729.30%, 85, 0, 0, 418.60, 14082, 6644, 729.30%, 1867, 1867
1706881132, 0, 212, 220, 0, 0, 729.30%, 85, 0, 0, 468.44, 14169, 6698, 729.30%, 1867, 1867
1706881132, 0, 216, 223, 0, 0, 729.30%, 85, 0, 0, 506.67, 14262, 6757, 729.30%, 1867, 1867
1706881132, 0, 220, 225, 0, 0, 729.30%, 86, 0, 0, 501.66, 14347, 6823, 729.30%, 1867, 1867
1706881133, 0, 223, 229, 0, 0, 729.30%, 86, 0, 0, 421.05, 14430, 6868, 729.30%, 1867, 1867
1706881133, 0, 226, 233, 0, 0, 729.30%, 86, 0, 0, 383.33, 14502, 6911, 729.30%, 1867, 1867
1706881133, 0, 229, 235, 0, 0, 729.30%, 86, 0, 0, 408.64, 14576, 6960, 729.30%, 1867, 1867
1706881134, 0, 231, 238, 0, 0, 729.30%, 87, 0, 0, 273.33, 14621, 6997, 729.30%, 1867, 1867
1706881134, 0, 234, 238, 0, 0, 729.30%, 87, 0, 0, 401.99, 14698, 7041, 729.30%, 1867, 1867
1706881134, 0, 237, 239, 0, 0, 729.30%, 87, 0, 0, 411.96, 14761, 7102, 729.30%, 1867, 1867
1706881134, 1, 0, 241, 0, 0, 729.30%, 87, 0, 0, 536.67, 14882, 7142, 729.30%, 1867, 1867
1706881135, 1, 1, 241, 0, 0, 729.30%, 87, 0, 0, 2030.00, 15417, 7216, 729.30%, 1867, 1867
1706881135, 1, 3, 241, 0, 0, 729.30%, 87, 0, 0, 1926.67, 15910, 7301, 729.30%, 1867, 1867
1706881135, 1, 5, 241, 0, 0, 729.30%, 87, 0, 0, 2076.45, 16510, 7380, 729.30%, 1867, 1867
1706881136, 1, 8, 241, 0, 0, 729.30%, 87, 0, 0, 2510.00, 17235, 7408, 729.30%, 1867, 1867
1706881136, 1, 10, 241, 0, 0, 729.30%, 87, 0, 0, 2150.00, 17802, 7486, 729.30%, 1867, 1867
1706881136, 1, 14, 241, 0, 0, 729.30%, 87, 0, 0, 2130.00, 18334, 7593, 729.30%, 1867, 1867
1706881137, 1, 14, 242, 0, 0, 729.30%, 88, 0, 0, 1192.69, 18540, 7746, 729.30%, 1867, 1867
1706881137, 1, 15, 242, 0, 0, 729.30%, 88, 0, 0, 1500.00, 18845, 7891, 729.30%, 1867, 1867
1706881137, 1, 17, 242, 0, 0, 729.30%, 88, 0, 0, 1049.83, 19066, 7986, 729.30%, 1867, 1867
1706881137, 1, 17, 242, 0, 0, 729.30%, 88, 0, 0, 796.67, 19200, 8091, 729.30%, 1867, 1867
1706881138, 1, 17, 242, 0, 0, 729.30%, 89, 0, 0, 696.67, 19324, 8176, 729.30%, 1867, 1867
1706881138, 1, 21, 242, 0, 0, 729.30%, 89, 0, 0, 1426.67, 19666, 8262, 729.30%, 1867, 1867
1706881138, 1, 21, 242, 0, 0, 729.30%, 89, 0, 0, 750.00, 19829, 8324, 729.30%, 1867, 1867
1706881139, 1, 21, 242, 0, 0, 729.30%, 89, 0, 0, 886.67, 20021, 8398, 729.30%, 1867, 1867
1706881139, 1, 21, 242, 0, 0, 729.30%, 89, 0, 0, 764.12, 20196, 8453, 729.30%, 1867, 1867
1706881139, 1, 28, 242, 0, 0, 729.30%, 89, 0, 0, 1106.67, 20416, 8565, 729.30%, 1867, 1867
1706881140, 1, 28, 242, 0, 0, 729.30%, 89, 0, 0, 990.03, 20572, 8707, 729.30%, 1867, 1867
1706881140, 1, 32, 242, 0, 0, 729.30%, 90, 0, 0, 1406.67, 20831, 8870, 729.30%, 1867, 1867
1706881140, 1, 44, 243, 0, 0, 729.30%, 90, 0, 0, 2146.96, 21391, 8982, 729.30%, 1867, 1867
1706881141, 1, 56, 243, 0, 0, 729.30%, 90, 0, 0, 1045.75, 21612, 9081, 729.30%, 1867, 1867
1706881141, 1, 63, 243, 0, 0, 729.30%, 90, 0, 0, 787.38, 21772, 9158, 729.30%, 1867, 1867
1706881141, 1, 69, 244, 0, 0, 729.30%, 90, 0, 0, 806.67, 21939, 9233, 729.30%, 1867, 1867
1706881141, 1, 69, 244, 0, 0, 729.30%, 91, 0, 0, 906.67, 22087, 9357, 729.30%, 1867, 1867
1706881142, 1, 69, 244, 0, 0, 729.30%, 92, 0, 0, 900.00, 22245, 9469, 729.30%, 1867, 1867
1706881142, 1, 74, 244, 0, 0, 729.30%, 92, 0, 0, 963.33, 22439, 9564, 729.30%, 1867, 1867
1706881142, 1, 82, 245, 0, 0, 729.30%, 92, 0, 0, 916.67, 22610, 9668, 729.30%, 1867, 1867
1706881143, 1, 91, 245, 0, 0, 729.30%, 93, 0, 0, 1023.33, 22791, 9794, 729.30%, 1867, 1867
1706881143, 1, 98, 245, 0, 0, 729.30%, 95, 0, 0, 880.00, 22932, 9917, 729.30%, 1867, 1867
1706881143, 1, 105, 245, 0, 0, 729.30%, 96, 0, 0, 936.67, 23084, 10046, 729.30%, 1867, 1867
1706881144, 1, 114, 245, 0, 0, 729.30%, 98, 0, 0, 1070.00, 23274, 10177, 729.30%, 1867, 1867
1706881144, 1, 121, 245, 0, 0, 729.30%, 99, 0, 0, 873.33, 23443, 10270, 729.30%, 1867, 1867
1706881144, 1, 126, 245, 0, 0, 729.30%, 99, 0, 0, 706.67, 23579, 10346, 729.30%, 1867, 1867
1706881144, 1, 131, 245, 0, 0, 729.30%, 99, 0, 0, 652.46, 23704, 10420, 729.30%, 1867, 1867
1706881145, 1, 138, 245, 0, 0, 729.30%, 99, 0, 0, 870.00, 23892, 10493, 729.30%, 1867, 1867
1706881145, 1, 146, 246, 0, 0, 729.30%, 100, 0, 0, 956.67, 24050, 10622, 729.30%, 1867, 1867
1706881145, 1, 149, 246, 0, 0, 729.30%, 100, 0, 0, 660.00, 24168, 10702, 729.30%, 1867, 1867
1706881146, 1, 149, 246, 0, 0, 729.30%, 100, 0, 0, 632.79, 24280, 10783, 729.30%, 1867, 1867
1706881146, 1, 149, 246, 0, 0, 729.30%, 100, 0, 0, 640.00, 24385, 10870, 729.30%, 1867, 1867
1706881146, 1, 149, 246, 0, 0, 729.30%, 102, 0, 0, 636.67, 24488, 10958, 729.30%, 1867, 1867
1706881147, 1, 152, 246, 0, 0, 729.30%, 102, 0, 0, 679.74, 24599, 11055, 729.30%, 1867, 1867
1706881147, 1, 155, 246, 0, 0, 729.30%, 102, 0, 0, 415.28, 24667, 11112, 729.30%, 1867, 1867
1706881147, 1, 157, 246, 0, 0, 729.30%, 102, 0, 0, 696.67, 24763, 11225, 729.30%, 1867, 1867
1706881147, 1, 157, 246, 0, 0, 729.30%, 103, 0, 0, 624.58, 24846, 11330, 729.30%, 1867, 1867
1706881148, 1, 157, 246, 0, 0, 729.30%, 103, 0, 0, 566.67, 24920, 11426, 729.30%, 1867, 1867
1706881148, 1, 157, 246, 0, 0, 729.30%, 103, 0, 0, 573.33, 25015, 11503, 729.30%, 1867, 1867
1706881148, 1, 157, 246, 0, 0, 729.30%, 103, 0, 0, 430.00, 25071, 11576, 729.30%, 1867, 1867
1706881149, 1, 162, 246, 0, 0, 729.30%, 104, 0, 0, 633.33, 25177, 11660, 729.30%, 1867, 1867
1706881149, 1, 168, 247, 0, 0, 729.30%, 104, 0, 0, 790.00, 25304, 11770, 729.30%, 1867, 1867
1706881149, 1, 169, 247, 0, 0, 729.30%, 104, 0, 0, 514.95, 25417, 11812, 729.30%, 1867, 1867
1706881150, 1, 169, 247, 0, 0, 729.30%, 104, 0, 0, 586.67, 25533, 11872, 729.30%, 1867, 1867
1706881150, 1, 169, 247, 0, 0, 729.30%, 104, 0, 0, 546.67, 25654, 11915, 729.30%, 1867, 1867
1706881150, 1, 169, 247, 0, 0, 729.30%, 104, 0, 0, 598.01, 25776, 11973, 729.30%, 1867, 1867
1706881150, 1, 170, 247, 0, 0, 729.30%, 104, 0, 0, 576.67, 25891, 12031, 729.30%, 1867, 1867
1706881151, 1, 175, 247, 0, 0, 729.30%, 104, 0, 0, 643.33, 25999, 12116, 729.30%, 1867, 1867
1706881151, 1, 178, 248, 0, 0, 729.30%, 104, 0, 0, 610.00, 26106, 12192, 729.30%, 1867, 1867
1706881151, 1, 178, 248, 0, 0, 729.30%, 104, 0, 0, 623.33, 26223, 12262, 729.30%, 1867, 1867
1706881152, 1, 178, 248, 0, 0, 729.30%, 104, 0, 0, 621.26, 26337, 12335, 729.30%, 1867, 1867
1706881152, 1, 178, 248, 0, 0, 729.30%, 104, 0, 0, 621.26, 26459, 12400, 729.30%, 1867, 1867
1706881152, 1, 178, 248, 0, 0, 729.30%, 104, 0, 0, 610.00, 26583, 12459, 729.30%, 1867, 1867
1706881153, 1, 183, 248, 0, 0, 729.30%, 104, 0, 0, 616.67, 26689, 12538, 729.30%, 1867, 1867
1706881153, 1, 183, 248, 0, 0, 729.30%, 104, 0, 0, 480.13, 26779, 12593, 729.30%, 1867, 1867
1706881153, 1, 183, 248, 0, 0, 729.30%, 104, 0, 0, 466.89, 26875, 12638, 729.30%, 1867, 1867
1706881153, 1, 183, 248, 0, 0, 729.30%, 104, 0, 0, 476.67, 26957, 12699, 729.30%, 1867, 1867
1706881154, 1, 183, 248, 0, 0, 729.30%, 104, 0, 0, 503.31, 27044, 12764, 729.30%, 1867, 1867
1706881154, 1, 183, 248, 0, 0, 729.30%, 104, 0, 0, 443.71, 27132, 12810, 729.30%, 1867, 1867
1706881154, 1, 184, 248, 0, 0, 729.30%, 104, 0, 0, 550.00, 27227, 12880, 729.30%, 1867, 1867
1706881155, 1, 184, 248, 0, 0, 729.30%, 104, 0, 0, 578.07, 27331, 12950, 729.30%, 1867, 1867
1706881155, 1, 184, 248, 0, 0, 729.30%, 104, 0, 0, 626.67, 27433, 13036, 729.30%, 1867, 1867
1706881155, 1, 184, 248, 0, 0, 729.30%, 104, 0, 0, 623.33, 27532, 13124, 729.30%, 1867, 1867
1706881156, 1, 185, 248, 0, 0, 729.30%, 104, 0, 0, 576.67, 27636, 13193, 729.30%, 1867, 1867
1706881156, 1, 185, 248, 0, 0, 729.30%, 104, 0, 0, 660.00, 27743, 13284, 729.30%, 1867, 1867
1706881156, 1, 185, 248, 0, 0, 729.30%, 104, 0, 0, 640.00, 27855, 13364, 729.30%, 1867, 1867
1706881156, 1, 185, 248, 0, 0, 729.30%, 104, 0, 0, 643.33, 27957, 13455, 729.30%, 1867, 1867
1706881157, 1, 185, 248, 0, 0, 729.30%, 104, 0, 0, 606.67, 28066, 13528, 729.30%, 1867, 1867
1706881157, 1, 189, 248, 0, 0, 729.30%, 104, 0, 0, 676.67, 28184, 13613, 729.30%, 1867, 1867
1706881157, 1, 192, 248, 0, 0, 729.30%, 104, 0, 0, 395.35, 28257, 13659, 729.30%, 1867, 1867
1706881158, 1, 197, 249, 0, 0, 729.30%, 105, 0, 0, 583.33, 28359, 13732, 729.30%, 1867, 1867
1706881158, 1, 200, 249, 0, 0, 729.30%, 105, 0, 0, 431.89, 28444, 13777, 729.30%, 1867, 1867
1706881158, 1, 203, 249, 0, 0, 729.30%, 105, 0, 0, 448.50, 28525, 13831, 729.30%, 1867, 1867
1706881159, 1, 207, 249, 0, 0, 729.30%, 105, 0, 0, 488.37, 28614, 13889, 729.30%, 1867, 1867
1706881159, 1, 210, 249, 0, 0, 729.30%, 106, 0, 0, 463.33, 28706, 13936, 729.30%, 1867, 1867
1706881159, 1, 213, 250, 0, 0, 729.30%, 106, 0, 0, 445.18, 28796, 13980, 729.30%, 1867, 1867
1706881159, 1, 217, 250, 0, 0, 729.30%, 106, 0, 0, 526.67, 28891, 14043, 729.30%, 1867, 1867
1706881160, 1, 220, 250, 0, 0, 729.30%, 106, 0, 0, 413.91, 28974, 14085, 729.30%, 1867, 1867
1706881160, 1, 223, 251, 0, 0, 729.30%, 106, 0, 0, 375.80, 29057, 14120, 729.30%, 1867, 1867
1706881160, 1, 226, 251, 0, 0, 729.30%, 106, 0, 0, 356.71, 29122, 14172, 729.30%, 1867, 1867
1706881161, 1, 229, 252, 0, 0, 729.30%, 106, 0, 0, 420.00, 29208, 14212, 729.30%, 1867, 1867
1706881161, 1, 233, 253, 0, 0, 729.30%, 107, 0, 0, 433.33, 29293, 14257, 729.30%, 1867, 1867
1706881161, 1, 236, 253, 0, 0, 729.30%, 108, 0, 0, 470.20, 29373, 14319, 729.30%, 1867, 1867
1706881162, 1, 241, 253, 0, 0, 729.30%, 108, 0, 0, 516.67, 29465, 14382, 729.30%, 1867, 1867
1706881162, 1, 248, 254, 0, 0, 729.30%, 108, 0, 0, 850.50, 29605, 14498, 729.30%, 1867, 1867
1706881162, 1, 251, 254, 0, 0, 729.30%, 109, 0, 0, 466.67, 29690, 14553, 729.30%, 1867, 1867
1706881162, 2, 0, 255, 0, 0, 729.30%, 109, 0, 0, 586.67, 29807, 14612, 729.30%, 1867, 1867
1706881163, 2, 2, 255, 0, 0, 729.30%, 109, 0, 0, 2386.67, 30434, 14701, 729.30%, 1867, 1867
1706881163, 2, 3, 256, 0, 0, 729.30%, 109, 0, 0, 1881.19, 30935, 14770, 729.30%, 1867, 1867
1706881163, 2, 5, 256, 0, 0, 729.30%, 109, 0, 0, 2036.67, 31485, 14831, 729.30%, 1867, 1867
1706881164, 2, 8, 256, 0, 0, 729.30%, 109, 0, 0, 2570.00, 32227, 14860, 729.30%, 1867, 1867
1706881164, 2, 10, 256, 0, 0, 729.30%, 110, 0, 0, 2373.33, 32847, 14952, 729.30%, 1867, 1867
1706881164, 2, 14, 256, 0, 0, 729.30%, 110, 0, 0, 1526.67, 33251, 15006, 729.30%, 1867, 1867
1706881165, 2, 14, 256, 0, 0, 729.30%, 110, 0, 0, 1160.00, 33447, 15158, 729.30%, 1867, 1867
1706881165, 2, 15, 256, 0, 0, 729.30%, 110, 0, 0, 1260.00, 33663, 15320, 729.30%, 1867, 1867
1706881165, 2, 17, 256, 0, 0, 729.30%, 110, 0, 0, 1296.67, 33972, 15400, 729.30%, 1867, 1867
1706881165, 2, 17, 256, 0, 0, 729.30%, 112, 0, 0, 668.85, 34104, 15472, 729.30%, 1867, 1867
1706881166, 2, 17, 256, 0, 0, 729.30%, 112, 0, 0, 723.33, 34245, 15548, 729.30%, 1867, 1867
1706881166, 2, 20, 256, 0, 0, 729.30%, 112, 0, 0, 1120.00, 34485, 15644, 729.30%, 1867, 1867
1706881166, 2, 21, 256, 0, 0, 729.30%, 112, 0, 0, 1186.67, 34773, 15712, 729.30%, 1867, 1867
1706881167, 2, 21, 256, 0, 0, 729.30%, 112, 0, 0, 793.33, 34956, 15767, 729.30%, 1867, 1867
1706881167, 2, 21, 256, 0, 0, 729.30%, 112, 0, 0, 820.00, 35145, 15824, 729.30%, 1867, 1867
1706881167, 2, 28, 256, 0, 0, 729.30%, 112, 0, 0, 1260.00, 35407, 15940, 729.30%, 1867, 1867
1706881168, 2, 28, 256, 0, 0, 729.30%, 113, 0, 0, 1236.67, 35614, 16104, 729.30%, 1867, 1867
1706881168, 2, 32, 256, 0, 0, 729.30%, 113, 0, 0, 1706.67, 35983, 16247, 729.30%, 1867, 1867
1706881168, 2, 37, 256, 0, 0, 729.30%, 113, 0, 0, 1377.00, 36340, 16321, 729.30%, 1867, 1867
1706881169, 2, 52, 256, 0, 0, 729.30%, 113, 0, 0, 996.71, 36602, 16362, 729.30%, 1867, 1867
1706881169, 2, 59, 256, 0, 0, 729.30%, 113, 0, 0, 858.55, 36763, 16462, 729.30%, 1867, 1867
1706881169, 2, 66, 256, 0, 0, 729.30%, 113, 0, 0, 766.67, 36918, 16537, 729.30%, 1867, 1867
1706881169, 2, 69, 256, 0, 0, 729.30%, 113, 0, 0, 1006.67, 37089, 16668, 729.30%, 1867, 1867
1706881170, 2, 69, 256, 0, 0, 729.30%, 113, 0, 0, 906.67, 37253, 16776, 729.30%, 1867, 1867
1706881170, 2, 70, 256, 0, 0, 729.30%, 113, 0, 0, 897.35, 37407, 16893, 729.30%, 1867, 1867
1706881170, 2, 79, 257, 0, 0, 729.30%, 113, 0, 0, 926.67, 37592, 16986, 729.30%, 1867, 1867
1706881171, 2, 87, 257, 0, 0, 729.30%, 113, 0, 0, 933.33, 37743, 17115, 729.30%, 1867, 1867
1706881171, 2, 95, 258, 0, 0, 729.30%, 113, 0, 0, 990.00, 37910, 17245, 729.30%, 1867, 1867
1706881171, 2, 104, 258, 0, 0, 729.30%, 113, 0, 0, 1053.33, 38093, 17378, 729.30%, 1867, 1867
1706881172, 2, 112, 258, 0, 0, 729.30%, 113, 0, 0, 1086.67, 38273, 17524, 729.30%, 1867, 1867
1706881172, 2, 120, 258, 0, 0, 729.30%, 115, 0, 0, 953.33, 38424, 17659, 729.30%, 1867, 1867
1706881172, 2, 125, 258, 0, 0, 729.30%, 115, 0, 0, 726.67, 38570, 17731, 729.30%, 1867, 1867
1706881172, 2, 132, 258, 0, 0, 729.30%, 115, 0, 0, 813.33, 38719, 17826, 729.30%, 1867, 1867
1706881173, 2, 139, 258, 0, 0, 729.30%, 115, 0, 0, 956.67, 38918, 17914, 729.30%, 1867, 1867
1706881173, 2, 147, 258, 0, 0, 729.30%, 115, 0, 0, 953.49, 39076, 18043, 729.30%, 1867, 1867
1706881173, 2, 149, 258, 0, 0, 729.30%, 116, 0, 0, 456.67, 39154, 18102, 729.30%, 1867, 1867
1706881174, 2, 149, 258, 0, 0, 729.30%, 117, 0, 0, 650.00, 39256, 18195, 729.30%, 1867, 1867
1706881174, 2, 149, 258, 0, 0, 729.30%, 117, 0, 0, 637.87, 39352, 18291, 729.30%, 1867, 1867
1706881174, 2, 149, 258, 0, 0, 729.30%, 117, 0, 0, 483.33, 39437, 18351, 729.30%, 1867, 1867
1706881175, 2, 150, 258, 0, 0, 729.30%, 117, 0, 0, 650.00, 39547, 18436, 729.30%, 1867, 1867
1706881175, 2, 156, 258, 0, 0, 729.30%, 117, 0, 0, 806.67, 39678, 18547, 729.30%, 1867, 1867
1706881175, 2, 157, 258, 0, 0, 729.30%, 117, 0, 0, 691.03, 39773, 18660, 729.30%, 1867, 1867
1706881175, 2, 157, 258, 0, 0, 729.30%, 118, 0, 0, 661.13, 39869, 18763, 729.30%, 1867, 1867
1706881176, 2, 157, 258, 0, 0, 729.30%, 119, 0, 0, 598.01, 39961, 18851, 729.30%, 1867, 1867
1706881176, 2, 157, 258, 0, 0, 729.30%, 120, 0, 0, 680.00, 40049, 18967, 729.30%, 1867, 1867
1706881176, 2, 163, 258, 0, 0, 729.30%, 121, 0, 0, 874.17, 40183, 19097, 729.30%, 1867, 1867
1706881177, 2, 169, 258, 0, 0, 729.30%, 121, 0, 0, 696.67, 40313, 19176, 729.30%, 1867, 1867
1706881177, 2, 169, 258, 0, 0, 729.30%, 121, 0, 0, 631.23, 40439, 19240, 729.30%, 1867, 1867
1706881177, 2, 169, 258, 0, 0, 729.30%, 121, 0, 0, 610.00, 40568, 19294, 729.30%, 1867, 1867
1706881178, 2, 169, 258, 0, 0, 729.30%, 121, 0, 0, 643.33, 40696, 19359, 729.30%, 1867, 1867
1706881178, 2, 169, 258, 0, 0, 729.30%, 121, 0, 0, 594.06, 40814, 19421, 729.30%, 1867, 1867
1706881178, 2, 173, 259, 0, 0, 729.30%, 121, 0, 0, 641.20, 40922, 19506, 729.30%, 1867, 1867
1706881178, 2, 177, 259, 0, 0, 729.30%, 122, 0, 0, 651.16, 41019, 19605, 729.30%, 1867, 1867
1706881179, 2, 178, 259, 0, 0, 729.30%, 122, 0, 0, 560.00, 41119, 19673, 729.30%, 1867, 1867
1706881179, 2, 178, 259, 0, 0, 729.30%, 122, 0, 0, 546.67, 41226, 19730, 729.30%, 1867, 1867
1706881179, 2, 178, 259, 0, 0, 729.30%, 122, 0, 0, 590.00, 41337, 19796, 729.30%, 1867, 1867
1706881180, 2, 178, 259, 0, 0, 729.30%, 122, 0, 0, 616.67, 41457, 19861, 729.30%, 1867, 1867
1706881180, 2, 180, 259, 0, 0, 729.30%, 122, 0, 0, 610.00, 41583, 19918, 729.30%, 1867, 1867
1706881180, 2, 183, 259, 0, 0, 729.30%, 122, 0, 0, 443.33, 41661, 19973, 729.30%, 1867, 1867
1706881181, 2, 183, 259, 0, 0, 729.30%, 122, 0, 0, 510.00, 41749, 20038, 729.30%, 1867, 1867
1706881181, 2, 183, 259, 0, 0, 729.30%, 122, 0, 0, 418.24, 41830, 20090, 729.30%, 1867, 1867
1706881181, 2, 183, 259, 0, 0, 729.30%, 122, 0, 0, 463.33, 41910, 20149, 729.30%, 1867, 1867
1706881181, 2, 183, 259, 0, 0, 729.30%, 122, 0, 0, 504.98, 41995, 20216, 729.30%, 1867, 1867
1706881182, 2, 183, 259, 0, 0, 729.30%, 122, 0, 0, 384.62, 42069, 20267, 729.30%, 1867, 1867
1706881182, 2, 184, 259, 0, 0, 729.30%, 122, 0, 0, 436.67, 42149, 20318, 729.30%, 1867, 1867
1706881182, 2, 184, 259, 0, 0, 729.30%, 122, 0, 0, 386.36, 42225, 20361, 729.30%, 1867, 1867
1706881183, 2, 184, 259, 0, 0, 729.30%, 122, 0, 0, 432.79, 42295, 20423, 729.30%, 1867, 1867
1706881183, 2, 184, 259, 0, 0, 729.30%, 122, 0, 0, 506.67, 42379, 20491, 729.30%, 1867, 1867
1706881183, 2, 184, 259, 0, 0, 729.30%, 122, 0, 0, 550.00, 42477, 20558, 729.30%, 1867, 1867
1706881184, 2, 184, 259, 0, 0, 729.30%, 122, 0, 0, 476.67, 42560, 20618, 729.30%, 1867, 1867
1706881184, 2, 185, 259, 0, 0, 729.30%, 122, 0, 0, 506.67, 42652, 20678, 729.30%, 1867, 1867
1706881184, 2, 185, 259, 0, 0, 729.30%, 122, 0, 0, 576.67, 42752, 20751, 729.30%, 1867, 1867
1706881184, 2, 185, 259, 0, 0, 729.30%, 123, 0, 0, 650.00, 42846, 20852, 729.30%, 1867, 1867
1706881185, 2, 185, 259, 0, 0, 729.30%, 123, 0, 0, 673.33, 42946, 20954, 729.30%, 1867, 1867
1706881185, 2, 186, 259, 0, 0, 729.30%, 123, 0, 0, 623.33, 43060, 21027, 729.30%, 1867, 1867
1706881185, 2, 191, 259, 0, 0, 729.30%, 124, 0, 0, 670.00, 43169, 21119, 729.30%, 1867, 1867
1706881186, 2, 196, 260, 0, 0, 729.30%, 124, 0, 0, 599.34, 43282, 21187, 729.30%, 1867, 1867
1706881186, 2, 200, 260, 0, 0, 729.30%, 124, 0, 0, 506.67, 43380, 21241, 729.30%, 1867, 1867
1706881186, 2, 203, 260, 0, 0, 729.30%, 124, 0, 0, 503.33, 43471, 21301, 729.30%, 1867, 1867
1706881187, 2, 207, 260, 0, 0, 729.30%, 124, 0, 0, 566.67, 43565, 21377, 729.30%, 1867, 1867
1706881187, 2, 211, 260, 0, 0, 729.30%, 124, 0, 0, 436.67, 43647, 21426, 729.30%, 1867, 1867
1706881187, 2, 214, 261, 0, 0, 729.30%, 124, 0, 0, 516.67, 43735, 21493, 729.30%, 1867, 1867
1706881187, 2, 218, 261, 0, 0, 729.30%, 124, 0, 0, 491.75, 43821, 21556, 729.30%, 1867, 1867
1706881188, 2, 221, 261, 0, 0, 729.30%, 124, 0, 0, 411.96, 43906, 21595, 729.30%, 1867, 1867
1706881188, 2, 224, 261, 0, 0, 729.30%, 124, 0, 0, 413.33, 43993, 21632, 729.30%, 1867, 1867
1706881188, 2, 228, 261, 0, 0, 729.30%, 124, 0, 0, 493.33, 44075, 21698, 729.30%, 1867, 1867
1706881189, 2, 231, 262, 0, 0, 729.30%, 124, 0, 0, 431.89, 44149, 21754, 729.30%, 1867, 1867
1706881189, 2, 235, 262, 0, 0, 729.30%, 124, 0, 0, 470.00, 44245, 21799, 729.30%, 1867, 1867
1706881189, 2, 238, 262, 0, 0, 729.30%, 125, 0, 0, 458.75, 44322, 21861, 729.30%, 1867, 1867
1706881190, 2, 246, 262, 0, 0, 729.30%, 125, 0, 0, 831.13, 44474, 21960, 729.30%, 1867, 1867
1706881190, 2, 249, 262, 0, 0, 729.30%, 125, 0, 0, 498.34, 44558, 22026, 729.30%, 1867, 1867
1706881190, 2, 253, 262, 0, 0, 729.30%, 125, 0, 0, 500.00, 44638, 22096, 729.30%, 1867, 1867
1706881191, 2, 259, 263, 0, 0, 729.30%, 126, 0, 0, 736.67, 44777, 22178, 729.30%, 1867, 1867
1706881191, 2, 263, 264, 0, 0, 729.30%, 126, 0, 0, 455.15, 44861, 22231, 729.30%, 1867, 1867
1706881191, 3, 0, 266, 0, 0, 729.30%, 126, 0, 0, 456.67, 44938, 22291, 729.30%, 1867, 1867
1706881191, 3, 1, 266, 0, 0, 729.30%, 126, 0, 0, 2116.67, 45484, 22380, 729.30%, 1867, 1867
1706881192, 3, 3, 266, 0, 0, 729.30%, 126, 0, 0, 2340.00, 46068, 22498, 729.30%, 1867, 1867
1706881192, 3, 6, 266, 0, 0, 729.30%, 126, 0, 0, 2286.67, 46682, 22570, 729.30%, 1867, 1867
1706881192, 3, 8, 266, 0, 0, 729.30%, 126, 0, 0, 2336.67, 47357, 22596, 729.30%, 1867, 1867
1706881193, 3, 10, 266, 0, 0, 729.30%, 127, 0, 0, 2363.33, 47963, 22699, 729.30%, 1867, 1867
1706881193, 3, 14, 266, 0, 0, 729.30%, 127, 0, 0, 1923.33, 48423, 22816, 729.30%, 1867, 1867
1706881193, 3, 14, 266, 0, 0, 729.30%, 128, 0, 0, 1143.33, 48595, 22987, 729.30%, 1867, 1867
1706881194, 3, 17, 266, 0, 0, 729.30%, 128, 0, 0, 1770.00, 48998, 23115, 729.30%, 1867, 1867
1706881194, 3, 17, 266, 0, 0, 729.30%, 128, 0, 0, 817.28, 49150, 23209, 729.30%, 1867, 1867
1706881194, 3, 17, 266, 0, 0, 729.30%, 128, 0, 0, 763.33, 49297, 23291, 729.30%, 1867, 1867
1706881194, 3, 20, 266, 0, 0, 729.30%, 128, 0, 0, 900.00, 49472, 23386, 729.30%, 1867, 1867
1706881195, 3, 21, 266, 0, 0, 729.30%, 128, 0, 0, 1466.67, 49811, 23487, 729.30%, 1867, 1867
1706881195, 3, 21, 266, 0, 0, 729.30%, 128, 0, 0, 893.33, 50007, 23559, 729.30%, 1867, 1867
1706881195, 3, 21, 266, 0, 0, 729.30%, 128, 0, 0, 943.52, 50213, 23637, 729.30%, 1867, 1867
1706881196, 3, 28, 266, 0, 0, 729.30%, 128, 0, 0, 1290.00, 50470, 23767, 729.30%, 1867, 1867
1706881196, 3, 28, 266, 0, 0, 729.30%, 128, 0, 0, 1270.00, 50681, 23937, 729.30%, 1867, 1867
1706881196, 3, 37, 266, 0, 0, 729.30%, 129, 0, 0, 1960.00, 51105, 24101, 729.30%, 1867, 1867
1706881197, 3, 51, 266, 0, 0, 729.30%, 129, 0, 0, 1876.67, 51584, 24185, 729.30%, 1867, 1867
1706881197, 3, 60, 266, 0, 0, 729.30%, 129, 0, 0, 1000.00, 51795, 24275, 729.30%, 1867, 1867
1706881197, 3, 67, 266, 0, 0, 729.30%, 129, 0, 0, 896.67, 51973, 24366, 729.30%, 1867, 1867
1706881197, 3, 69, 266, 0, 0, 729.30%, 129, 0, 0, 1073.33, 52165, 24496, 729.30%, 1867, 1867
1706881198, 3, 69, 266, 0, 0, 729.30%, 129, 0, 0, 953.33, 52336, 24611, 729.30%, 1867, 1867
1706881198, 3, 72, 266, 0, 0, 729.30%, 129, 0, 0, 893.33, 52497, 24718, 729.30%, 1867, 1867
1706881198, 3, 80, 266, 0, 0, 729.30%, 129, 0, 0, 850.50, 52659, 24812, 729.30%, 1867, 1867
1706881199, 3, 89, 266, 0, 0, 729.30%, 129, 0, 0, 960.00, 52837, 24922, 729.30%, 1867, 1867
1706881199, 3, 97, 267, 0, 0, 729.30%, 129, 0, 0, 1056.67, 53009, 25067, 729.30%, 1867, 1867
1706881199, 3, 106, 267, 0, 0, 729.30%, 129, 0, 0, 1050.00, 53199, 25192, 729.30%, 1867, 1867
1706881200, 3, 115, 267, 0, 0, 729.30%, 129, 0, 0, 1090.00, 53388, 25330, 729.30%, 1867, 1867
1706881200, 3, 121, 267, 0, 0, 729.30%, 130, 0, 0, 870.00, 53543, 25436, 729.30%, 1867, 1867
1706881200, 3, 127, 267, 0, 0, 729.30%, 130, 0, 0, 796.67, 53703, 25515, 729.30%, 1867, 1867
1706881200, 3, 134, 267, 0, 0, 729.30%, 130, 0, 0, 840.00, 53859, 25611, 729.30%, 1867, 1867
1706881201, 3, 142, 267, 0, 0, 729.30%, 130, 0, 0, 983.33, 54029, 25736, 729.30%, 1867, 1867
1706881201, 3, 149, 267, 0, 0, 729.30%, 130, 0, 0, 873.33, 54186, 25841, 729.30%, 1867, 1867
1706881201, 3, 149, 267, 0, 0, 729.30%, 130, 0, 0, 653.33, 54293, 25930, 729.30%, 1867, 1867
1706881202, 3, 149, 267, 0, 0, 729.30%, 130, 0, 0, 646.67, 54412, 26005, 729.30%, 1867, 1867
1706881202, 3, 149, 267, 0, 0, 729.30%, 131, 0, 0, 573.33, 54503, 26086, 729.30%, 1867, 1867
1706881202, 3, 149, 267, 0, 0, 729.30%, 131, 0, 0, 646.67, 54613, 26170, 729.30%, 1867, 1867
1706881203, 3, 155, 267, 0, 0, 729.30%, 131, 0, 0, 796.67, 54745, 26277, 729.30%, 1867, 1867
1706881203, 3, 157, 267, 0, 0, 729.30%, 131, 0, 0, 707.64, 54856, 26379, 729.30%, 1867, 1867
1706881203, 3, 157, 267, 0, 0, 729.30%, 131, 0, 0, 584.72, 54953, 26458, 729.30%, 1867, 1867
1706881203, 3, 157, 267, 0, 0, 729.30%, 131, 0, 0, 581.40, 55048, 26538, 729.30%, 1867, 1867
1706881204, 3, 157, 267, 0, 0, 729.30%, 131, 0, 0, 660.00, 55154, 26630, 729.30%, 1867, 1867
1706881204, 3, 160, 267, 0, 0, 729.30%, 131, 0, 0, 780.00, 55262, 26756, 729.30%, 1867, 1867
1706881204, 3, 168, 267, 0, 0, 729.30%, 131, 0, 0, 946.84, 55427, 26876, 729.30%, 1867, 1867
1706881205, 3, 169, 267, 0, 0, 729.30%, 131, 0, 0, 653.33, 55565, 26934, 729.30%, 1867, 1867
1706881205, 3, 169, 267, 0, 0, 729.30%, 131, 0, 0, 646.67, 55695, 26998, 729.30%, 1867, 1867
1706881205, 3, 169, 267, 0, 0, 729.30%, 131, 0, 0, 578.46, 55822, 27059, 729.30%, 1867, 1867
1706881206, 3, 169, 267, 0, 0, 729.30%, 131, 0, 0, 680.00, 55959, 27126, 729.30%, 1867, 1867
1706881206, 3, 173, 267, 0, 0, 729.30%, 131, 0, 0, 707.64, 56092, 27206, 729.30%, 1867, 1867
1706881206, 3, 178, 267, 0, 0, 729.30%, 131, 0, 0, 666.67, 56213, 27285, 729.30%, 1867, 1867
1706881206, 3, 178, 267, 0, 0, 729.30%, 131, 0, 0, 670.00, 56330, 27369, 729.30%, 1867, 1867
1706881207, 3, 178, 267, 0, 0, 729.30%, 131, 0, 0, 633.33, 56453, 27436, 729.30%, 1867, 1867
1706881207, 3, 178, 267, 0, 0, 729.30%, 131, 0, 0, 654.49, 56573, 27513, 729.30%, 1867, 1867
1706881207, 3, 178, 267, 0, 0, 729.30%, 131, 0, 0, 636.67, 56686, 27591, 729.30%, 1867, 1867
1706881208, 3, 183, 267, 0, 0, 729.30%, 132, 0, 0, 607.97, 56796, 27664, 729.30%, 1867, 1867
1706881208, 3, 183, 267, 0, 0, 729.30%, 132, 0, 0, 546.67, 56888, 27736, 729.30%, 1867, 1867
1706881208, 3, 183, 267, 0, 0, 729.30%, 132, 0, 0, 468.44, 56986, 27779, 729.30%, 1867, 1867
1706881209, 3, 183, 267, 0, 0, 729.30%, 132, 0, 0, 440.00, 57069, 27828, 729.30%, 1867, 1867
1706881209, 3, 183, 267, 0, 0, 729.30%, 132, 0, 0, 523.18, 57164, 27891, 729.30%, 1867, 1867
1706881209, 3, 183, 267, 0, 0, 729.30%, 132, 0, 0, 531.56, 57260, 27955, 729.30%, 1867, 1867
1706881209, 3, 184, 267, 0, 0, 729.30%, 132, 0, 0, 583.33, 57365, 28025, 729.30%, 1867, 1867
1706881210, 3, 184, 267, 0, 0, 729.30%, 132, 0, 0, 600.00, 57481, 28089, 729.30%, 1867, 1867
1706881210, 3, 184, 267, 0, 0, 729.30%, 132, 0, 0, 610.00, 57594, 28159, 729.30%, 1867, 1867
1706881210, 3, 184, 267, 0, 0, 729.30%, 132, 0, 0, 630.00, 57696, 28246, 729.30%, 1867, 1867
1706881211, 3, 185, 267, 0, 0, 729.30%, 132, 0, 0, 616.67, 57810, 28317, 729.30%, 1867, 1867
1706881211, 3, 185, 267, 0, 0, 729.30%, 132, 0, 0, 646.67, 57931, 28390, 729.30%, 1867, 1867
1706881211, 3, 185, 267, 0, 0, 729.30%, 132, 0, 0, 660.00, 58042, 28477, 729.30%, 1867, 1867
1706881212, 3, 185, 267, 0, 0, 729.30%, 132, 0, 0, 643.33, 58142, 28570, 729.30%, 1867, 1867
1706881212, 3, 186, 267, 0, 0, 729.30%, 132, 0, 0, 645.70, 58253, 28654, 729.30%, 1867, 1867
1706881212, 3, 191, 267, 0, 0, 729.30%, 134, 0, 0, 666.67, 58359, 28748, 729.30%, 1867, 1867
1706881212, 3, 195, 267, 0, 0, 729.30%, 135, 0, 0, 514.95, 58453, 28809, 729.30%, 1867, 1867
1706881213, 3, 199, 267, 0, 0, 729.30%, 135, 0, 0, 544.85, 58542, 28884, 729.30%, 1867, 1867
1706881213, 3, 202, 267, 0, 0, 729.30%, 135, 0, 0, 465.12, 58624, 28942, 729.30%, 1867, 1867
1706881213, 3, 206, 267, 0, 0, 729.30%, 136, 0, 0, 457.52, 58707, 28999, 729.30%, 1867, 1867
1706881214, 3, 209, 267, 0, 0, 729.30%, 136, 0, 0, 510.00, 58797, 29062, 729.30%, 1867, 1867
1706881214, 3, 213, 267, 0, 0, 729.30%, 136, 0, 0, 470.00, 58882, 29118, 729.30%, 1867, 1867
1706881214, 3, 216, 267, 0, 0, 729.30%, 136, 0, 0, 423.33, 58953, 29174, 729.30%, 1867, 1867
1706881215, 3, 219, 268, 0, 0, 729.30%, 136, 0, 0, 440.40, 59022, 29238, 729.30%, 1867, 1867
1706881215, 3, 223, 268, 0, 0, 729.30%, 136, 0, 0, 453.33, 59101, 29295, 729.30%, 1867, 1867
1706881215, 3, 226, 270, 0, 0, 729.30%, 136, 0, 0, 415.28, 59175, 29346, 729.30%, 1867, 1867
1706881215, 3, 229, 270, 0, 0, 729.30%, 136, 0, 0, 413.33, 59235, 29410, 729.30%, 1867, 1867
1706881216, 3, 232, 271, 0, 0, 729.30%, 136, 0, 0, 420.00, 59323, 29448, 729.30%, 1867, 1867
1706881216, 3, 235, 271, 0, 0, 729.30%, 136, 0, 0, 368.42, 59393, 29490, 729.30%, 1867, 1867
1706881216, 3, 237, 271, 0, 0, 729.30%, 137, 0, 0, 331.13, 59450, 29533, 729.30%, 1867, 1867
1706881217, 3, 243, 271, 0, 0, 729.30%, 137, 0, 0, 560.00, 59561, 29590, 729.30%, 1867, 1867
1706881217, 3, 247, 271, 0, 0, 729.30%, 138, 0, 0, 555.56, 59657, 29674, 729.30%, 1867, 1867
1706881217, 3, 250, 271, 0, 0, 729.30%, 138, 0, 0, 333.33, 59713, 29718, 729.30%, 1867, 1867
1706881218, 3, 253, 271, 0, 0, 729.30%, 138, 0, 0, 410.00, 59783, 29771, 729.30%, 1867, 1867
1706881218, 3, 258, 271, 0, 0, 729.30%, 138, 0, 0, 636.67, 59906, 29839, 729.30%, 1867, 1867
1706881218, 3, 261, 271, 0, 0, 729.30%, 138, 0, 0, 423.84, 59974, 29899, 729.30%, 1867, 1867
1706881218, 3, 264, 271, 0, 0, 729.30%, 138, 0, 0, 394.04, 60050, 29942, 729.30%, 1867, 1867
1706881219, 3, 268, 271, 0, 0, 729.30%, 138, 0, 0, 533.11, 60130, 30023, 729.30%, 1867, 1867
1706881219, 4, 0, 271, 0, 0, 729.30%, 138, 0, 0, 866.67, 60343, 30070, 729.30%, 1867, 1867
1706881219, 4, 2, 271, 0, 0, 729.30%, 138, 0, 0, 2263.33, 60932, 30160, 729.30%, 1867, 1867
1706881220, 4, 4, 271, 0, 0, 729.30%, 138, 0, 0, 2280.00, 61514, 30262, 729.30%, 1867, 1867
1706881220, 4, 6, 271, 0, 0, 729.30%, 138, 0, 0, 2390.00, 62174, 30319, 729.30%, 1867, 1867
1706881220, 4, 8, 271, 0, 0, 729.30%, 138, 0, 0, 2156.67, 62770, 30370, 729.30%, 1867, 1867
1706881221, 4, 11, 271, 0, 0, 729.30%, 138, 0, 0, 2176.67, 63313, 30480, 729.30%, 1867, 1867
1706881221, 4, 14, 271, 0, 0, 729.30%, 138, 0, 0, 1810.00, 63730, 30606, 729.30%, 1867, 1867
1706881221, 4, 14, 271, 0, 0, 729.30%, 138, 0, 0, 1300.00, 63953, 30773, 729.30%, 1867, 1867
1706881221, 4, 17, 271, 0, 0, 729.30%, 138, 0, 0, 1680.00, 64338, 30892, 729.30%, 1867, 1867
1706881222, 4, 17, 271, 0, 0, 729.30%, 138, 0, 0, 813.33, 64489, 30985, 729.30%, 1867, 1867
1706881222, 4, 17, 271, 0, 0, 729.30%, 138, 0, 0, 840.00, 64645, 31081, 729.30%, 1867, 1867
1706881222, 4, 20, 271, 0, 0, 729.30%, 138, 0, 0, 1430.00, 64981, 31174, 729.30%, 1867, 1867
1706881223, 4, 21, 271, 0, 0, 729.30%, 138, 0, 0, 950.17, 65199, 31242, 729.30%, 1867, 1867
1706881223, 4, 21, 271, 0, 0, 729.30%, 138, 0, 0, 886.67, 65404, 31303, 729.30%, 1867, 1867
1706881223, 4, 21, 271, 0, 0, 729.30%, 138, 0, 0, 774.09, 65580, 31360, 729.30%, 1867, 1867
1706881224, 4, 28, 271, 0, 0, 729.30%, 138, 0, 0, 1286.67, 65832, 31494, 729.30%, 1867, 1867
1706881224, 4, 28, 271, 0, 0, 729.30%, 138, 0, 0, 1196.67, 66035, 31650, 729.30%, 1867, 1867
1706881224, 4, 32, 271, 0, 0, 729.30%, 138, 0, 0, 1516.67, 66360, 31780, 729.30%, 1867, 1867
1706881225, 4, 46, 271, 0, 0, 729.30%, 138, 0, 0, 1755.70, 66819, 31860, 729.30%, 1867, 1867
1706881225, 4, 57, 271, 0, 0, 729.30%, 138, 0, 0, 1050.00, 67020, 31974, 729.30%, 1867, 1867
1706881225, 4, 64, 271, 0, 0, 729.30%, 138, 0, 0, 890.00, 67201, 32060, 729.30%, 1867, 1867
1706881225, 4, 69, 271, 0, 0, 729.30%, 138, 0, 0, 810.00, 67356, 32148, 729.30%, 1867, 1867
1706881226, 4, 69, 271, 0, 0, 729.30%, 139, 0, 0, 853.33, 67495, 32265, 729.30%, 1867, 1867
1706881226, 4, 69, 271, 0, 0, 729.30%, 139, 0, 0, 906.67, 67651, 32381, 729.30%, 1867, 1867
1706881226, 4, 74, 271, 0, 0, 729.30%, 139, 0, 0, 880.00, 67806, 32490, 729.30%, 1867, 1867
1706881227, 4, 83, 271, 0, 0, 729.30%, 139, 0, 0, 933.33, 67980, 32596, 729.30%, 1867, 1867
1706881227, 4, 90, 271, 0, 0, 729.30%, 139, 0, 0, 833.33, 68131, 32705, 729.30%, 1867, 1867
1706881227, 4, 98, 271, 0, 0, 729.30%, 140, 0, 0, 946.67, 68287, 32833, 729.30%, 1867, 1867
1706881228, 4, 106, 271, 0, 0, 729.30%, 142, 0, 0, 1050.00, 68457, 32978, 729.30%, 1867, 1867
1706881228, 4, 114, 271, 0, 0, 729.30%, 142, 0, 0, 990.00, 68627, 33105, 729.30%, 1867, 1867
1706881228, 4, 121, 271, 0, 0, 729.30%, 142, 0, 0, 890.00, 68788, 33211, 729.30%, 1867, 1867
1706881228, 4, 126, 271, 0, 0, 729.30%, 142, 0, 0, 694.35, 68929, 33279, 729.30%, 1867, 1867
1706881229, 4, 132, 271, 0, 0, 729.30%, 142, 0, 0, 724.25, 69064, 33362, 729.30%, 1867, 1867
1706881229, 4, 138, 271, 0, 0, 729.30%, 142, 0, 0, 766.67, 69214, 33442, 729.30%, 1867, 1867
1706881229, 4, 145, 272, 0, 0, 729.30%, 142, 0, 0, 876.67, 69355, 33564, 729.30%, 1867, 1867
1706881230, 4, 149, 272, 0, 0, 729.30%, 142, 0, 0, 726.67, 69482, 33655, 729.30%, 1867, 1867
1706881230, 4, 149, 272, 0, 0, 729.30%, 142, 0, 0, 566.67, 69582, 33725, 729.30%, 1867, 1867
1706881230, 4, 149, 272, 0, 0, 729.30%, 142, 0, 0, 650.00, 69693, 33809, 729.30%, 1867, 1867
1706881231, 4, 149, 272, 0, 0, 729.30%, 142, 0, 0, 633.33, 69794, 33898, 729.30%, 1867, 1867
1706881231, 4, 150, 272, 0, 0, 729.30%, 142, 0, 0, 630.00, 69894, 33987, 729.30%, 1867, 1867
1706881231, 4, 156, 272, 0, 0, 729.30%, 142, 0, 0, 714.29, 70021, 34075, 729.30%, 1867, 1867
1706881231, 4, 157, 272, 0, 0, 729.30%, 142, 0, 0, 686.67, 70126, 34176, 729.30%, 1867, 1867
1706881232, 4, 157, 272, 0, 0, 729.30%, 142, 0, 0, 684.39, 70227, 34281, 729.30%, 1867, 1867
1706881232, 4, 157, 272, 0, 0, 729.30%, 143, 0, 0, 700.00, 70317, 34401, 729.30%, 1867, 1867
1706881232, 4, 157, 272, 0, 0, 729.30%, 143, 0, 0, 674.42, 70410, 34511, 729.30%, 1867, 1867
1706881233, 4, 165, 272, 0, 0, 729.30%, 143, 0, 0, 980.07, 70568, 34648, 729.30%, 1867, 1867
1706881233, 4, 169, 272, 0, 0, 729.30%, 143, 0, 0, 704.32, 70707, 34721, 729.30%, 1867, 1867
1706881233, 4, 169, 272, 0, 0, 729.30%, 143, 0, 0, 666.67, 70841, 34787, 729.30%, 1867, 1867
1706881234, 4, 169, 272, 0, 0, 729.30%, 143, 0, 0, 583.33, 70966, 34837, 729.30%, 1867, 1867
1706881234, 4, 169, 272, 0, 0, 729.30%, 143, 0, 0, 631.23, 71105, 34888, 729.30%, 1867, 1867
1706881234, 4, 170, 272, 0, 0, 729.30%, 143, 0, 0, 643.33, 71239, 34947, 729.30%, 1867, 1867
1706881234, 4, 174, 272, 0, 0, 729.30%, 143, 0, 0, 578.07, 71340, 35020, 729.30%, 1867, 1867
1706881235, 4, 178, 272, 0, 0, 729.30%, 143, 0, 0, 624.58, 71443, 35105, 729.30%, 1867, 1867
1706881235, 4, 178, 272, 0, 0, 729.30%, 143, 0, 0, 627.91, 71565, 35172, 729.30%, 1867, 1867
1706881235, 4, 178, 272, 0, 0, 729.30%, 143, 0, 0, 620.00, 71682, 35241, 729.30%, 1867, 1867
1706881236, 4, 178, 272, 0, 0, 729.30%, 143, 0, 0, 647.84, 71807, 35311, 729.30%, 1867, 1867
1706881236, 4, 178, 272, 0, 0, 729.30%, 143, 0, 0, 633.33, 71927, 35381, 729.30%, 1867, 1867
1706881236, 4, 183, 272, 0, 0, 729.30%, 143, 0, 0, 625.83, 72040, 35457, 729.30%, 1867, 1867
1706881237, 4, 183, 272, 0, 0, 729.30%, 143, 0, 0, 518.27, 72132, 35521, 729.30%, 1867, 1867
1706881237, 4, 183, 272, 0, 0, 729.30%, 143, 0, 0, 486.67, 72216, 35583, 729.30%, 1867, 1867
1706881237, 4, 183, 272, 0, 0, 729.30%, 143, 0, 0, 488.37, 72305, 35641, 729.30%, 1867, 1867
1706881237, 4, 183, 272, 0, 0, 729.30%, 143, 0, 0, 407.28, 72377, 35692, 729.30%, 1867, 1867
1706881238, 4, 183, 272, 0, 0, 729.30%, 143, 0, 0, 546.67, 72466, 35767, 729.30%, 1867, 1867
1706881238, 4, 184, 272, 0, 0, 729.30%, 143, 0, 0, 491.69, 72561, 35820, 729.30%, 1867, 1867
1706881238, 4, 184, 272, 0, 0, 729.30%, 143, 0, 0, 593.33, 72669, 35890, 729.30%, 1867, 1867
1706881239, 4, 184, 272, 0, 0, 729.30%, 143, 0, 0, 551.50, 72776, 35949, 729.30%, 1867, 1867
1706881239, 4, 184, 272, 0, 0, 729.30%, 144, 0, 0, 604.65, 72895, 36012, 729.30%, 1867, 1867
1706881239, 4, 184, 272, 0, 0, 729.30%, 144, 0, 0, 620.00, 73006, 36087, 729.30%, 1867, 1867
1706881240, 4, 185, 272, 0, 0, 729.30%, 144, 0, 0, 650.00, 73117, 36171, 729.30%, 1867, 1867
1706881240, 4, 185, 272, 0, 0, 729.30%, 144, 0, 0, 680.00, 73233, 36259, 729.30%, 1867, 1867
1706881240, 4, 185, 272, 0, 0, 729.30%, 144, 0, 0, 651.16, 73354, 36334, 729.30%, 1867, 1867
1706881240, 4, 185, 272, 0, 0, 729.30%, 144, 0, 0, 623.33, 73470, 36405, 729.30%, 1867, 1867
1706881241, 4, 189, 272, 0, 0, 729.30%, 144, 0, 0, 660.00, 73589, 36484, 729.30%, 1867, 1867
1706881241, 4, 194, 272, 0, 0, 729.30%, 144, 0, 0, 636.67, 73698, 36566, 729.30%, 1867, 1867
1706881241, 4, 198, 272, 0, 0, 729.30%, 144, 0, 0, 516.67, 73798, 36621, 729.30%, 1867, 1867
1706881242, 4, 201, 272, 0, 0, 729.30%, 145, 0, 0, 501.66, 73888, 36682, 729.30%, 1867, 1867
1706881242, 4, 205, 272, 0, 0, 729.30%, 145, 0, 0, 478.55, 73974, 36741, 729.30%, 1867, 1867
1706881242, 4, 209, 272, 0, 0, 729.30%, 145, 0, 0, 514.95, 74068, 36802, 729.30%, 1867, 1867
1706881243, 4, 212, 272, 0, 0, 729.30%, 145, 0, 0, 498.34, 74163, 36857, 729.30%, 1867, 1867
1706881243, 4, 216, 272, 0, 0, 729.30%, 146, 0, 0, 523.33, 74259, 36918, 729.30%, 1867, 1867
1706881243, 4, 220, 272, 0, 0, 729.30%, 146, 0, 0, 459.55, 74340, 36979, 729.30%, 1867, 1867
1706881243, 4, 223, 272, 0, 0, 729.30%, 146, 0, 0, 413.91, 74413, 37031, 729.30%, 1867, 1867
1706881244, 4, 226, 272, 0, 0, 729.30%, 146, 0, 0, 374.17, 74489, 37068, 729.30%, 1867, 1867
1706881244, 4, 230, 272, 0, 0, 729.30%, 146, 0, 0, 519.87, 74578, 37136, 729.30%, 1867, 1867
1706881244, 4, 233, 272, 0, 0, 729.30%, 146, 0, 0, 421.93, 74647, 37194, 729.30%, 1867, 1867
1706881245, 4, 236, 273, 0, 0, 729.30%, 147, 0, 0, 456.95, 74719, 37260, 729.30%, 1867, 1867
1706881245, 4, 239, 273, 0, 0, 729.30%, 147, 0, 0, 455.15, 74810, 37306, 729.30%, 1867, 1867
1706881245, 4, 248, 274, 0, 0, 729.30%, 147, 0, 0, 897.01, 74984, 37402, 729.30%, 1867, 1867
1706881246, 4, 251, 274, 0, 0, 729.30%, 147, 0, 0, 455.15, 75071, 37452, 729.30%, 1867, 1867
1706881246, 4, 255, 274, 0, 0, 729.30%, 147, 0, 0, 510.00, 75157, 37519, 729.30%, 1867, 1867
1706881246, 4, 261, 274, 0, 0, 729.30%, 148, 0, 0, 730.00, 75291, 37604, 729.30%, 1867, 1867
1706881246, 4, 264, 275, 0, 0, 729.30%, 148, 0, 0, 473.33, 75370, 37667, 729.30%, 1867, 1867
1706881247, 4, 268, 275, 0, 0, 729.30%, 148, 0, 0, 490.00, 75451, 37733, 729.30%, 1867, 1867
1706881247, 4, 272, 275, 0, 0, 729.30%, 148, 0, 0, 536.42, 75541, 37805, 729.30%, 1867, 1867
1706881247, 5, 0, 275, 0, 0, 729.30%, 149, 0, 0, 1463.33, 75906, 37879, 729.30%, 1867, 1867
1706881248, 5, 2, 275, 0, 0, 729.30%, 149, 0, 0, 2436.67, 76541, 37975, 729.30%, 1867, 1867
1706881248, 5, 5, 275, 0, 0, 729.30%, 149, 0, 0, 2435.22, 77191, 38058, 729.30%, 1867, 1867
1706881248, 5, 7, 275, 0, 0, 729.30%, 149, 0, 0, 2370.00, 77874, 38086, 729.30%, 1867, 1867
1706881249, 5, 10, 275, 0, 0, 729.30%, 149, 0, 0, 2453.33, 78545, 38151, 729.30%, 1867, 1867
1706881249, 5, 14, 275, 0, 0, 729.30%, 149, 0, 0, 2236.67, 79120, 38247, 729.30%, 1867, 1867
1706881249, 5, 14, 275, 0, 0, 729.30%, 149, 0, 0, 1083.33, 79290, 38402, 729.30%, 1867, 1867
1706881249, 5, 15, 275, 0, 0, 729.30%, 151, 0, 0, 946.67, 79437, 38539, 729.30%, 1867, 1867
1706881250, 5, 17, 275, 0, 0, 729.30%, 151, 0, 0, 1426.67, 79770, 38634, 729.30%, 1867, 1867
1706881250, 5, 17, 275, 0, 0, 729.30%, 151, 0, 0, 656.63, 79912, 38710, 729.30%, 1867, 1867
1706881250, 5, 17, 275, 0, 0, 729.30%, 151, 0, 0, 585.21, 80027, 38777, 729.30%, 1867, 1867
1706881251, 5, 19, 275, 0, 0, 729.30%, 151, 0, 0, 793.33, 80180, 38862, 729.30%, 1867, 1867
1706881251, 5, 21, 275, 0, 0, 729.30%, 151, 0, 0, 1016.67, 80537, 38932, 729.30%, 1867, 1867
1706881251, 5, 21, 275, 0, 0, 729.30%, 151, 0, 0, 816.67, 80708, 39006, 729.30%, 1867, 1867
1706881252, 5, 21, 275, 0, 0, 729.30%, 151, 0, 0, 700.00, 80856, 39068, 729.30%, 1867, 1867
1706881252, 5, 22, 275, 0, 0, 729.30%, 151, 0, 0, 790.00, 81025, 39136, 729.30%, 1867, 1867
1706881252, 5, 28, 275, 0, 0, 729.30%, 151, 0, 0, 1211.22, 81253, 39275, 729.30%, 1867, 1867
1706881253, 5, 28, 275, 0, 0, 729.30%, 151, 0, 0, 1176.67, 81455, 39426, 729.30%, 1867, 1867
1706881253, 5, 37, 275, 0, 0, 729.30%, 152, 0, 0, 2090.00, 81926, 39582, 729.30%, 1867, 1867
1706881253, 5, 52, 275, 0, 0, 729.30%, 152, 0, 0, 1830.00, 82366, 39691, 729.30%, 1867, 1867
1706881254, 5, 61, 275, 0, 0, 729.30%, 152, 0, 0, 933.33, 82543, 39794, 729.30%, 1867, 1867
1706881254, 5, 69, 275, 0, 0, 729.30%, 152, 0, 0, 966.67, 82741, 39886, 729.30%, 1867, 1867
1706881254, 5, 69, 275, 0, 0, 729.30%, 152, 0, 0, 1033.33, 82906, 40031, 729.30%, 1867, 1867
1706881254, 5, 69, 275, 0, 0, 729.30%, 152, 0, 0, 1000.00, 83081, 40156, 729.30%, 1867, 1867
1706881255, 5, 76, 275, 0, 0, 729.30%, 152, 0, 0, 1056.67, 83303, 40251, 729.30%, 1867, 1867
1706881255, 5, 85, 275, 0, 0, 729.30%, 152, 0, 0, 996.68, 83470, 40384, 729.30%, 1867, 1867
1706881255, 5, 93, 275, 0, 0, 729.30%, 153, 0, 0, 1016.67, 83639, 40520, 729.30%, 1867, 1867
1706881256, 5, 101, 275, 0, 0, 729.30%, 153, 0, 0, 940.00, 83812, 40629, 729.30%, 1867, 1867
1706881256, 5, 110, 275, 0, 0, 729.30%, 153, 0, 0, 1050.00, 84010, 40746, 729.30%, 1867, 1867
1706881256, 5, 117, 276, 0, 0, 729.30%, 154, 0, 0, 960.00, 84172, 40872, 729.30%, 1867, 1867
1706881257, 5, 123, 276, 0, 0, 729.30%, 154, 0, 0, 773.33, 84321, 40955, 729.30%, 1867, 1867
1706881257, 5, 129, 276, 0, 0, 729.30%, 154, 0, 0, 830.00, 84487, 41038, 729.30%, 1867, 1867
1706881257, 5, 136, 276, 0, 0, 729.30%, 154, 0, 0, 883.72, 84661, 41130, 729.30%, 1867, 1867
1706881257, 5, 145, 276, 0, 0, 729.30%, 154, 0, 0, 1020.00, 84847, 41250, 729.30%, 1867, 1867
1706881258, 5, 149, 276, 0, 0, 729.30%, 154, 0, 0, 744.19, 84971, 41350, 729.30%, 1867, 1867
1706881258, 5, 149, 276, 0, 0, 729.30%, 154, 0, 0, 683.33, 85071, 41455, 729.30%, 1867, 1867
1706881258, 5, 149, 276, 0, 0, 729.30%, 154, 0, 0, 654.49, 85176, 41547, 729.30%, 1867, 1867
1706881259, 5, 149, 276, 0, 0, 729.30%, 154, 0, 0, 590.00, 85281, 41619, 729.30%, 1867, 1867
1706881259, 5, 152, 276, 0, 0, 729.30%, 154, 0, 0, 723.33, 85405, 41712, 729.30%, 1867, 1867
1706881259, 5, 157, 276, 0, 0, 729.30%, 154, 0, 0, 710.96, 85507, 41824, 729.30%, 1867, 1867
1706881260, 5, 157, 276, 0, 0, 729.30%, 154, 0, 0, 640.00, 85597, 41926, 729.30%, 1867, 1867
1706881260, 5, 157, 276, 0, 0, 729.30%, 154, 0, 0, 671.10, 85704, 42021, 729.30%, 1867, 1867
1706881260, 5, 157, 276, 0, 0, 729.30%, 154, 0, 0, 696.67, 85807, 42127, 729.30%, 1867, 1867
1706881260, 5, 158, 276, 0, 0, 729.30%, 154, 0, 0, 684.39, 85909, 42231, 729.30%, 1867, 1867
1706881261, 5, 164, 276, 0, 0, 729.30%, 155, 0, 0, 746.67, 86031, 42333, 729.30%, 1867, 1867
1706881261, 5, 169, 276, 0, 0, 729.30%, 155, 0, 0, 686.67, 86162, 42408, 729.30%, 1867, 1867
1706881261, 5, 169, 276, 0, 0, 729.30%, 155, 0, 0, 666.67, 86294, 42476, 729.30%, 1867, 1867
1706881262, 5, 169, 276, 0, 0, 729.30%, 155, 0, 0, 684.39, 86445, 42531, 729.30%, 1867, 1867
1706881262, 5, 169, 276, 0, 0, 729.30%, 155, 0, 0, 643.33, 86582, 42587, 729.30%, 1867, 1867
1706881262, 5, 170, 276, 0, 0, 729.30%, 155, 0, 0, 680.00, 86729, 42644, 729.30%, 1867, 1867
1706881263, 5, 174, 276, 0, 0, 729.30%, 155, 0, 0, 637.99, 86840, 42711, 729.30%, 1867, 1867
