# unix_time, cycles_done, cur_path, paths_total, pending_total, pending_favs, map_size, unique_crashes, unique_hangs, max_depth, execs_per_sec, valid_inputs, invalid_inputs, valid_cov, all_covered_probes, valid_covered_probes
1705968992, 0, 0, 1, 0, 0, 353.52%, 0, 0, 0, 0.19, 1, 0, 353.52%, 905, 905
1705968992, 0, 0, 11, 0, 0, 731.64%, 0, 0, 0, 33.11, 11, 0, 731.64%, 1873, 1873
1705968992, 0, 0, 26, 0, 0, 751.56%, 2, 0, 0, 93.17, 36, 5, 736.72%, 1924, 1886
1705968992, 0, 0, 42, 0, 0, 759.77%, 7, 0, 0, 158.54, 74, 19, 738.67%, 1945, 1891
1705968993, 0, 0, 52, 0, 0, 764.06%, 9, 0, 0, 200.61, 128, 31, 740.63%, 1956, 1896
1705968993, 0, 0, 62, 0, 0, 772.27%, 12, 0, 0, 258.17, 190, 48, 741.02%, 1977, 1897
1705968993, 0, 0, 71, 0, 0, 776.17%, 15, 0, 0, 320.24, 272, 72, 741.41%, 1987, 1898
1705968994, 0, 0, 78, 0, 0, 778.91%, 16, 0, 0, 215.63, 321, 92, 741.41%, 1994, 1898
1705968994, 0, 0, 86, 0, 0, 781.64%, 17, 0, 0, 355.42, 410, 121, 744.92%, 2001, 1907
1705968994, 0, 0, 93, 0, 0, 782.42%, 18, 0, 0, 292.54, 486, 143, 745.70%, 2003, 1909
1705968995, 0, 0, 106, 0, 0, 784.38%, 18, 0, 0, 477.27, 602, 174, 745.70%, 2008, 1909
1705968995, 0, 0, 110, 0, 0, 785.55%, 19, 0, 0, 323.33, 671, 202, 746.09%, 2011, 1910
1705968995, 0, 0, 113, 0, 0, 785.55%, 20, 0, 0, 279.07, 736, 221, 746.09%, 2011, 1910
1705968996, 0, 0, 118, 0, 0, 787.11%, 20, 0, 0, 252.28, 794, 246, 746.48%, 2015, 1911
1705968996, 0, 0, 124, 0, 0, 787.11%, 23, 0, 0, 261.70, 889, 274, 746.48%, 2015, 1911
1705968996, 0, 0, 129, 0, 0, 787.50%, 23, 0, 0, 397.52, 992, 299, 746.88%, 2016, 1912
1705968997, 0, 0, 131, 0, 0, 787.89%, 24, 0, 0, 346.41, 1071, 326, 746.88%, 2017, 1912
1705968997, 0, 0, 142, 0, 0, 789.45%, 25, 0, 0, 618.64, 1236, 380, 746.88%, 2021, 1912
1705968997, 0, 0, 148, 0, 0, 789.45%, 25, 0, 0, 230.26, 1274, 412, 746.88%, 2021, 1912
1705968998, 0, 0, 150, 0, 0, 791.41%, 26, 0, 0, 405.49, 1373, 446, 746.88%, 2026, 1912
1705968998, 0, 0, 156, 0, 0, 791.80%, 27, 0, 0, 403.23, 1483, 486, 746.88%, 2027, 1912
1705968998, 0, 0, 156, 0, 0, 791.80%, 28, 0, 0, 231.84, 1548, 504, 746.88%, 2027, 1912
1705968999, 0, 0, 158, 0, 0, 791.80%, 30, 0, 0, 683.87, 1703, 561, 746.88%, 2027, 1912
1705968999, 0, 0, 160, 0, 0, 793.36%, 31, 0, 0, 560.91, 1854, 608, 746.88%, 2031, 1912
1705969000, 0, 0, 161, 0, 0, 793.36%, 35, 0, 0, 240.71, 1965, 646, 746.88%, 2031, 1912
1705969000, 0, 0, 165, 0, 0, 799.22%, 36, 0, 0, 538.21, 2094, 679, 761.72%, 2046, 1950
1705969000, 0, 0, 168, 0, 0, 799.61%, 37, 0, 0, 350.72, 2176, 718, 761.72%, 2047, 1950
1705969001, 0, 0, 174, 0, 0, 799.61%, 37, 0, 0, 671.97, 2339, 766, 762.11%, 2047, 1951
1705969001, 0, 0, 176, 0, 0, 800.00%, 37, 0, 0, 651.03, 2505, 822, 762.50%, 2048, 1952
1705969001, 0, 0, 180, 0, 0, 800.78%, 37, 0, 0, 903.03, 2733, 892, 762.89%, 2050, 1953
1705969002, 0, 0, 181, 0, 0, 801.95%, 38, 0, 0, 496.84, 2854, 928, 764.06%, 2053, 1956
1705969002, 0, 0, 182, 0, 0, 801.95%, 38, 0, 0, 731.27, 3086, 979, 764.06%, 2053, 1956
1705969002, 0, 0, 183, 0, 0, 801.95%, 38, 0, 0, 820.00, 3278, 1033, 764.06%, 2053, 1956
1705969003, 0, 0, 185, 0, 0, 801.95%, 39, 0, 0, 1089.40, 3535, 1105, 764.06%, 2053, 1956
1705969003, 0, 0, 187, 0, 0, 802.34%, 40, 0, 0, 464.18, 3663, 1139, 764.06%, 2054, 1956
1705969003, 0, 0, 188, 0, 0, 802.34%, 41, 0, 0, 677.69, 3855, 1193, 764.45%, 2054, 1957
1705969004, 0, 0, 189, 0, 0, 802.34%, 41, 0, 0, 653.47, 4001, 1245, 764.45%, 2054, 1957
1705969004, 0, 0, 194, 0, 0, 802.34%, 42, 0, 0, 549.87, 4157, 1304, 764.84%, 2054, 1958
1705969004, 0, 0, 195, 0, 0, 802.34%, 42, 0, 0, 573.67, 4300, 1344, 764.84%, 2054, 1958
1705969005, 0, 0, 197, 0, 0, 802.34%, 42, 0, 0, 69.37, 4333, 1352, 764.84%, 2054, 1958
1705969005, 0, 0, 198, 0, 0, 803.52%, 43, 0, 0, 1103.33, 4578, 1438, 764.84%, 2057, 1958
1705969006, 0, 0, 202, 0, 0, 803.52%, 43, 0, 0, 882.86, 4821, 1504, 764.84%, 2057, 1958
1705969006, 0, 0, 205, 0, 0, 803.91%, 44, 0, 0, 1360.36, 5179, 1599, 765.23%, 2058, 1959
1705969006, 0, 0, 206, 0, 0, 803.91%, 45, 0, 0, 880.00, 5375, 1667, 765.23%, 2058, 1959
1705969007, 0, 0, 210, 0, 0, 803.91%, 49, 0, 0, 1513.33, 5730, 1766, 766.80%, 2058, 1963
1705969007, 0, 0, 212, 0, 0, 803.91%, 49, 0, 0, 1072.07, 6005, 1848, 767.19%, 2058, 1964
1705969007, 0, 0, 212, 0, 0, 803.91%, 49, 0, 0, 1154.70, 6335, 1936, 767.19%, 2058, 1964
1705969008, 0, 0, 213, 0, 0, 803.91%, 50, 0, 0, 1402.99, 6680, 2061, 767.58%, 2058, 1965
1705969008, 0, 0, 214, 0, 0, 803.91%, 51, 0, 0, 314.23, 6791, 2098, 767.58%, 2058, 1965
1705969008, 0, 0, 216, 0, 0, 804.30%, 52, 0, 0, 1433.33, 7121, 2198, 767.97%, 2059, 1966
1705969009, 0, 0, 218, 0, 0, 804.69%, 56, 0, 0, 1666.67, 7496, 2323, 767.97%, 2060, 1966
1705969009, 0, 0, 221, 0, 0, 804.69%, 56, 0, 0, 1767.65, 7977, 2443, 767.97%, 2060, 1966
1705969009, 0, 0, 224, 0, 0, 805.47%, 58, 0, 0, 891.60, 8233, 2516, 767.97%, 2062, 1966
1705969010, 0, 0, 224, 0, 0, 805.47%, 61, 0, 0, 1887.82, 8678, 2660, 767.97%, 2062, 1966
1705969010, 0, 0, 225, 0, 0, 805.47%, 62, 0, 0, 504.99, 8879, 2712, 767.97%, 2062, 1966
1705969011, 0, 0, 227, 0, 0, 805.47%, 63, 0, 0, 1323.33, 9169, 2819, 767.97%, 2062, 1966
1705969011, 0, 0, 228, 0, 0, 805.47%, 63, 0, 0, 1136.67, 9430, 2899, 767.97%, 2062, 1966
1705969011, 0, 0, 230, 0, 0, 805.47%, 63, 0, 0, 1743.33, 9815, 3037, 767.97%, 2062, 1966
1705969011, 0, 0, 231, 0, 0, 805.47%, 64, 0, 0, 1447.37, 10163, 3129, 767.97%, 2062, 1966
1705969012, 0, 0, 233, 0, 0, 805.86%, 65, 0, 0, 1333.33, 10460, 3232, 767.97%, 2063, 1966
1705969012, 0, 0, 234, 0, 0, 805.86%, 65, 0, 0, 1235.82, 10795, 3311, 767.97%, 2063, 1966
1705969012, 0, 0, 236, 0, 0, 805.86%, 65, 0, 0, 1019.72, 11068, 3400, 767.97%, 2063, 1966
1705969013, 0, 0, 236, 0, 0, 805.86%, 65, 0, 0, 1496.67, 11416, 3501, 767.97%, 2063, 1966
1705969013, 0, 0, 240, 0, 0, 805.86%, 66, 0, 0, 1933.33, 11873, 3624, 767.97%, 2063, 1966
1705969013, 0, 0, 241, 0, 0, 805.86%, 67, 0, 0, 2069.31, 12368, 3756, 767.97%, 2063, 1966
1705969014, 0, 0, 247, 0, 0, 806.25%, 69, 0, 0, 1973.89, 12944, 3936, 768.36%, 2064, 1967
1705969014, 0, 0, 247, 0, 0, 806.25%, 70, 0, 0, 733.33, 13117, 3983, 768.36%, 2064, 1967
1705969014, 0, 0, 251, 0, 0, 806.25%, 70, 0, 0, 3693.33, 13970, 4238, 768.36%, 2064, 1967
1705969015, 0, 0, 253, 0, 0, 806.25%, 71, 0, 0, 3380.00, 14759, 4463, 769.14%, 2064, 1969
1705969015, 0, 0, 254, 0, 0, 806.25%, 72, 0, 0, 2683.33, 15345, 4682, 769.14%, 2064, 1969
1705969016, 0, 0, 255, 0, 0, 806.64%, 72, 0, 0, 395.89, 15537, 4760, 769.14%, 2065, 1969
1705969016, 0, 0, 257, 0, 0, 806.64%, 72, 0, 0, 2875.40, 16218, 4979, 769.53%, 2065, 1970
1705969016, 0, 0, 261, 0, 0, 808.98%, 73, 0, 0, 1776.67, 16624, 5106, 769.53%, 2071, 1970
1705969016, 0, 0, 261, 0, 0, 808.98%, 74, 0, 0, 1340.00, 16920, 5212, 769.53%, 2071, 1970
1705969017, 0, 0, 261, 0, 0, 808.98%, 74, 0, 0, 836.31, 17147, 5266, 769.53%, 2071, 1970
1705969017, 0, 0, 262, 0, 0, 808.98%, 74, 0, 0, 3669.81, 18036, 5544, 769.53%, 2071, 1970
1705969017, 0, 0, 263, 0, 0, 808.98%, 75, 0, 0, 2211.48, 18593, 5719, 769.53%, 2071, 1970
1705969018, 0, 0, 264, 0, 0, 808.98%, 75, 0, 0, 1297.69, 18941, 5820, 769.53%, 2071, 1970
1705969018, 0, 0, 264, 0, 0, 808.98%, 75, 0, 0, 569.48, 19093, 5877, 769.53%, 2071, 1970
1705969018, 0, 0, 264, 0, 0, 808.98%, 75, 0, 0, 1750.00, 19499, 5996, 769.53%, 2071, 1970
1705969019, 0, 0, 265, 0, 0, 808.98%, 76, 0, 0, 1507.94, 19848, 6122, 769.53%, 2071, 1970
1705969019, 0, 0, 267, 0, 0, 808.98%, 77, 0, 0, 1923.32, 20316, 6256, 771.09%, 2071, 1974
1705969020, 0, 0, 267, 0, 0, 808.98%, 77, 0, 0, 503.97, 20606, 6347, 771.09%, 2071, 1974
1705969020, 0, 0, 269, 0, 0, 808.98%, 79, 0, 0, 1786.14, 21061, 6485, 771.09%, 2071, 1974
1705969021, 0, 0, 269, 0, 0, 808.98%, 79, 0, 0, 931.77, 21399, 6584, 771.09%, 2071, 1974
1705969021, 0, 0, 269, 0, 0, 808.98%, 81, 0, 0, 3668.87, 22227, 6864, 771.09%, 2071, 1974
1705969021, 0, 0, 269, 0, 0, 808.98%, 81, 0, 0, 86.35, 22261, 6873, 771.09%, 2071, 1974
1705969022, 0, 0, 269, 0, 0, 808.98%, 83, 0, 0, 2842.90, 22976, 7099, 771.09%, 2071, 1974
1705969022, 0, 0, 269, 0, 0, 808.98%, 84, 0, 0, 3039.87, 23671, 7319, 771.09%, 2071, 1974
1705969022, 0, 0, 269, 0, 0, 808.98%, 85, 0, 0, 1481.05, 24068, 7430, 771.09%, 2071, 1974
1705969023, 0, 0, 269, 0, 0, 808.98%, 85, 0, 0, 2453.33, 24613, 7621, 771.09%, 2071, 1974
1705969023, 0, 0, 269, 0, 0, 808.98%, 85, 0, 0, 2750.00, 25240, 7819, 771.09%, 2071, 1974
1705969023, 0, 0, 270, 0, 0, 808.98%, 86, 0, 0, 1716.67, 25647, 7927, 772.27%, 2071, 1977
1705969024, 0, 0, 270, 0, 0, 808.98%, 86, 0, 0, 1753.33, 26056, 8044, 772.27%, 2071, 1977
1705969024, 0, 0, 270, 0, 0, 808.98%, 86, 0, 0, 2320.00, 26590, 8206, 772.27%, 2071, 1977
1705969024, 0, 0, 271, 0, 0, 808.98%, 87, 0, 0, 1486.67, 26938, 8304, 772.27%, 2071, 1977
1705969025, 0, 0, 271, 0, 0, 808.98%, 87, 0, 0, 823.61, 27391, 8444, 772.27%, 2071, 1977
1705969025, 0, 0, 271, 0, 0, 808.98%, 88, 0, 0, 2349.67, 27937, 8617, 772.27%, 2071, 1977
1705969026, 0, 0, 271, 0, 0, 808.98%, 90, 0, 0, 4223.33, 28901, 8920, 772.27%, 2071, 1977
1705969026, 0, 0, 272, 0, 0, 808.98%, 91, 0, 0, 4030.00, 29804, 9226, 772.27%, 2071, 1977
1705969026, 0, 0, 272, 0, 0, 808.98%, 94, 0, 0, 2653.33, 30424, 9402, 772.27%, 2071, 1977
1705969026, 0, 0, 273, 0, 0, 808.98%, 94, 0, 0, 4096.67, 31365, 9690, 772.27%, 2071, 1977
1705969027, 0, 0, 274, 0, 0, 808.98%, 94, 0, 0, 3299.67, 32136, 9932, 772.27%, 2071, 1977
1705969027, 0, 0, 274, 0, 0, 808.98%, 94, 0, 0, 468.45, 32279, 9982, 772.27%, 2071, 1977
1705969028, 0, 0, 274, 0, 0, 808.98%, 95, 0, 0, 487.65, 32391, 10028, 772.27%, 2071, 1977
1705969028, 0, 0, 274, 0, 0, 808.98%, 96, 0, 0, 1180.06, 32672, 10114, 772.27%, 2071, 1977
1705969028, 0, 0, 276, 0, 0, 808.98%, 96, 0, 0, 2560.00, 33264, 10290, 772.66%, 2071, 1978
1705969029, 0, 0, 276, 0, 0, 808.98%, 96, 0, 0, 396.58, 33462, 10347, 772.66%, 2071, 1978
1705969029, 0, 0, 276, 0, 0, 808.98%, 97, 0, 0, 2185.67, 33981, 10499, 772.66%, 2071, 1978
1705969029, 0, 0, 278, 0, 0, 808.98%, 99, 0, 0, 3410.00, 34777, 10726, 772.66%, 2071, 1978
1705969030, 0, 0, 278, 0, 0, 808.98%, 99, 0, 0, 79.65, 34809, 10739, 772.66%, 2071, 1978
1705969030, 0, 0, 280, 0, 0, 808.98%, 99, 0, 0, 1768.25, 35235, 10870, 772.66%, 2071, 1978
1705969031, 0, 0, 280, 0, 0, 808.98%, 100, 0, 0, 3616.67, 36066, 11124, 772.66%, 2071, 1978
1705969031, 0, 0, 281, 0, 0, 808.98%, 100, 0, 0, 238.31, 36151, 11146, 772.66%, 2071, 1978
1705969031, 0, 0, 281, 0, 0, 808.98%, 101, 0, 0, 3237.80, 36955, 11404, 772.66%, 2071, 1978
1705969032, 0, 0, 281, 0, 0, 808.98%, 101, 0, 0, 846.91, 37420, 11542, 772.66%, 2071, 1978
1705969032, 0, 0, 281, 0, 0, 808.98%, 101, 0, 0, 2966.67, 38089, 11763, 772.66%, 2071, 1978
1705969033, 0, 0, 282, 0, 0, 810.55%, 102, 0, 0, 2830.00, 38746, 11955, 772.66%, 2075, 1978
1705969034, 0, 0, 282, 0, 0, 810.55%, 102, 0, 0, 484.16, 39122, 12068, 772.66%, 2075, 1978
1705969034, 0, 0, 282, 0, 0, 810.55%, 103, 0, 0, 4070.00, 40037, 12374, 772.66%, 2075, 1978
1705969035, 0, 0, 282, 0, 0, 810.55%, 105, 0, 0, 1504.78, 40776, 12580, 772.66%, 2075, 1978
1705969035, 0, 0, 283, 0, 0, 810.55%, 105, 0, 0, 3360.00, 41545, 12819, 772.66%, 2075, 1978
1705969036, 0, 0, 284, 0, 0, 810.55%, 107, 0, 0, 1496.36, 42476, 13121, 772.66%, 2075, 1978
1705969036, 0, 0, 284, 0, 0, 810.55%, 108, 0, 0, 2258.06, 43183, 13324, 772.66%, 2075, 1978
1705969036, 0, 0, 284, 0, 0, 810.55%, 108, 0, 0, 4633.33, 44245, 13652, 772.66%, 2075, 1978
1705969037, 0, 0, 284, 0, 0, 810.55%, 108, 0, 0, 47.77, 44267, 13660, 772.66%, 2075, 1978
1705969037, 0, 0, 284, 0, 0, 810.55%, 108, 0, 0, 2280.00, 44773, 13838, 772.66%, 2075, 1978
1705969038, 0, 0, 284, 0, 0, 810.55%, 108, 0, 0, 3116.67, 45504, 14042, 772.66%, 2075, 1978
1705969038, 0, 0, 284, 0, 0, 810.55%, 110, 0, 0, 1736.67, 45906, 14161, 772.66%, 2075, 1978
1705969038, 0, 0, 285, 0, 0, 810.94%, 110, 0, 0, 1205.98, 46178, 14252, 772.66%, 2076, 1978
1705969039, 0, 0, 285, 0, 0, 810.94%, 110, 0, 0, 541.86, 46355, 14308, 772.66%, 2076, 1978
1705969039, 0, 0, 285, 0, 0, 810.94%, 110, 0, 0, 4646.67, 47439, 14618, 772.66%, 2076, 1978
1705969039, 0, 0, 285, 0, 0, 810.94%, 110, 0, 0, 4483.33, 48461, 14941, 772.66%, 2076, 1978
1705969040, 0, 0, 286, 0, 0, 810.94%, 111, 0, 0, 2950.00, 49123, 15164, 772.66%, 2076, 1978
1705969040, 0, 0, 286, 0, 0, 810.94%, 112, 0, 0, 5310.00, 50342, 15538, 772.66%, 2076, 1978
1705969040, 0, 0, 288, 0, 0, 810.94%, 113, 0, 0, 4426.67, 51368, 15840, 772.66%, 2076, 1978
1705969040, 0, 0, 288, 0, 0, 810.94%, 113, 0, 0, 4453.33, 52391, 16153, 772.66%, 2076, 1978
1705969041, 0, 0, 289, 0, 0, 810.94%, 114, 0, 0, 1653.33, 52763, 16277, 772.66%, 2076, 1978
1705969041, 0, 0, 289, 0, 0, 810.94%, 114, 0, 0, 4670.00, 53812, 16629, 772.66%, 2076, 1978
1705969041, 0, 0, 289, 0, 0, 810.94%, 114, 0, 0, 2915.30, 54611, 16897, 772.66%, 2076, 1978
1705969042, 0, 0, 289, 0, 0, 810.94%, 114, 0, 0, 305.92, 54682, 16919, 772.66%, 2076, 1978
1705969042, 0, 0, 289, 0, 0, 810.94%, 114, 0, 0, 221.15, 54735, 16935, 772.66%, 2076, 1978
1705969042, 0, 0, 289, 0, 0, 810.94%, 114, 0, 0, 333.33, 54822, 16963, 772.66%, 2076, 1978
1705969043, 0, 0, 289, 0, 0, 810.94%, 114, 0, 0, 182.72, 54863, 16977, 772.66%, 2076, 1978
1705969044, 0, 0, 289, 0, 0, 810.94%, 115, 0, 0, 99.18, 54926, 16999, 772.66%, 2076, 1978
1705969044, 0, 0, 289, 0, 0, 810.94%, 115, 0, 0, 1103.33, 55180, 17076, 772.66%, 2076, 1978
1705969044, 0, 0, 290, 0, 0, 810.94%, 115, 0, 0, 314.70, 55294, 17114, 772.66%, 2076, 1978
1705969045, 0, 0, 290, 0, 0, 810.94%, 115, 0, 0, 39.44, 55305, 17120, 772.66%, 2076, 1978
1705969045, 0, 0, 290, 0, 0, 810.94%, 115, 0, 0, 372.43, 55395, 17157, 772.66%, 2076, 1978
1705969046, 0, 0, 290, 0, 0, 810.94%, 115, 0, 0, 195.43, 55453, 17176, 772.66%, 2076, 1978
1705969046, 0, 0, 290, 0, 0, 810.94%, 115, 0, 0, 139.24, 55491, 17193, 772.66%, 2076, 1978
1705969046, 0, 0, 290, 0, 0, 810.94%, 115, 0, 0, 389.28, 55615, 17236, 772.66%, 2076, 1978
1705969048, 0, 0, 290, 0, 0, 810.94%, 115, 0, 0, 56.71, 55687, 17251, 772.66%, 2076, 1978
1705969048, 0, 0, 290, 0, 0, 810.94%, 115, 0, 0, 1.69, 55688, 17251, 772.66%, 2076, 1978
1705969049, 0, 0, 290, 0, 0, 810.94%, 115, 0, 0, 200.00, 55743, 17271, 772.66%, 2076, 1978
1705969049, 0, 0, 290, 0, 0, 810.94%, 115, 0, 0, 1.64, 55744, 17271, 772.66%, 2076, 1978
1705969050, 0, 0, 290, 0, 0, 810.94%, 115, 0, 0, 153.63, 55783, 17287, 772.66%, 2076, 1978
1705969050, 0, 0, 290, 0, 0, 810.94%, 115, 0, 0, 49.75, 55797, 17293, 772.66%, 2076, 1978
1705969051, 0, 0, 290, 0, 0, 810.94%, 115, 0, 0, 219.67, 55855, 17302, 772.66%, 2076, 1978
1705969051, 0, 0, 290, 0, 0, 810.94%, 115, 0, 0, 1.23, 55856, 17302, 772.66%, 2076, 1978
1705969052, 0, 0, 290, 0, 0, 810.94%, 115, 0, 0, 1.84, 55857, 17303, 772.66%, 2076, 1978
1705969053, 0, 0, 290, 0, 0, 810.94%, 115, 0, 0, 31.71, 55865, 17308, 772.66%, 2076, 1978
1705969053, 0, 0, 290, 0, 0, 810.94%, 115, 0, 0, 144.51, 55908, 17315, 772.66%, 2076, 1978
1705969054, 0, 0, 290, 0, 0, 810.94%, 115, 0, 0, 190.48, 55958, 17333, 772.66%, 2076, 1978
1705969054, 0, 0, 290, 0, 0, 810.94%, 115, 0, 0, 1.63, 55959, 17333, 772.66%, 2076, 1978
1705969056, 0, 0, 290, 0, 0, 810.94%, 115, 0, 0, 8.44, 55968, 17336, 772.66%, 2076, 1978
1705969063, 0, 0, 290, 0, 0, 810.94%, 115, 0, 0, 0.14, 55968, 17337, 772.66%, 2076, 1978
1705969063, 0, 0, 290, 0, 0, 810.94%, 115, 0, 0, 179.82, 56025, 17362, 772.66%, 2076, 1978
1705969064, 0, 0, 290, 0, 0, 810.94%, 115, 0, 0, 59.34, 56063, 17371, 772.66%, 2076, 1978
1705969065, 0, 0, 290, 0, 0, 810.94%, 115, 0, 0, 58.25, 56085, 17379, 772.66%, 2076, 1978
1705969065, 0, 0, 290, 0, 0, 810.94%, 115, 0, 0, 69.80, 56126, 17390, 772.66%, 2076, 1978
1705969067, 0, 0, 290, 0, 0, 810.94%, 115, 0, 0, 0.73, 56127, 17390, 772.66%, 2076, 1978
1705969068, 0, 0, 290, 0, 0, 810.94%, 115, 0, 0, 85.13, 56204, 17408, 772.66%, 2076, 1978
1705969068, 0, 0, 290, 0, 0, 810.94%, 115, 0, 0, 2.20, 56205, 17408, 772.66%, 2076, 1978
1705969069, 0, 0, 290, 0, 0, 810.94%, 115, 0, 0, 61.30, 56237, 17424, 772.66%, 2076, 1978
1705969070, 0, 0, 290, 0, 0, 810.94%, 115, 0, 0, 46.06, 56274, 17432, 772.66%, 2076, 1978
1705969071, 0, 0, 290, 0, 0, 810.94%, 115, 0, 0, 0.99, 56275, 17432, 772.66%, 2076, 1978
1705969073, 0, 0, 291, 0, 0, 810.94%, 115, 0, 0, 3.95, 56280, 17434, 772.66%, 2076, 1978
1705969076, 0, 0, 291, 0, 0, 810.94%, 115, 0, 0, 0.36, 56281, 17434, 772.66%, 2076, 1978
1705969076, 0, 0, 291, 0, 0, 810.94%, 115, 0, 0, 2.02, 56281, 17435, 772.66%, 2076, 1978
1705969077, 0, 0, 291, 0, 0, 810.94%, 115, 0, 0, 94.89, 56306, 17449, 772.66%, 2076, 1978
1705969077, 0, 0, 291, 0, 0, 810.94%, 115, 0, 0, 5.80, 56309, 17450, 772.66%, 2076, 1978
1705969078, 0, 0, 291, 0, 0, 810.94%, 115, 0, 0, 0.85, 56310, 17450, 772.66%, 2076, 1978
1705969080, 0, 0, 291, 0, 0, 810.94%, 115, 0, 0, 0.91, 56311, 17450, 772.66%, 2076, 1978
1705969080, 0, 0, 291, 0, 0, 810.94%, 115, 0, 0, 28.32, 56324, 17456, 772.66%, 2076, 1978
1705969081, 0, 0, 291, 0, 0, 810.94%, 115, 0, 0, 24.00, 56342, 17459, 772.66%, 2076, 1978
1705969083, 0, 0, 291, 0, 0, 810.94%, 115, 0, 0, 70.75, 56472, 17493, 772.66%, 2076, 1978
1705969084, 0, 0, 291, 0, 0, 810.94%, 115, 0, 0, 1.61, 56473, 17493, 772.66%, 2076, 1978
1705969132, 0, 0, 291, 0, 0, 810.94%, 116, 0, 0, 7.54, 56739, 17586, 772.66%, 2076, 1978
1705969138, 0, 0, 291, 0, 0, 810.94%, 116, 0, 0, 0.16, 56739, 17587, 772.66%, 2076, 1978
1705969138, 0, 0, 291, 0, 0, 810.94%, 116, 0, 0, 1.91, 56740, 17587, 772.66%, 2076, 1978
1705969140, 0, 0, 291, 0, 0, 810.94%, 116, 0, 0, 0.79, 56740, 17588, 772.66%, 2076, 1978
1705969140, 0, 0, 291, 0, 0, 810.94%, 116, 0, 0, 1.45, 56740, 17589, 772.66%, 2076, 1978
1705969143, 0, 0, 291, 0, 0, 810.94%, 116, 0, 0, 0.41, 56741, 17589, 772.66%, 2076, 1978
1705969145, 0, 0, 291, 0, 0, 810.94%, 116, 0, 0, 0.43, 56742, 17589, 772.66%, 2076, 1978
1705969150, 0, 0, 291, 0, 0, 810.94%, 116, 0, 0, 0.21, 56743, 17589, 772.66%, 2076, 1978
1705969154, 0, 0, 291, 0, 0, 810.94%, 116, 0, 0, 0.23, 56744, 17589, 772.66%, 2076, 1978
1705969159, 0, 0, 291, 0, 0, 810.94%, 116, 0, 0, 0.23, 56745, 17589, 772.66%, 2076, 1978
1705969160, 0, 0, 291, 0, 0, 810.94%, 116, 0, 0, 0.62, 56746, 17589, 772.66%, 2076, 1978
1705969162, 0, 0, 291, 0, 0, 810.94%, 116, 0, 0, 0.49, 56747, 17589, 772.66%, 2076, 1978
1705969164, 0, 0, 291, 0, 0, 810.94%, 116, 0, 0, 0.83, 56748, 17589, 772.66%, 2076, 1978
1705969166, 0, 0, 291, 0, 0, 810.94%, 116, 0, 0, 0.44, 56749, 17589, 772.66%, 2076, 1978
1705969175, 0, 0, 291, 0, 0, 810.94%, 117, 0, 0, 6.92, 56797, 17606, 772.66%, 2076, 1978
1705969176, 0, 0, 291, 0, 0, 810.94%, 117, 0, 0, 5653.33, 58093, 18006, 772.66%, 2076, 1978
1705969179, 0, 0, 291, 0, 0, 810.94%, 117, 0, 0, 0.34, 58094, 18006, 772.66%, 2076, 1978
1705969192, 0, 0, 292, 0, 0, 810.94%, 117, 0, 0, 32.98, 58415, 18114, 773.05%, 2076, 1979
1705969203, 0, 0, 293, 0, 0, 810.94%, 117, 0, 0, 23.88, 58618, 18184, 773.05%, 2076, 1979
1705969207, 0, 0, 293, 0, 0, 810.94%, 118, 0, 0, 38.03, 58753, 18212, 773.05%, 2076, 1979
1705969211, 0, 0, 294, 0, 0, 810.94%, 118, 0, 0, 361.19, 59694, 18481, 773.05%, 2076, 1979
1705969211, 0, 0, 295, 0, 0, 810.94%, 118, 0, 0, 166.67, 59790, 18513, 773.05%, 2076, 1979
1705969214, 0, 0, 296, 0, 0, 810.94%, 118, 0, 0, 101.67, 59985, 18567, 773.44%, 2076, 1980
1705969215, 0, 0, 296, 0, 0, 810.94%, 119, 0, 0, 181.42, 60101, 18617, 773.44%, 2076, 1980
1705969215, 0, 0, 296, 0, 0, 810.94%, 119, 0, 0, 2663.33, 60714, 18803, 773.44%, 2076, 1980
1705969215, 0, 0, 296, 0, 0, 810.94%, 119, 0, 0, 1650.00, 61088, 18924, 773.44%, 2076, 1980
1705969218, 0, 0, 296, 0, 0, 810.94%, 120, 0, 0, 49.70, 61199, 18960, 773.44%, 2076, 1980
1705969227, 0, 0, 296, 0, 0, 810.94%, 121, 0, 0, 104.86, 61846, 19166, 773.44%, 2076, 1980
1705969236, 0, 0, 297, 0, 0, 810.94%, 121, 0, 0, 153.33, 62964, 19537, 773.44%, 2076, 1980
1705969237, 0, 0, 297, 0, 0, 810.94%, 122, 0, 0, 395.70, 63188, 19626, 773.44%, 2076, 1980
1705969241, 0, 0, 298, 0, 0, 810.94%, 122, 0, 0, 161.29, 63644, 19755, 773.44%, 2076, 1980
1705969242, 0, 0, 298, 0, 0, 810.94%, 123, 0, 0, 1435.61, 64630, 20051, 773.44%, 2076, 1980
1705969245, 0, 0, 298, 0, 0, 810.94%, 124, 0, 0, 102.77, 64937, 20130, 773.44%, 2076, 1980
1705969247, 0, 0, 298, 0, 0, 810.94%, 125, 0, 0, 233.73, 65272, 20226, 773.44%, 2076, 1980
1705969249, 0, 0, 298, 0, 0, 810.94%, 126, 0, 0, 895.35, 66440, 20598, 773.44%, 2076, 1980
1705969249, 0, 0, 298, 0, 0, 810.94%, 126, 0, 0, 3883.33, 67332, 20871, 773.44%, 2076, 1980
1705969250, 0, 0, 299, 0, 0, 810.94%, 127, 0, 0, 666.01, 67877, 20998, 773.44%, 2076, 1980
1705969250, 0, 0, 300, 0, 0, 810.94%, 127, 0, 0, 480.00, 67983, 21036, 773.83%, 2076, 1981
1705969251, 0, 0, 301, 0, 0, 810.94%, 127, 0, 0, 116.28, 68058, 21066, 773.83%, 2076, 1981
1705969252, 0, 0, 301, 0, 0, 810.94%, 127, 0, 0, 3490.00, 68868, 21303, 773.83%, 2076, 1981
1705969252, 0, 0, 301, 0, 0, 810.94%, 127, 0, 0, 3.26, 68869, 21303, 773.83%, 2076, 1981
1705969252, 0, 0, 301, 0, 0, 810.94%, 128, 0, 0, 2085.16, 69525, 21504, 773.83%, 2076, 1981
1705969253, 0, 0, 301, 0, 0, 810.94%, 129, 0, 0, 820.78, 70088, 21660, 773.83%, 2076, 1981
1705969254, 0, 0, 302, 0, 0, 810.94%, 129, 0, 0, 1653.96, 70513, 21799, 773.83%, 2076, 1981
1705969257, 0, 0, 303, 0, 0, 810.94%, 129, 0, 0, 174.48, 70961, 21935, 773.83%, 2076, 1981
1705969257, 0, 0, 303, 0, 0, 810.94%, 130, 0, 0, 1724.60, 71451, 22090, 773.83%, 2076, 1981
1705969258, 0, 0, 303, 0, 0, 810.94%, 130, 0, 0, 2193.33, 71961, 22238, 773.83%, 2076, 1981
1705969258, 0, 0, 303, 0, 0, 810.94%, 131, 0, 0, 779.60, 72430, 22388, 773.83%, 2076, 1981
1705969259, 0, 0, 303, 0, 0, 810.94%, 132, 0, 0, 409.64, 72549, 22439, 773.83%, 2076, 1981
1705969259, 0, 0, 303, 0, 0, 810.94%, 132, 0, 0, 1800.62, 72984, 22582, 773.83%, 2076, 1981
1705969259, 0, 0, 303, 0, 0, 810.94%, 133, 0, 0, 233.97, 73042, 22597, 773.83%, 2076, 1981
1705969260, 0, 0, 303, 0, 0, 810.94%, 133, 0, 0, 698.36, 73202, 22650, 773.83%, 2076, 1981
1705969260, 0, 0, 303, 0, 0, 810.94%, 133, 0, 0, 2580.00, 73799, 22827, 773.83%, 2076, 1981
1705969260, 0, 0, 303, 0, 0, 810.94%, 133, 0, 0, 146.18, 73832, 22838, 773.83%, 2076, 1981
1705969261, 0, 0, 303, 0, 0, 810.94%, 133, 0, 0, 71.90, 73848, 22844, 773.83%, 2076, 1981
1705969261, 0, 0, 303, 0, 0, 810.94%, 133, 0, 0, 123.33, 73872, 22857, 773.83%, 2076, 1981
1705969261, 0, 0, 303, 0, 0, 810.94%, 133, 0, 0, 528.05, 73992, 22897, 773.83%, 2076, 1981
1705969262, 0, 0, 303, 0, 0, 810.94%, 133, 0, 0, 190.33, 74042, 22910, 773.83%, 2076, 1981
1705969262, 0, 0, 303, 0, 0, 810.94%, 133, 0, 0, 917.22, 74264, 22965, 773.83%, 2076, 1981
1705969262, 0, 0, 303, 0, 0, 810.94%, 133, 0, 0, 826.67, 74449, 23028, 773.83%, 2076, 1981
1705969265, 0, 0, 303, 0, 0, 810.94%, 134, 0, 0, 448.87, 75306, 23308, 773.83%, 2076, 1981
1705969265, 0, 0, 304, 0, 0, 810.94%, 134, 0, 0, 4570.00, 76341, 23644, 773.83%, 2076, 1981
1705969265, 0, 0, 304, 0, 0, 810.94%, 134, 0, 0, 4740.00, 77446, 23961, 773.83%, 2076, 1981
1705969268, 0, 0, 304, 0, 0, 810.94%, 135, 0, 0, 117.70, 77658, 24033, 773.83%, 2076, 1981
1705969268, 0, 0, 305, 0, 0, 812.11%, 135, 0, 0, 492.81, 77870, 24095, 773.83%, 2079, 1981
1705969269, 0, 0, 305, 0, 0, 812.11%, 135, 0, 0, 6073.33, 79265, 24522, 773.83%, 2079, 1981
1705969270, 0, 0, 306, 0, 0, 812.11%, 135, 0, 0, 960.35, 80206, 24792, 773.83%, 2079, 1981
1705969270, 0, 0, 306, 0, 0, 812.11%, 135, 0, 0, 5396.67, 81450, 25167, 773.83%, 2079, 1981
1705969271, 0, 0, 306, 0, 0, 812.11%, 136, 0, 0, 165.73, 81522, 25183, 773.83%, 2079, 1981
1705969271, 0, 0, 306, 0, 0, 812.11%, 137, 0, 0, 2017.08, 82710, 25530, 773.83%, 2079, 1981
1705969272, 0, 0, 306, 0, 0, 812.11%, 137, 0, 0, 3626.67, 83538, 25790, 773.83%, 2079, 1981
1705969272, 0, 0, 306, 0, 0, 812.11%, 137, 0, 0, 5130.00, 84740, 26127, 773.83%, 2079, 1981
1705969272, 0, 0, 306, 0, 0, 812.11%, 137, 0, 0, 5510.00, 86022, 26498, 773.83%, 2079, 1981
1705969274, 0, 0, 306, 0, 0, 812.11%, 138, 0, 0, 41.44, 86058, 26508, 773.83%, 2079, 1981
1705969274, 0, 0, 306, 0, 0, 812.11%, 139, 0, 0, 700.00, 86553, 26664, 773.83%, 2079, 1981
1705969275, 0, 0, 306, 0, 0, 812.11%, 140, 0, 0, 1984.57, 87054, 26806, 773.83%, 2079, 1981
1705969275, 0, 0, 306, 0, 0, 812.11%, 142, 0, 0, 932.74, 87453, 26934, 773.83%, 2079, 1981
1705969276, 0, 0, 307, 0, 0, 812.11%, 142, 0, 0, 5120.00, 88646, 27277, 774.22%, 2079, 1982
1705969276, 0, 0, 309, 0, 0, 812.11%, 142, 0, 0, 1863.33, 89083, 27399, 774.61%, 2079, 1983
1705969276, 0, 0, 309, 0, 0, 812.11%, 142, 0, 0, 5016.67, 90232, 27755, 774.61%, 2079, 1983
1705969277, 0, 0, 309, 0, 0, 812.11%, 143, 0, 0, 4050.00, 91163, 28039, 774.61%, 2079, 1983
1705969277, 0, 0, 309, 0, 0, 812.11%, 145, 0, 0, 765.08, 91626, 28172, 774.61%, 2079, 1983
1705969278, 0, 0, 309, 0, 0, 812.11%, 146, 0, 0, 1890.00, 92076, 28289, 774.61%, 2079, 1983
1705969278, 0, 0, 309, 0, 0, 812.11%, 147, 0, 0, 2913.62, 92753, 28489, 774.61%, 2079, 1983
1705969278, 0, 0, 309, 0, 0, 812.11%, 147, 0, 0, 4700.00, 93829, 28823, 774.61%, 2079, 1983
1705969279, 0, 0, 309, 0, 0, 812.11%, 148, 0, 0, 569.89, 94075, 28895, 774.61%, 2079, 1983
1705969279, 0, 0, 309, 0, 0, 812.11%, 148, 0, 0, 5016.67, 95243, 29232, 774.61%, 2079, 1983
1705969280, 0, 0, 310, 0, 0, 813.67%, 148, 0, 0, 115.45, 95359, 29249, 776.17%, 2083, 1987
1705969281, 0, 0, 310, 0, 0, 813.67%, 149, 0, 0, 558.35, 95557, 29295, 776.17%, 2083, 1987
1705969281, 0, 0, 310, 0, 0, 813.67%, 149, 0, 0, 4640.00, 96643, 29601, 776.17%, 2083, 1987
1705969281, 0, 0, 310, 0, 0, 813.67%, 149, 0, 0, 2033.33, 97113, 29741, 776.17%, 2083, 1987
1705969282, 0, 0, 312, 0, 0, 813.67%, 149, 0, 0, 4593.33, 98159, 30073, 776.17%, 2083, 1987
1705969282, 0, 0, 312, 0, 0, 813.67%, 149, 0, 0, 2.08, 98160, 30073, 776.17%, 2083, 1987
1705969282, 0, 0, 312, 0, 0, 813.67%, 150, 0, 0, 974.03, 98385, 30148, 776.17%, 2083, 1987
1705969284, 0, 0, 313, 0, 0, 814.06%, 150, 0, 0, 460.67, 98896, 30293, 776.17%, 2084, 1987
1705969284, 0, 0, 313, 0, 0, 814.06%, 150, 0, 0, 5660.00, 100187, 30700, 776.17%, 2084, 1987
1705969284, 0, 0, 314, 0, 0, 814.06%, 150, 0, 0, 664.35, 100395, 30779, 776.17%, 2084, 1987
1705969285, 0, 0, 314, 0, 0, 814.06%, 151, 0, 0, 4593.33, 101446, 31106, 776.17%, 2084, 1987
1705969285, 0, 0, 314, 0, 0, 814.06%, 151, 0, 0, 4916.67, 102582, 31445, 776.17%, 2084, 1987
1705969286, 0, 0, 315, 0, 0, 814.84%, 151, 0, 0, 303.15, 102802, 31523, 776.17%, 2086, 1987
1705969287, 0, 0, 316, 0, 0, 814.84%, 151, 0, 0, 1632.49, 103870, 31872, 776.17%, 2086, 1987
1705969287, 0, 0, 316, 0, 0, 814.84%, 152, 0, 0, 4486.67, 104910, 32178, 776.17%, 2086, 1987
1705969288, 0, 0, 316, 0, 0, 814.84%, 153, 0, 0, 1235.29, 105328, 32306, 776.17%, 2086, 1987
1705969288, 0, 0, 316, 0, 0, 814.84%, 154, 0, 0, 2706.67, 105955, 32491, 776.17%, 2086, 1987
1705969288, 0, 0, 316, 0, 0, 814.84%, 155, 0, 0, 46.98, 105970, 32497, 776.17%, 2086, 1987
1705969289, 0, 0, 317, 0, 0, 814.84%, 155, 0, 0, 3964.97, 106903, 32809, 778.52%, 2086, 1993
1705969291, 0, 0, 317, 0, 0, 814.84%, 156, 0, 0, 10.56, 106922, 32813, 778.52%, 2086, 1993
1705969291, 0, 0, 317, 0, 0, 814.84%, 156, 0, 0, 3620.00, 107756, 33065, 778.52%, 2086, 1993
1705969292, 0, 0, 317, 0, 0, 814.84%, 156, 0, 0, 2503.33, 108346, 33226, 778.52%, 2086, 1993
1705969292, 0, 0, 317, 0, 0, 814.84%, 156, 0, 0, 5390.00, 109589, 33600, 778.52%, 2086, 1993
1705969292, 0, 0, 317, 0, 0, 814.84%, 157, 0, 0, 3483.33, 110388, 33846, 778.52%, 2086, 1993
1705969292, 0, 0, 317, 0, 0, 814.84%, 158, 0, 0, 4353.33, 111375, 34165, 778.52%, 2086, 1993
1705969293, 0, 0, 318, 0, 0, 814.84%, 158, 0, 0, 1846.67, 111794, 34300, 778.52%, 2086, 1993
1705969293, 0, 0, 318, 0, 0, 814.84%, 158, 0, 0, 4513.33, 112832, 34616, 778.52%, 2086, 1993
1705969294, 0, 0, 319, 0, 0, 814.84%, 158, 0, 0, 705.45, 113211, 34716, 778.52%, 2086, 1993
1705969294, 0, 0, 319, 0, 0, 814.84%, 159, 0, 0, 3116.67, 113939, 34923, 778.52%, 2086, 1993
1705969294, 0, 0, 319, 0, 0, 814.84%, 160, 0, 0, 2486.65, 114568, 35132, 778.52%, 2086, 1993
1705969295, 0, 0, 319, 0, 0, 814.84%, 160, 0, 0, 4423.33, 115595, 35432, 778.52%, 2086, 1993
1705969296, 0, 0, 319, 0, 0, 814.84%, 161, 0, 0, 93.02, 115702, 35453, 778.52%, 2086, 1993
1705969296, 0, 0, 319, 0, 0, 814.84%, 161, 0, 0, 5816.67, 117046, 35854, 778.52%, 2086, 1993
1705969297, 0, 0, 319, 0, 0, 814.84%, 161, 0, 0, 1.86, 117046, 35855, 778.52%, 2086, 1993
1705969297, 0, 0, 319, 0, 0, 814.84%, 162, 0, 0, 659.34, 117366, 35955, 778.52%, 2086, 1993
1705969298, 0, 0, 319, 0, 0, 814.84%, 162, 0, 0, 6116.67, 118804, 36352, 778.52%, 2086, 1993
1705969298, 0, 0, 320, 0, 0, 815.23%, 162, 0, 0, 2743.33, 119438, 36541, 779.69%, 2087, 1996
1705969298, 0, 0, 320, 0, 0, 815.23%, 162, 0, 0, 4646.67, 120513, 36860, 779.69%, 2087, 1996
1705969299, 0, 0, 320, 0, 0, 815.23%, 162, 0, 0, 5246.67, 121716, 37231, 779.69%, 2087, 1996
1705969299, 0, 0, 320, 0, 0, 815.23%, 162, 0, 0, 4893.33, 122877, 37538, 779.69%, 2087, 1996
1705969299, 0, 0, 320, 0, 0, 815.23%, 163, 0, 0, 3100.00, 123591, 37754, 779.69%, 2087, 1996
1705969300, 0, 0, 320, 0, 0, 815.23%, 163, 0, 0, 3503.33, 124381, 38015, 779.69%, 2087, 1996
1705969300, 0, 0, 320, 0, 0, 815.23%, 163, 0, 0, 2176.67, 124882, 38167, 779.69%, 2087, 1996
1705969300, 0, 0, 321, 0, 0, 815.23%, 163, 0, 0, 1762.30, 125392, 38302, 779.69%, 2087, 1996
1705969304, 0, 0, 321, 0, 0, 815.23%, 164, 0, 0, 141.23, 125796, 38420, 779.69%, 2087, 1996
1705969306, 0, 0, 321, 0, 0, 815.23%, 165, 0, 0, 524.22, 126824, 38723, 779.69%, 2087, 1996
1705969307, 0, 0, 321, 0, 0, 815.23%, 165, 0, 0, 5436.67, 128090, 39088, 779.69%, 2087, 1996
1705969307, 0, 0, 321, 0, 0, 815.23%, 165, 0, 0, 5253.33, 129309, 39445, 779.69%, 2087, 1996
1705969307, 0, 0, 321, 0, 0, 815.23%, 166, 0, 0, 2362.13, 129867, 39598, 779.69%, 2087, 1996
1705969308, 0, 0, 321, 0, 0, 815.23%, 167, 0, 0, 3410.00, 130637, 39851, 779.69%, 2087, 1996
1705969308, 0, 0, 321, 0, 0, 815.23%, 167, 0, 0, 4733.33, 131719, 40189, 779.69%, 2087, 1996
1705969311, 0, 0, 321, 0, 0, 815.23%, 168, 0, 0, 343.54, 132486, 40421, 779.69%, 2087, 1996
1705969311, 0, 0, 321, 0, 0, 815.23%, 168, 0, 0, 6026.67, 133885, 40830, 779.69%, 2087, 1996
1705969313, 0, 0, 321, 0, 0, 815.23%, 169, 0, 0, 809.84, 134728, 41090, 779.69%, 2087, 1996
1705969313, 0, 0, 321, 0, 0, 815.23%, 170, 0, 0, 118.75, 134756, 41100, 779.69%, 2087, 1996
1705969313, 0, 0, 321, 0, 0, 815.23%, 170, 0, 0, 5073.33, 135910, 41468, 779.69%, 2087, 1996
1705969316, 0, 0, 321, 0, 0, 815.23%, 171, 0, 0, 303.36, 136675, 41695, 779.69%, 2087, 1996
1705969317, 0, 0, 321, 0, 0, 815.23%, 171, 0, 0, 5440.00, 137943, 42059, 779.69%, 2087, 1996
1705969317, 0, 0, 321, 0, 0, 815.23%, 171, 0, 0, 5076.67, 139095, 42430, 779.69%, 2087, 1996
1705969317, 0, 0, 322, 0, 0, 815.23%, 171, 0, 0, 5060.00, 140251, 42792, 779.69%, 2087, 1996
1705969318, 0, 0, 322, 0, 0, 815.23%, 171, 0, 0, 4486.67, 141284, 43105, 779.69%, 2087, 1996
1705969319, 0, 0, 322, 0, 0, 815.23%, 172, 0, 0, 1736.13, 142462, 43460, 779.69%, 2087, 1996
1705969319, 0, 0, 322, 0, 0, 815.23%, 173, 0, 0, 2660.43, 143224, 43693, 779.69%, 2087, 1996
1705969319, 0, 0, 322, 0, 0, 815.23%, 173, 0, 0, 5360.00, 144424, 44101, 779.69%, 2087, 1996
1705969320, 0, 0, 322, 0, 0, 815.23%, 174, 0, 0, 1916.67, 144865, 44235, 779.69%, 2087, 1996
1705969322, 0, 0, 323, 0, 0, 815.23%, 174, 0, 0, 33.35, 144925, 44257, 780.08%, 2087, 1997
1705969322, 0, 0, 323, 0, 0, 815.23%, 174, 0, 0, 6366.67, 146424, 44668, 780.08%, 2087, 1997
1705969323, 0, 0, 324, 0, 0, 815.23%, 174, 0, 0, 1390.08, 147662, 45055, 780.08%, 2087, 1997
1705969324, 0, 0, 325, 0, 0, 815.23%, 174, 0, 0, 244.67, 147814, 45098, 780.08%, 2087, 1997
1705969325, 0, 0, 325, 0, 0, 815.23%, 175, 0, 0, 558.82, 148291, 45248, 780.08%, 2087, 1997
1705969326, 0, 0, 325, 0, 0, 815.23%, 175, 0, 0, 4526.67, 149316, 45581, 780.08%, 2087, 1997
1705969326, 0, 0, 325, 0, 0, 815.23%, 175, 0, 0, 4983.33, 150467, 45925, 780.08%, 2087, 1997
1705969327, 0, 0, 325, 0, 0, 815.23%, 176, 0, 0, 644.95, 150780, 46008, 780.08%, 2087, 1997
1705969327, 0, 0, 325, 0, 0, 815.23%, 176, 0, 0, 5433.33, 152068, 46350, 780.08%, 2087, 1997
1705969327, 0, 0, 325, 0, 0, 815.23%, 177, 0, 0, 2515.65, 153108, 46676, 780.08%, 2087, 1997
1705969328, 0, 0, 325, 0, 0, 815.23%, 177, 0, 0, 6056.67, 154526, 47075, 780.08%, 2087, 1997
1705969328, 0, 0, 325, 0, 0, 815.23%, 177, 0, 0, 1963.33, 154975, 47215, 780.08%, 2087, 1997
1705969328, 0, 0, 325, 0, 0, 815.23%, 178, 0, 0, 4866.67, 156090, 47560, 780.08%, 2087, 1997
1705969329, 0, 0, 326, 0, 0, 815.23%, 178, 0, 0, 4193.33, 157038, 47870, 780.08%, 2087, 1997
1705969329, 0, 0, 326, 0, 0, 815.23%, 178, 0, 0, 4850.00, 158140, 48223, 780.08%, 2087, 1997
1705969329, 0, 0, 326, 0, 0, 815.23%, 178, 0, 0, 3673.33, 158960, 48505, 780.08%, 2087, 1997
1705969330, 0, 0, 326, 0, 0, 815.23%, 178, 0, 0, 2876.67, 159615, 48713, 780.08%, 2087, 1997
1705969330, 0, 0, 326, 0, 0, 815.23%, 178, 0, 0, 1140.78, 159971, 48827, 780.08%, 2087, 1997
1705969330, 0, 0, 326, 0, 0, 815.23%, 178, 0, 0, 18.59, 159976, 48832, 780.08%, 2087, 1997
1705969331, 0, 0, 326, 0, 0, 815.23%, 178, 0, 0, 1393.33, 160292, 48934, 780.08%, 2087, 1997
1705969331, 0, 0, 326, 0, 0, 815.23%, 178, 0, 0, 3190.00, 161006, 49177, 780.08%, 2087, 1997
1705969332, 0, 0, 326, 0, 0, 815.23%, 178, 0, 0, 1.67, 161007, 49177, 780.08%, 2087, 1997
1705969332, 0, 0, 327, 0, 0, 815.23%, 178, 0, 0, 4813.33, 162087, 49541, 780.08%, 2087, 1997
1705969337, 0, 0, 327, 0, 0, 815.23%, 179, 0, 0, 288.90, 163265, 49865, 780.08%, 2087, 1997
1705969338, 0, 0, 328, 0, 0, 815.23%, 179, 0, 0, 525.00, 163627, 49986, 780.08%, 2087, 1997
1705969339, 0, 0, 329, 0, 0, 815.23%, 179, 0, 0, 260.49, 163834, 50046, 780.08%, 2087, 1997
1705969339, 0, 0, 329, 0, 0, 815.23%, 179, 0, 0, 5340.00, 165072, 50410, 780.08%, 2087, 1997
1705969340, 0, 0, 330, 0, 0, 815.23%, 179, 0, 0, 417.74, 165245, 50463, 780.08%, 2087, 1997
1705969341, 0, 0, 331, 0, 0, 815.23%, 179, 0, 0, 1146.52, 166105, 50722, 780.08%, 2087, 1997
1705969341, 0, 0, 331, 0, 0, 815.23%, 180, 0, 0, 4376.67, 167117, 51023, 780.08%, 2087, 1997
1705969342, 0, 0, 332, 0, 0, 815.23%, 180, 0, 0, 4280.00, 168098, 51326, 780.47%, 2087, 1998
1705969342, 0, 0, 332, 0, 0, 815.23%, 180, 0, 0, 4310.00, 169082, 51635, 780.47%, 2087, 1998
1705969342, 0, 0, 332, 0, 0, 815.23%, 180, 0, 0, 4863.33, 170214, 51962, 780.47%, 2087, 1998
1705969342, 0, 0, 332, 0, 0, 815.23%, 180, 0, 0, 4933.33, 171332, 52324, 780.47%, 2087, 1998
1705969343, 0, 0, 332, 0, 0, 815.23%, 181, 0, 0, 3556.67, 172165, 52558, 780.47%, 2087, 1998
1705969343, 0, 0, 332, 0, 0, 815.23%, 181, 0, 0, 4886.67, 173298, 52891, 780.47%, 2087, 1998
1705969343, 0, 0, 332, 0, 0, 815.23%, 181, 0, 0, 4560.00, 174359, 53198, 780.47%, 2087, 1998
1705969345, 0, 0, 333, 0, 0, 815.23%, 181, 0, 0, 365.66, 174747, 53304, 780.47%, 2087, 1998
1705969350, 0, 0, 333, 0, 0, 815.23%, 182, 0, 0, 181.87, 175432, 53502, 780.47%, 2087, 1998
1705969351, 0, 0, 334, 0, 0, 815.23%, 182, 0, 0, 923.47, 176278, 53730, 780.47%, 2087, 1998
1705969351, 0, 0, 335, 0, 0, 815.23%, 182, 0, 0, 992.35, 176571, 53826, 780.47%, 2087, 1998
1705969351, 0, 0, 335, 0, 0, 815.23%, 182, 0, 0, 4853.33, 177713, 54140, 780.47%, 2087, 1998
1705969352, 0, 0, 335, 0, 0, 815.23%, 182, 0, 0, 5019.93, 178856, 54508, 780.47%, 2087, 1998
1705969352, 0, 0, 335, 0, 0, 815.23%, 182, 0, 0, 5150.00, 180061, 54848, 780.47%, 2087, 1998
1705969352, 0, 0, 335, 0, 0, 815.23%, 182, 0, 0, 4773.33, 181163, 55178, 780.47%, 2087, 1998
1705969353, 0, 0, 335, 0, 0, 815.23%, 182, 0, 0, 4036.67, 182092, 55460, 780.47%, 2087, 1998
1705969353, 0, 0, 335, 0, 0, 815.23%, 182, 0, 0, 2.88, 182093, 55460, 780.47%, 2087, 1998
1705969353, 0, 0, 335, 0, 0, 815.23%, 182, 0, 0, 4996.67, 183220, 55832, 780.47%, 2087, 1998
1705969354, 0, 0, 335, 0, 0, 815.23%, 182, 0, 0, 5380.00, 184477, 56189, 780.47%, 2087, 1998
1705969354, 0, 0, 335, 0, 0, 815.23%, 183, 0, 0, 1816.64, 185311, 56425, 780.47%, 2087, 1998
1705969357, 0, 0, 335, 0, 0, 815.23%, 184, 0, 0, 493.72, 186477, 56753, 780.47%, 2087, 1998
1705969357, 0, 0, 335, 0, 0, 815.23%, 184, 0, 0, 5710.00, 187805, 57138, 780.47%, 2087, 1998
1705969358, 0, 0, 335, 0, 0, 815.23%, 184, 0, 0, 5490.00, 189044, 57546, 780.47%, 2087, 1998
1705969359, 0, 0, 335, 0, 0, 815.23%, 185, 0, 0, 139.47, 189198, 57580, 780.47%, 2087, 1998
1705969360, 0, 0, 336, 0, 0, 815.23%, 186, 0, 0, 678.94, 189444, 57666, 780.47%, 2087, 1998
1705969360, 0, 0, 336, 0, 0, 815.23%, 186, 0, 0, 5696.67, 190744, 58075, 780.47%, 2087, 1998
1705969360, 0, 0, 336, 0, 0, 815.23%, 186, 0, 0, 5290.00, 191942, 58464, 780.47%, 2087, 1998
1705969360, 0, 0, 336, 0, 0, 815.23%, 187, 0, 0, 4573.33, 192997, 58781, 780.47%, 2087, 1998
1705969362, 0, 0, 336, 0, 0, 815.23%, 188, 0, 0, 970.30, 193822, 59034, 780.47%, 2087, 1998
1705969362, 0, 0, 336, 0, 0, 815.23%, 188, 0, 0, 5540.00, 195088, 59430, 780.47%, 2087, 1998
1705969362, 0, 0, 336, 0, 0, 815.23%, 188, 0, 0, 5360.00, 196303, 59823, 780.47%, 2087, 1998
1705969362, 0, 0, 336, 0, 0, 815.23%, 188, 0, 0, 5323.33, 197538, 60185, 780.47%, 2087, 1998
1705969363, 0, 0, 336, 0, 0, 815.23%, 189, 0, 0, 3416.67, 198333, 60415, 780.47%, 2087, 1998
1705969364, 0, 0, 336, 0, 0, 815.23%, 190, 0, 0, 770.74, 199033, 60616, 780.47%, 2087, 1998
1705969365, 0, 0, 336, 0, 0, 815.23%, 191, 0, 0, 934.89, 199458, 60751, 780.47%, 2087, 1998
1705969365, 0, 0, 336, 0, 0, 815.23%, 191, 0, 0, 4810.00, 200571, 61081, 780.47%, 2087, 1998
1705969365, 0, 0, 336, 0, 0, 815.23%, 191, 0, 0, 4923.33, 201712, 61417, 780.47%, 2087, 1998
1705969365, 0, 0, 336, 0, 0, 815.23%, 191, 0, 0, 3913.33, 202606, 61697, 780.47%, 2087, 1998
1705969366, 0, 0, 336, 0, 0, 815.23%, 191, 0, 0, 5060.00, 203779, 62042, 780.47%, 2087, 1998
1705969366, 0, 0, 336, 0, 0, 815.23%, 191, 0, 0, 3743.33, 204641, 62303, 780.47%, 2087, 1998
1705969366, 0, 0, 337, 0, 0, 815.23%, 191, 0, 0, 1497.70, 205136, 62458, 780.47%, 2087, 1998
1705969367, 0, 0, 337, 0, 0, 815.23%, 191, 0, 0, 2996.67, 205843, 62650, 780.47%, 2087, 1998
1705969367, 0, 0, 337, 0, 0, 815.23%, 191, 0, 0, 972.97, 206325, 62816, 780.47%, 2087, 1998
1705969372, 0, 0, 337, 0, 0, 815.23%, 191, 0, 0, 219.83, 207113, 63081, 780.47%, 2087, 1998
1705969373, 0, 0, 337, 0, 0, 815.23%, 191, 0, 0, 4813.33, 208231, 63407, 780.47%, 2087, 1998
1705969373, 0, 0, 337, 0, 0, 815.23%, 191, 0, 0, 2736.67, 208845, 63614, 780.47%, 2087, 1998
1705969373, 0, 0, 337, 0, 0, 815.23%, 191, 0, 0, 3320.00, 209617, 63838, 780.47%, 2087, 1998
1705969373, 0, 0, 337, 0, 0, 815.23%, 191, 0, 0, 3553.33, 210396, 64125, 780.47%, 2087, 1998
1705969374, 0, 0, 337, 0, 0, 815.23%, 191, 0, 0, 2423.33, 210936, 64312, 780.47%, 2087, 1998
1705969374, 0, 0, 337, 0, 0, 815.23%, 191, 0, 0, 4893.33, 212057, 64659, 780.47%, 2087, 1998
1705969374, 0, 0, 337, 0, 0, 815.23%, 191, 0, 0, 4006.67, 212966, 64952, 780.47%, 2087, 1998
1705969375, 0, 0, 337, 0, 0, 815.23%, 191, 0, 0, 5506.67, 214230, 65340, 780.47%, 2087, 1998
1705969375, 0, 0, 337, 0, 0, 815.23%, 192, 0, 0, 4000.00, 215144, 65626, 780.47%, 2087, 1998
1705969376, 0, 0, 337, 0, 0, 815.23%, 192, 0, 0, 1.46, 215144, 65627, 780.47%, 2087, 1998
1705969376, 0, 0, 337, 0, 0, 815.23%, 192, 0, 0, 5180.00, 216338, 65987, 780.47%, 2087, 1998
1705969377, 0, 0, 337, 0, 0, 815.23%, 192, 0, 0, 964.48, 216889, 66142, 780.47%, 2087, 1998
1705969377, 0, 0, 337, 0, 0, 815.23%, 193, 0, 0, 4076.67, 217835, 66419, 780.47%, 2087, 1998
1705969378, 0, 0, 337, 0, 0, 815.23%, 196, 0, 0, 944.79, 218289, 66564, 780.47%, 2087, 1998
1705969378, 0, 0, 337, 0, 0, 815.23%, 197, 0, 0, 2823.33, 218939, 66761, 780.47%, 2087, 1998
1705969378, 0, 0, 337, 0, 0, 815.23%, 197, 0, 0, 3016.67, 219611, 66994, 780.47%, 2087, 1998
1705969379, 0, 0, 337, 0, 0, 815.23%, 197, 0, 0, 6056.67, 221020, 67402, 780.47%, 2087, 1998
1705969389, 0, 0, 338, 0, 0, 815.23%, 197, 0, 0, 128.99, 222106, 67730, 780.47%, 2087, 1998
1705969390, 0, 0, 338, 0, 0, 815.23%, 197, 0, 0, 4820.00, 223245, 68037, 780.47%, 2087, 1998
1705969392, 0, 0, 338, 0, 0, 815.23%, 198, 0, 0, 639.12, 224233, 68333, 780.47%, 2087, 1998
1705969396, 0, 0, 338, 0, 0, 815.23%, 199, 0, 0, 387.76, 225438, 68738, 780.47%, 2087, 1998
1705969398, 0, 0, 338, 0, 0, 815.23%, 199, 0, 0, 0.61, 225439, 68738, 780.47%, 2087, 1998
1705969401, 0, 0, 338, 0, 0, 815.23%, 200, 0, 0, 170.59, 225896, 68861, 780.47%, 2087, 1998
1705969401, 0, 0, 338, 0, 0, 815.23%, 200, 0, 0, 6310.00, 227356, 69294, 780.47%, 2087, 1998
1705969406, 0, 0, 338, 0, 0, 815.23%, 201, 0, 0, 18.56, 227410, 69324, 780.47%, 2087, 1998
1705969411, 0, 0, 338, 0, 0, 815.23%, 202, 0, 0, 101.52, 227821, 69473, 780.47%, 2087, 1998
1705969412, 0, 0, 338, 0, 0, 815.23%, 202, 0, 0, 6283.33, 229282, 69897, 780.47%, 2087, 1998
1705969415, 0, 0, 338, 0, 0, 815.23%, 203, 0, 0, 40.18, 229393, 69927, 780.47%, 2087, 1998
1705969415, 0, 0, 338, 0, 0, 815.23%, 203, 0, 0, 5950.00, 230794, 70311, 780.47%, 2087, 1998
1705969420, 0, 0, 339, 0, 0, 815.23%, 203, 0, 0, 22.10, 230869, 70332, 780.47%, 2087, 1998
1705969420, 0, 0, 339, 0, 0, 815.23%, 204, 0, 0, 1459.77, 231645, 70572, 780.47%, 2087, 1998
1705969421, 0, 0, 339, 0, 0, 815.23%, 204, 0, 0, 5426.67, 232887, 70958, 780.47%, 2087, 1998
1705969423, 0, 0, 340, 0, 0, 815.23%, 204, 0, 0, 428.01, 233620, 71209, 780.47%, 2087, 1998
1705969424, 0, 0, 341, 0, 0, 815.23%, 204, 0, 0, 2361.67, 234705, 71541, 780.47%, 2087, 1998
1705969425, 0, 0, 342, 0, 0, 815.23%, 204, 0, 0, 483.95, 235179, 71670, 780.47%, 2087, 1998
1705969426, 0, 0, 342, 0, 0, 815.23%, 205, 0, 0, 94.54, 235238, 71682, 780.47%, 2087, 1998
1705969426, 0, 0, 342, 0, 0, 815.23%, 205, 0, 0, 5436.67, 236495, 72056, 780.47%, 2087, 1998
1705969427, 0, 0, 342, 0, 0, 815.23%, 205, 0, 0, 1.63, 236496, 72056, 780.47%, 2087, 1998
1705969427, 0, 0, 342, 0, 0, 815.23%, 205, 0, 0, 1182.72, 236768, 72140, 780.47%, 2087, 1998
1705969427, 0, 0, 342, 0, 0, 815.23%, 205, 0, 0, 5320.00, 237970, 72534, 780.47%, 2087, 1998
1705969428, 0, 0, 342, 0, 0, 815.23%, 206, 0, 0, 1291.38, 238981, 72857, 780.47%, 2087, 1998
1705969431, 0, 0, 342, 0, 0, 815.23%, 207, 0, 0, 293.45, 239639, 73050, 780.47%, 2087, 1998
1705969431, 0, 0, 342, 0, 0, 815.23%, 207, 0, 0, 4963.33, 240755, 73423, 780.47%, 2087, 1998
1705969432, 0, 0, 342, 0, 0, 815.23%, 207, 0, 0, 4553.33, 241804, 73740, 780.47%, 2087, 1998
1705969433, 0, 0, 342, 0, 0, 815.23%, 208, 0, 0, 620.60, 242318, 73931, 780.47%, 2087, 1998
1705969433, 0, 0, 342, 0, 0, 815.23%, 209, 0, 0, 1980.25, 243167, 74185, 780.47%, 2087, 1998
1705969434, 0, 0, 342, 0, 0, 815.23%, 209, 0, 0, 4316.67, 244179, 74468, 780.47%, 2087, 1998
1705969434, 0, 0, 342, 0, 0, 815.23%, 209, 0, 0, 4456.67, 245207, 74777, 780.47%, 2087, 1998
1705969434, 0, 0, 342, 0, 0, 815.23%, 209, 0, 0, 117.12, 245235, 74788, 780.47%, 2087, 1998
1705969435, 0, 0, 342, 0, 0, 815.23%, 209, 0, 0, 4813.33, 246336, 75131, 780.47%, 2087, 1998
1705969436, 0, 0, 343, 0, 0, 815.23%, 209, 0, 0, 34.00, 246360, 75141, 780.47%, 2087, 1998
1705969436, 0, 0, 344, 0, 0, 816.02%, 209, 0, 0, 641.72, 246568, 75216, 782.42%, 2089, 2003
1705969436, 0, 0, 344, 0, 0, 816.02%, 210, 0, 0, 1986.67, 247023, 75357, 782.42%, 2089, 2003
1705969439, 0, 0, 344, 0, 0, 816.02%, 210, 0, 0, 42.15, 247112, 75396, 782.42%, 2089, 2003
1705969440, 0, 0, 344, 0, 0, 816.02%, 211, 0, 0, 847.08, 247442, 75487, 782.42%, 2089, 2003
1705969440, 0, 0, 344, 0, 0, 816.02%, 211, 0, 0, 4803.33, 248530, 75840, 782.42%, 2089, 2003
1705969441, 0, 0, 344, 0, 0, 816.02%, 211, 0, 0, 3091.95, 249329, 76117, 782.42%, 2089, 2003
1705969441, 0, 0, 345, 0, 0, 816.02%, 211, 0, 0, 1000.00, 249566, 76180, 782.42%, 2089, 2003
1705969441, 0, 0, 345, 0, 0, 816.02%, 211, 0, 0, 4176.67, 250500, 76499, 782.42%, 2089, 2003
1705969441, 0, 0, 345, 0, 0, 816.02%, 211, 0, 0, 4463.33, 251524, 76814, 782.42%, 2089, 2003
1705969442, 0, 0, 345, 0, 0, 816.02%, 211, 0, 0, 3726.67, 252397, 77059, 782.42%, 2089, 2003
1705969442, 0, 0, 345, 0, 0, 816.02%, 212, 0, 0, 4266.67, 253382, 77354, 782.42%, 2089, 2003
1705969443, 0, 0, 345, 0, 0, 816.02%, 213, 0, 0, 493.70, 253680, 77448, 782.42%, 2089, 2003
1705969444, 0, 0, 345, 0, 0, 816.02%, 213, 0, 0, 185.07, 253869, 77492, 782.42%, 2089, 2003
1705969444, 0, 0, 345, 0, 0, 816.02%, 213, 0, 0, 3810.00, 254750, 77754, 782.42%, 2089, 2003
1705969445, 0, 0, 345, 0, 0, 816.02%, 213, 0, 0, 5033.33, 255897, 78117, 782.42%, 2089, 2003
1705969445, 0, 0, 345, 0, 0, 816.02%, 213, 0, 0, 1116.85, 256199, 78226, 782.42%, 2089, 2003
1705969445, 0, 0, 345, 0, 0, 816.02%, 213, 0, 0, 4780.00, 257281, 78578, 782.42%, 2089, 2003
1705969446, 0, 0, 345, 0, 0, 816.02%, 213, 0, 0, 5286.67, 258478, 78967, 782.42%, 2089, 2003
1705969446, 0, 0, 345, 0, 0, 816.02%, 213, 0, 0, 1303.33, 258782, 79054, 782.42%, 2089, 2003
1705969450, 0, 0, 346, 0, 0, 816.02%, 213, 0, 0, 230.15, 259448, 79252, 782.42%, 2089, 2003
1705969451, 0, 0, 347, 0, 0, 816.02%, 213, 0, 0, 657.29, 259956, 79398, 782.42%, 2089, 2003
1705969452, 0, 0, 347, 0, 0, 816.02%, 214, 0, 0, 1350.60, 260821, 79654, 782.42%, 2089, 2003
1705969452, 0, 0, 347, 0, 0, 816.02%, 214, 0, 0, 224.22, 260896, 79679, 782.42%, 2089, 2003
1705969452, 0, 0, 347, 0, 0, 816.02%, 214, 0, 0, 5730.00, 262206, 80088, 782.42%, 2089, 2003
1705969453, 0, 0, 347, 0, 0, 816.02%, 214, 0, 0, 5600.00, 263500, 80474, 782.42%, 2089, 2003
1705969453, 0, 0, 347, 0, 0, 816.02%, 215, 0, 0, 712.48, 263807, 80561, 782.42%, 2089, 2003
1705969453, 0, 0, 347, 0, 0, 816.02%, 215, 0, 0, 4956.67, 264933, 80922, 782.42%, 2089, 2003
1705969454, 0, 0, 347, 0, 0, 816.02%, 216, 0, 0, 953.33, 265150, 80991, 782.42%, 2089, 2003
1705969454, 0, 0, 347, 0, 0, 816.02%, 216, 0, 0, 832.64, 265462, 81077, 782.42%, 2089, 2003
1705969455, 0, 0, 347, 0, 0, 816.02%, 217, 0, 0, 1580.00, 265823, 81190, 782.42%, 2089, 2003
1705969455, 0, 0, 347, 0, 0, 816.02%, 217, 0, 0, 4440.00, 266845, 81500, 782.42%, 2089, 2003
1705969455, 0, 0, 347, 0, 0, 816.02%, 217, 0, 0, 3303.33, 267608, 81728, 782.42%, 2089, 2003
1705969455, 0, 0, 347, 0, 0, 816.02%, 217, 0, 0, 1256.67, 267893, 81820, 782.42%, 2089, 2003
1705969456, 0, 0, 347, 0, 0, 816.02%, 217, 0, 0, 3683.33, 268735, 82083, 782.42%, 2089, 2003
1705969456, 0, 0, 347, 0, 0, 816.02%, 218, 0, 0, 383.12, 268829, 82107, 782.42%, 2089, 2003
1705969456, 0, 0, 347, 0, 0, 816.02%, 218, 0, 0, 2310.00, 269344, 82285, 782.42%, 2089, 2003
1705969457, 0, 0, 347, 0, 0, 816.02%, 218, 0, 0, 3380.00, 270128, 82515, 782.42%, 2089, 2003
1705969457, 0, 0, 347, 0, 0, 816.02%, 218, 0, 0, 5126.67, 271312, 82869, 782.42%, 2089, 2003
1705969458, 0, 0, 347, 0, 0, 816.02%, 218, 0, 0, 2047.83, 272368, 83183, 782.42%, 2089, 2003
1705969460, 0, 0, 348, 0, 0, 816.02%, 218, 0, 0, 374.26, 273011, 83357, 782.42%, 2089, 2003
1705969460, 0, 0, 348, 0, 0, 816.02%, 218, 0, 0, 4683.33, 274086, 83687, 782.42%, 2089, 2003
1705969460, 0, 0, 348, 0, 0, 816.02%, 218, 0, 0, 1020.00, 274320, 83759, 782.42%, 2089, 2003
1705969461, 0, 0, 348, 0, 0, 816.02%, 218, 0, 0, 950.91, 274718, 83884, 782.42%, 2089, 2003
1705969461, 0, 0, 348, 0, 0, 816.02%, 219, 0, 0, 3853.33, 275599, 84159, 782.42%, 2089, 2003
1705969467, 0, 0, 349, 0, 0, 816.02%, 219, 0, 0, 219.78, 276612, 84446, 782.42%, 2089, 2003
1705969468, 0, 0, 349, 0, 0, 816.02%, 219, 0, 0, 1900.00, 277113, 84610, 782.42%, 2089, 2003
1705969468, 0, 0, 350, 0, 0, 816.02%, 219, 0, 0, 893.66, 277498, 84704, 782.42%, 2089, 2003
1705969469, 0, 0, 350, 0, 0, 816.02%, 220, 0, 0, 888.24, 277970, 84836, 782.42%, 2089, 2003
1705969469, 0, 0, 350, 0, 0, 816.02%, 221, 0, 0, 3173.33, 278688, 85070, 782.42%, 2089, 2003
1705969470, 0, 0, 350, 0, 0, 816.02%, 221, 0, 0, 1851.10, 279591, 85348, 782.42%, 2089, 2003
1705969472, 0, 0, 351, 0, 0, 816.02%, 221, 0, 0, 462.23, 280255, 85553, 782.42%, 2089, 2003
1705969472, 0, 0, 351, 0, 0, 816.02%, 221, 0, 0, 5296.67, 281444, 85953, 782.42%, 2089, 2003
1705969473, 0, 0, 351, 0, 0, 816.02%, 222, 0, 0, 114.86, 281523, 85976, 782.42%, 2089, 2003
1705969473, 0, 0, 351, 0, 0, 816.02%, 222, 0, 0, 1556.29, 281897, 86072, 782.42%, 2089, 2003
1705969473, 0, 0, 351, 0, 0, 816.02%, 222, 0, 0, 3560.00, 282736, 86301, 782.42%, 2089, 2003
1705969474, 0, 0, 351, 0, 0, 816.02%, 222, 0, 0, 3933.33, 283634, 86583, 782.42%, 2089, 2003
1705969474, 0, 0, 351, 0, 0, 816.02%, 222, 0, 0, 2160.58, 284313, 86792, 782.42%, 2089, 2003
1705969474, 0, 0, 351, 0, 0, 816.02%, 222, 0, 0, 4093.33, 285253, 87080, 782.42%, 2089, 2003
1705969475, 0, 0, 351, 0, 0, 816.02%, 222, 0, 0, 5090.00, 286420, 87440, 782.42%, 2089, 2003
1705969475, 0, 0, 351, 0, 0, 816.02%, 222, 0, 0, 892.06, 286855, 87567, 782.42%, 2089, 2003
1705969476, 0, 0, 351, 0, 0, 816.02%, 223, 0, 0, 3702.45, 287777, 87852, 782.42%, 2089, 2003
1705969476, 0, 0, 351, 0, 0, 816.02%, 223, 0, 0, 5833.33, 289127, 88252, 782.42%, 2089, 2003
1705969476, 0, 0, 351, 0, 0, 816.02%, 223, 0, 0, 3350.00, 289923, 88461, 782.42%, 2089, 2003
1705969477, 0, 0, 351, 0, 0, 816.02%, 224, 0, 0, 896.68, 290459, 88628, 782.42%, 2089, 2003
1705969478, 0, 0, 351, 0, 0, 816.02%, 225, 0, 0, 321.95, 290666, 88685, 782.42%, 2089, 2003
1705969478, 0, 0, 351, 0, 0, 816.02%, 225, 0, 0, 4170.00, 291630, 88972, 782.42%, 2089, 2003
1705969478, 0, 0, 351, 0, 0, 816.02%, 226, 0, 0, 696.43, 291805, 89031, 782.42%, 2089, 2003
1705969480, 0, 0, 351, 0, 0, 816.02%, 227, 0, 0, 977.23, 292972, 89409, 782.42%, 2089, 2003
1705969480, 0, 0, 351, 0, 0, 816.02%, 228, 0, 0, 4260.00, 293960, 89699, 782.42%, 2089, 2003
1705969481, 0, 0, 351, 0, 0, 816.02%, 228, 0, 0, 1160.00, 294223, 89784, 782.42%, 2089, 2003
1705969481, 0, 0, 351, 0, 0, 816.02%, 228, 0, 0, 3166.67, 294955, 90002, 782.42%, 2089, 2003
1705969481, 0, 0, 351, 0, 0, 816.02%, 229, 0, 0, 1916.67, 295402, 90130, 782.42%, 2089, 2003
1705969482, 0, 0, 351, 0, 0, 816.02%, 229, 0, 0, 5153.33, 296598, 90480, 782.42%, 2089, 2003
1705969482, 0, 0, 351, 0, 0, 816.02%, 229, 0, 0, 2830.00, 297265, 90662, 782.42%, 2089, 2003
1705969482, 0, 0, 351, 0, 0, 816.02%, 229, 0, 0, 4113.33, 298205, 90956, 782.42%, 2089, 2003
1705969483, 0, 0, 351, 0, 0, 816.02%, 229, 0, 0, 2986.84, 299238, 91285, 782.42%, 2089, 2003
1705969483, 0, 0, 351, 0, 0, 816.02%, 229, 0, 0, 5073.33, 300398, 91647, 782.42%, 2089, 2003
1705969483, 0, 0, 351, 0, 0, 816.02%, 229, 0, 0, 2665.24, 301382, 91905, 782.42%, 2089, 2003
1705969484, 0, 0, 351, 0, 0, 816.02%, 229, 0, 0, 638.64, 301793, 92056, 782.42%, 2089, 2003
1705969486, 0, 0, 351, 0, 0, 816.02%, 229, 0, 0, 0.54, 301793, 92057, 782.42%, 2089, 2003
1705969486, 0, 0, 351, 0, 0, 816.02%, 230, 0, 0, 4060.00, 302730, 92338, 782.42%, 2089, 2003
1705969489, 0, 0, 351, 0, 0, 816.02%, 231, 0, 0, 176.97, 303058, 92451, 782.42%, 2089, 2003
1705969489, 0, 0, 351, 0, 0, 816.02%, 232, 0, 0, 2172.19, 303561, 92604, 782.42%, 2089, 2003
1705969490, 0, 0, 351, 0, 0, 816.02%, 232, 0, 0, 1615.87, 304352, 92831, 782.42%, 2089, 2003
1705969490, 0, 0, 351, 0, 0, 816.02%, 232, 0, 0, 3626.67, 305182, 93089, 782.42%, 2089, 2003
1705969490, 0, 0, 351, 0, 0, 816.02%, 232, 0, 0, 4696.67, 306227, 93453, 782.42%, 2089, 2003
1705969491, 0, 0, 351, 0, 0, 816.02%, 233, 0, 0, 1205.69, 306780, 93621, 782.42%, 2089, 2003
1705969491, 0, 0, 351, 0, 0, 816.02%, 233, 0, 0, 81.53, 306808, 93627, 782.42%, 2089, 2003
1705969492, 0, 0, 351, 0, 0, 816.02%, 233, 0, 0, 3903.33, 307690, 93916, 782.42%, 2089, 2003
1705969492, 0, 0, 351, 0, 0, 816.02%, 234, 0, 0, 4179.40, 308644, 94220, 782.42%, 2089, 2003
1705969493, 0, 0, 351, 0, 0, 816.02%, 234, 0, 0, 876.83, 309301, 94403, 782.42%, 2089, 2003
1705969493, 0, 0, 352, 0, 0, 816.02%, 234, 0, 0, 3136.67, 310020, 94625, 782.42%, 2089, 2003
1705969494, 0, 0, 353, 0, 0, 816.02%, 234, 0, 0, 4580.00, 311069, 94950, 782.81%, 2089, 2004
1705969494, 0, 0, 353, 0, 0, 816.02%, 235, 0, 0, 2051.45, 311757, 95179, 782.81%, 2089, 2004
1705969495, 0, 0, 353, 0, 0, 816.02%, 236, 0, 0, 905.10, 312545, 95402, 782.81%, 2089, 2004
1705969495, 0, 0, 353, 0, 0, 816.02%, 236, 0, 0, 4886.67, 313671, 95742, 782.81%, 2089, 2004
1705969496, 0, 0, 353, 0, 0, 816.02%, 237, 0, 0, 1995.77, 314392, 95965, 782.81%, 2089, 2004
1705969496, 0, 0, 353, 0, 0, 816.02%, 237, 0, 0, 3283.33, 315152, 96190, 782.81%, 2089, 2004
1705969496, 0, 0, 353, 0, 0, 816.02%, 237, 0, 0, 4176.67, 316098, 96497, 782.81%, 2089, 2004
1705969497, 0, 0, 353, 0, 0, 816.02%, 238, 0, 0, 2196.72, 316618, 96647, 782.81%, 2089, 2004
1705969497, 0, 0, 353, 0, 0, 816.02%, 238, 0, 0, 3500.00, 317435, 96880, 782.81%, 2089, 2004
1705969497, 0, 0, 353, 0, 0, 816.02%, 238, 0, 0, 5266.67, 318639, 97256, 782.81%, 2089, 2004
1705969498, 0, 0, 353, 0, 0, 816.02%, 238, 0, 0, 2036.33, 319537, 97535, 782.81%, 2089, 2004
1705969498, 0, 0, 353, 0, 0, 816.02%, 238, 0, 0, 4680.00, 320629, 97847, 782.81%, 2089, 2004
1705969499, 0, 0, 353, 0, 0, 816.02%, 238, 0, 0, 5546.67, 321882, 98258, 782.81%, 2089, 2004
1705969499, 0, 0, 353, 0, 0, 816.02%, 238, 0, 0, 335.03, 321981, 98291, 782.81%, 2089, 2004
1705969499, 0, 0, 353, 0, 0, 816.02%, 238, 0, 0, 5363.33, 323191, 98690, 782.81%, 2089, 2004
1705969500, 0, 0, 353, 0, 0, 816.02%, 238, 0, 0, 5040.00, 324357, 99036, 782.81%, 2089, 2004
1705969500, 0, 0, 353, 0, 0, 816.02%, 238, 0, 0, 843.41, 324593, 99107, 782.81%, 2089, 2004
1705969500, 0, 0, 353, 0, 0, 816.02%, 238, 0, 0, 4340.00, 325580, 99422, 782.81%, 2089, 2004
1705969501, 0, 0, 353, 0, 0, 816.02%, 238, 0, 0, 5033.33, 326736, 99776, 782.81%, 2089, 2004
1705969501, 0, 0, 353, 0, 0, 816.02%, 238, 0, 0, 1295.35, 327162, 99907, 782.81%, 2089, 2004
1705969501, 0, 0, 353, 0, 0, 816.02%, 238, 0, 0, 3233.33, 327913, 100126, 782.81%, 2089, 2004
1705969502, 0, 0, 353, 0, 0, 816.02%, 238, 0, 0, 5703.33, 329225, 100525, 782.81%, 2089, 2004
1705969502, 0, 0, 353, 0, 0, 816.02%, 238, 0, 0, 3373.33, 329997, 100765, 782.81%, 2089, 2004
1705969502, 0, 0, 353, 0, 0, 816.02%, 238, 0, 0, 5180.00, 331179, 101137, 782.81%, 2089, 2004
1705969504, 0, 0, 353, 0, 0, 816.02%, 239, 0, 0, 749.38, 332109, 101415, 782.81%, 2089, 2004
1705969504, 0, 0, 353, 0, 0, 816.02%, 239, 0, 0, 811.59, 332397, 101519, 782.81%, 2089, 2004
1705969505, 0, 0, 354, 0, 0, 816.02%, 239, 0, 0, 4516.67, 333433, 101838, 782.81%, 2089, 2004
1705969505, 0, 0, 354, 0, 0, 816.02%, 239, 0, 0, 4230.00, 334398, 102142, 782.81%, 2089, 2004
1705969505, 0, 0, 354, 0, 0, 816.02%, 239, 0, 0, 2216.67, 334908, 102297, 782.81%, 2089, 2004
1705969505, 0, 0, 354, 0, 0, 816.02%, 239, 0, 0, 4956.67, 336028, 102664, 782.81%, 2089, 2004
1705969506, 0, 0, 354, 0, 0, 816.02%, 239, 0, 0, 4866.67, 337121, 103031, 782.81%, 2089, 2004
1705969506, 0, 0, 354, 0, 0, 816.02%, 239, 0, 0, 561.10, 337281, 103096, 782.81%, 2089, 2004
1705969506, 0, 0, 354, 0, 0, 816.02%, 239, 0, 0, 4746.67, 338384, 103417, 782.81%, 2089, 2004
1705969507, 0, 0, 354, 0, 0, 816.02%, 239, 0, 0, 4996.67, 339526, 103774, 782.81%, 2089, 2004
1705969507, 0, 0, 354, 0, 0, 816.02%, 239, 0, 0, 979.63, 339940, 103889, 782.81%, 2089, 2004
1705969508, 0, 0, 354, 0, 0, 816.02%, 239, 0, 0, 5030.00, 341084, 104254, 782.81%, 2089, 2004
1705969508, 0, 0, 354, 0, 0, 816.02%, 239, 0, 0, 5323.33, 342309, 104626, 782.81%, 2089, 2004
1705969508, 0, 0, 354, 0, 0, 816.02%, 239, 0, 0, 383.06, 342454, 104689, 782.81%, 2089, 2004
1705969509, 0, 0, 355, 0, 0, 816.02%, 239, 0, 0, 155.02, 342507, 104707, 782.81%, 2089, 2004
1705969509, 0, 0, 355, 0, 0, 816.02%, 239, 0, 0, 4700.00, 343598, 105026, 782.81%, 2089, 2004
1705969510, 0, 0, 355, 0, 0, 816.02%, 240, 0, 0, 31.70, 343607, 105028, 782.81%, 2089, 2004
1705969510, 0, 0, 355, 0, 0, 816.02%, 241, 0, 0, 4693.33, 344674, 105369, 782.81%, 2089, 2004
1705969511, 0, 0, 355, 0, 0, 816.02%, 241, 0, 0, 697.74, 345040, 105467, 782.81%, 2089, 2004
1705969511, 0, 0, 355, 0, 0, 816.02%, 241, 0, 0, 2348.45, 345824, 105667, 782.81%, 2089, 2004
1705969512, 0, 0, 355, 0, 0, 816.02%, 242, 0, 0, 1094.67, 347056, 106077, 782.81%, 2089, 2004
1705969513, 0, 0, 356, 0, 0, 816.02%, 242, 0, 0, 748.60, 347567, 106233, 782.81%, 2089, 2004
1705969514, 0, 0, 356, 0, 0, 816.02%, 242, 0, 0, 56.05, 347584, 106235, 782.81%, 2089, 2004
1705969514, 0, 0, 356, 0, 0, 816.02%, 242, 0, 0, 4580.00, 348648, 106545, 782.81%, 2089, 2004
1705969515, 0, 0, 356, 0, 0, 816.02%, 243, 0, 0, 415.78, 349100, 106678, 782.81%, 2089, 2004
1705969516, 0, 0, 357, 0, 0, 816.02%, 243, 0, 0, 274.47, 349286, 106736, 784.77%, 2089, 2009
1705969517, 0, 0, 357, 0, 0, 816.02%, 243, 0, 0, 1406.62, 350174, 107038, 784.77%, 2089, 2009
1705969517, 0, 0, 357, 0, 0, 816.02%, 243, 0, 0, 5460.00, 351433, 107417, 784.77%, 2089, 2009
1705969518, 0, 0, 357, 0, 0, 816.02%, 243, 0, 0, 5266.67, 352621, 107809, 784.77%, 2089, 2009
1705969519, 0, 0, 357, 0, 0, 816.02%, 243, 0, 0, 273.81, 352835, 107871, 784.77%, 2089, 2009
1705969520, 0, 0, 357, 0, 0, 816.02%, 243, 0, 0, 0.85, 352836, 107871, 784.77%, 2089, 2009
1705969520, 0, 0, 357, 0, 0, 816.02%, 243, 0, 0, 5393.33, 354042, 108283, 784.77%, 2089, 2009
1705969525, 0, 0, 357, 0, 0, 816.02%, 243, 0, 0, 0.23, 354042, 108284, 784.77%, 2089, 2009
1705969533, 0, 0, 357, 0, 0, 816.02%, 243, 0, 0, 0.13, 354043, 108284, 784.77%, 2089, 2009
1705969535, 0, 0, 357, 0, 0, 816.02%, 243, 0, 0, 0.39, 354044, 108284, 784.77%, 2089, 2009
1705969539, 0, 0, 357, 0, 0, 816.02%, 243, 0, 0, 0.27, 354045, 108284, 784.77%, 2089, 2009
1705969539, 0, 0, 357, 0, 0, 816.02%, 243, 0, 0, 2.62, 354046, 108284, 784.77%, 2089, 2009
1705969540, 0, 0, 357, 0, 0, 816.02%, 243, 0, 0, 2616.74, 355412, 108700, 784.77%, 2089, 2009
1705969541, 0, 0, 357, 0, 0, 816.02%, 243, 0, 0, 1.30, 355413, 108700, 784.77%, 2089, 2009
1705969541, 0, 0, 357, 0, 0, 816.02%, 243, 0, 0, 1.56, 355414, 108700, 784.77%, 2089, 2009
1705969542, 0, 0, 357, 0, 0, 816.02%, 243, 0, 0, 5450.00, 356658, 109091, 784.77%, 2089, 2009
1705969543, 0, 0, 357, 0, 0, 816.02%, 243, 0, 0, 0.77, 356659, 109091, 784.77%, 2089, 2009
1705969543, 0, 0, 357, 0, 0, 816.02%, 243, 0, 0, 1943.33, 357098, 109235, 784.77%, 2089, 2009
1705969543, 0, 0, 357, 0, 0, 816.02%, 243, 0, 0, 4703.33, 358199, 109545, 784.77%, 2089, 2009
1705969544, 0, 0, 357, 0, 0, 816.02%, 243, 0, 0, 4916.67, 359336, 109883, 784.77%, 2089, 2009
1705969546, 0, 0, 357, 0, 0, 816.02%, 244, 0, 0, 569.55, 360451, 110201, 784.77%, 2089, 2009
1705969547, 0, 0, 357, 0, 0, 816.02%, 244, 0, 0, 6066.67, 361842, 110630, 784.77%, 2089, 2009
1705969547, 0, 0, 357, 0, 0, 816.02%, 244, 0, 0, 5220.00, 363065, 110973, 784.77%, 2089, 2009
1705969547, 0, 0, 357, 0, 0, 816.02%, 244, 0, 0, 2990.00, 363761, 111174, 784.77%, 2089, 2009
1705969547, 0, 0, 358, 0, 0, 816.02%, 244, 0, 0, 4380.00, 364764, 111485, 784.77%, 2089, 2009
1705969548, 0, 0, 358, 0, 0, 816.02%, 244, 0, 0, 5010.00, 365899, 111853, 784.77%, 2089, 2009
1705969550, 0, 0, 358, 0, 0, 816.02%, 244, 0, 0, 225.84, 366253, 111985, 784.77%, 2089, 2009
1705969550, 0, 0, 358, 0, 0, 816.02%, 244, 0, 0, 3023.33, 366951, 112194, 784.77%, 2089, 2009
1705969551, 0, 0, 358, 0, 0, 816.02%, 244, 0, 0, 4886.67, 368077, 112534, 784.77%, 2089, 2009
1705969551, 0, 0, 358, 0, 0, 816.02%, 245, 0, 0, 3596.67, 368893, 112797, 784.77%, 2089, 2009
1705969551, 0, 0, 358, 0, 0, 816.02%, 245, 0, 0, 2133.33, 369395, 112935, 784.77%, 2089, 2009
1705969551, 0, 0, 358, 0, 0, 816.02%, 245, 0, 0, 910.00, 369605, 112998, 784.77%, 2089, 2009
1705969552, 0, 0, 358, 0, 0, 816.02%, 245, 0, 0, 2.62, 369605, 112999, 784.77%, 2089, 2009
1705969552, 0, 0, 358, 0, 0, 816.02%, 245, 0, 0, 5236.67, 370857, 113318, 784.77%, 2089, 2009
1705969553, 0, 0, 358, 0, 0, 816.02%, 245, 0, 0, 1265.45, 371669, 113550, 784.77%, 2089, 2009
1705969553, 0, 0, 358, 0, 0, 816.02%, 247, 0, 0, 2463.33, 372240, 113718, 784.77%, 2089, 2009
1705969554, 0, 0, 358, 0, 0, 816.02%, 248, 0, 0, 3650.00, 373085, 113968, 784.77%, 2089, 2009
1705969554, 0, 0, 358, 0, 0, 816.02%, 248, 0, 0, 5370.00, 374345, 114319, 784.77%, 2089, 2009
1705969555, 0, 0, 358, 0, 0, 816.02%, 249, 0, 0, 368.70, 374681, 114407, 784.77%, 2089, 2009
1705969555, 0, 0, 358, 0, 0, 816.02%, 250, 0, 0, 4493.33, 375714, 114722, 784.77%, 2089, 2009
1705969556, 0, 0, 358, 0, 0, 816.02%, 251, 0, 0, 1706.67, 376111, 114837, 784.77%, 2089, 2009
1705969556, 0, 0, 358, 0, 0, 816.02%, 251, 0, 0, 5053.33, 377301, 115163, 784.77%, 2089, 2009
1705969557, 0, 0, 358, 0, 0, 816.02%, 251, 0, 0, 199.36, 377444, 115207, 784.77%, 2089, 2009
1705969557, 0, 0, 358, 0, 0, 816.02%, 252, 0, 0, 3154.06, 378288, 115489, 784.77%, 2089, 2009
1705969558, 0, 0, 358, 0, 0, 816.02%, 253, 0, 0, 1055.13, 378723, 115609, 784.77%, 2089, 2009
1705969558, 0, 0, 358, 0, 0, 816.02%, 254, 0, 0, 1570.61, 379348, 115807, 784.77%, 2089, 2009
1705969559, 0, 0, 358, 0, 0, 816.02%, 254, 0, 0, 4563.33, 380391, 116133, 784.77%, 2089, 2009
1705969559, 0, 0, 358, 0, 0, 816.02%, 254, 0, 0, 4676.67, 381449, 116478, 784.77%, 2089, 2009
1705969559, 0, 0, 358, 0, 0, 816.02%, 255, 0, 0, 3509.55, 382274, 116755, 784.77%, 2089, 2009
1705969559, 0, 0, 358, 0, 0, 816.02%, 255, 0, 0, 4206.67, 383226, 117065, 784.77%, 2089, 2009
1705969560, 0, 0, 358, 0, 0, 816.02%, 255, 0, 0, 2503.33, 383794, 117248, 784.77%, 2089, 2009
1705969561, 0, 0, 358, 0, 0, 816.02%, 256, 0, 0, 835.60, 384309, 117409, 784.77%, 2089, 2009
1705969561, 0, 0, 358, 0, 0, 816.02%, 257, 0, 0, 3190.00, 385042, 117633, 784.77%, 2089, 2009
1705969561, 0, 0, 358, 0, 0, 816.02%, 257, 0, 0, 4556.67, 386068, 117974, 784.77%, 2089, 2009
1705969562, 0, 0, 358, 0, 0, 816.02%, 257, 0, 0, 1831.83, 386503, 118149, 784.77%, 2089, 2009
1705969562, 0, 0, 358, 0, 0, 816.02%, 257, 0, 0, 4430.00, 387517, 118464, 784.77%, 2089, 2009
1705969562, 0, 0, 358, 0, 0, 816.02%, 258, 0, 0, 4090.00, 388472, 118736, 784.77%, 2089, 2009
1705969562, 0, 0, 358, 0, 0, 816.02%, 258, 0, 0, 2223.33, 388989, 118886, 784.77%, 2089, 2009
1705969563, 0, 0, 358, 0, 0, 816.02%, 258, 0, 0, 3753.33, 389832, 119169, 784.77%, 2089, 2009
1705969563, 0, 0, 358, 0, 0, 816.02%, 259, 0, 0, 692.11, 390232, 119304, 784.77%, 2089, 2009
1705969564, 0, 0, 358, 0, 0, 816.02%, 259, 0, 0, 4640.00, 391305, 119623, 784.77%, 2089, 2009
1705969564, 0, 0, 358, 0, 0, 816.02%, 259, 0, 0, 3163.33, 392015, 119862, 784.77%, 2089, 2009
1705969564, 0, 0, 358, 0, 0, 816.02%, 259, 0, 0, 2660.00, 392635, 120040, 784.77%, 2089, 2009
1705969565, 0, 0, 358, 0, 0, 816.02%, 259, 0, 0, 4690.00, 393725, 120357, 784.77%, 2089, 2009
1705969565, 0, 0, 358, 0, 0, 816.02%, 259, 0, 0, 1326.88, 394148, 120482, 784.77%, 2089, 2009
1705969565, 0, 0, 358, 0, 0, 816.02%, 259, 0, 0, 4590.00, 395201, 120806, 784.77%, 2089, 2009
1705969566, 0, 0, 358, 0, 0, 816.02%, 260, 0, 0, 4643.33, 396256, 121144, 784.77%, 2089, 2009
1705969566, 0, 0, 358, 0, 0, 816.02%, 260, 0, 0, 1013.10, 396605, 121259, 784.77%, 2089, 2009
1705969567, 0, 0, 358, 0, 0, 816.02%, 260, 0, 0, 1.81, 396605, 121260, 784.77%, 2089, 2009
1705969567, 0, 0, 358, 0, 0, 816.02%, 260, 0, 0, 4190.00, 397572, 121550, 784.77%, 2089, 2009
1705969567, 0, 0, 358, 0, 0, 816.02%, 260, 0, 0, 4796.67, 398667, 121894, 784.77%, 2089, 2009
1705969568, 0, 0, 358, 0, 0, 816.02%, 260, 0, 0, 1.98, 398668, 121894, 784.77%, 2089, 2009
1705969568, 0, 0, 358, 0, 0, 816.02%, 260, 0, 0, 4431.89, 399696, 122200, 784.77%, 2089, 2009
1705969569, 0, 0, 359, 0, 0, 816.02%, 260, 0, 0, 244.81, 399790, 122224, 784.77%, 2089, 2009
1705969569, 0, 0, 359, 0, 0, 816.02%, 260, 0, 0, 4960.00, 400959, 122543, 784.77%, 2089, 2009
1705969569, 0, 0, 361, 0, 0, 816.41%, 260, 0, 0, 2485.49, 401662, 122782, 785.16%, 2090, 2010
1705969570, 0, 0, 361, 0, 0, 816.41%, 260, 0, 0, 4816.67, 402750, 123139, 785.16%, 2090, 2010
1705969570, 0, 0, 361, 0, 0, 816.41%, 260, 0, 0, 3553.33, 403553, 123402, 785.16%, 2090, 2010
1705969571, 0, 0, 361, 0, 0, 816.41%, 261, 0, 0, 479.72, 403821, 123477, 785.16%, 2090, 2010
1705969571, 0, 0, 361, 0, 0, 816.41%, 261, 0, 0, 4700.00, 404917, 123791, 785.16%, 2090, 2010
1705969571, 0, 0, 362, 0, 0, 816.41%, 261, 0, 0, 4303.92, 405935, 124090, 785.16%, 2090, 2010
1705969571, 0, 0, 362, 0, 0, 816.41%, 261, 0, 0, 4480.00, 406985, 124384, 785.16%, 2090, 2010
1705969572, 0, 0, 362, 0, 0, 816.41%, 261, 0, 0, 5670.00, 408291, 124779, 785.16%, 2090, 2010
1705969572, 0, 0, 362, 0, 0, 816.41%, 261, 0, 0, 4676.67, 409331, 125142, 785.16%, 2090, 2010
1705969572, 0, 0, 362, 0, 0, 816.41%, 261, 0, 0, 3.08, 409331, 125143, 785.16%, 2090, 2010
1705969573, 0, 0, 362, 0, 0, 816.41%, 261, 0, 0, 4766.67, 410427, 125477, 785.16%, 2090, 2010
1705969573, 0, 0, 362, 0, 0, 816.41%, 261, 0, 0, 4116.67, 411393, 125746, 785.16%, 2090, 2010
1705969573, 0, 0, 362, 0, 0, 816.41%, 261, 0, 0, 4880.00, 412504, 126099, 785.16%, 2090, 2010
1705969574, 0, 0, 362, 0, 0, 816.41%, 262, 0, 0, 4850.00, 413645, 126413, 785.16%, 2090, 2010
1705969574, 0, 0, 362, 0, 0, 816.41%, 262, 0, 0, 5650.00, 414932, 126821, 785.16%, 2090, 2010
1705969574, 0, 0, 362, 0, 0, 816.41%, 262, 0, 0, 3022.92, 415731, 127077, 785.16%, 2090, 2010
1705969575, 0, 0, 362, 0, 0, 816.41%, 262, 0, 0, 1.59, 415732, 127077, 785.16%, 2090, 2010
1705969575, 0, 0, 362, 0, 0, 816.41%, 262, 0, 0, 2184.75, 416309, 127245, 785.16%, 2090, 2010
1705969576, 0, 0, 362, 0, 0, 816.41%, 262, 0, 0, 2388.16, 416870, 127410, 785.16%, 2090, 2010
1705969576, 0, 0, 362, 0, 0, 816.41%, 262, 0, 0, 1680.00, 417276, 127508, 785.16%, 2090, 2010
1705969576, 0, 0, 362, 0, 0, 816.41%, 262, 0, 0, 756.33, 417460, 127563, 785.16%, 2090, 2010
1705969576, 0, 0, 362, 0, 0, 816.41%, 262, 0, 0, 176.10, 417504, 127575, 785.16%, 2090, 2010
1705969577, 0, 0, 362, 0, 0, 816.41%, 262, 0, 0, 155.06, 417543, 127585, 785.16%, 2090, 2010
1705969577, 0, 0, 362, 0, 0, 816.41%, 262, 0, 0, 136.94, 417576, 127595, 785.16%, 2090, 2010
1705969577, 0, 0, 362, 0, 0, 816.41%, 262, 0, 0, 1306.67, 417865, 127698, 785.16%, 2090, 2010
1705969578, 0, 0, 362, 0, 0, 816.41%, 262, 0, 0, 194.42, 418012, 127739, 785.16%, 2090, 2010
1705969579, 0, 0, 362, 0, 0, 816.41%, 262, 0, 0, 5103.33, 419211, 128071, 785.16%, 2090, 2010
1705969580, 0, 0, 362, 0, 0, 816.41%, 262, 0, 0, 567.10, 419610, 128196, 785.16%, 2090, 2010
1705969580, 0, 0, 363, 0, 0, 816.41%, 262, 0, 0, 2831.06, 420392, 128453, 785.16%, 2090, 2010
1705969580, 0, 0, 363, 0, 0, 816.41%, 263, 0, 0, 4413.33, 421400, 128769, 785.16%, 2090, 2010
1705969581, 0, 0, 363, 0, 0, 816.41%, 263, 0, 0, 4753.33, 422480, 129115, 785.16%, 2090, 2010
1705969581, 0, 0, 364, 0, 0, 816.41%, 263, 0, 0, 940.21, 422974, 129250, 785.16%, 2090, 2010
1705969582, 0, 0, 364, 0, 0, 816.41%, 263, 0, 0, 4880.00, 424093, 129595, 785.16%, 2090, 2010
1705969582, 0, 0, 364, 0, 0, 816.41%, 263, 0, 0, 4953.33, 425206, 129968, 785.16%, 2090, 2010
1705969582, 0, 0, 364, 0, 0, 816.41%, 263, 0, 0, 1803.33, 425629, 130086, 785.16%, 2090, 2010
1705969583, 0, 0, 364, 0, 0, 816.41%, 263, 0, 0, 1409.02, 426273, 130317, 785.16%, 2090, 2010
1705969583, 0, 0, 364, 0, 0, 816.41%, 263, 0, 0, 2606.67, 426873, 130499, 785.16%, 2090, 2010
1705969583, 0, 0, 364, 0, 0, 816.41%, 263, 0, 0, 4910.00, 428026, 130819, 785.16%, 2090, 2010
1705969584, 0, 0, 364, 0, 0, 816.41%, 263, 0, 0, 5436.67, 429274, 131202, 785.16%, 2090, 2010
1705969584, 0, 0, 364, 0, 0, 816.41%, 263, 0, 0, 2078.83, 429990, 131409, 785.16%, 2090, 2010
1705969588, 0, 0, 364, 0, 0, 816.41%, 264, 0, 0, 79.01, 430209, 131473, 785.16%, 2090, 2010
1705969588, 0, 0, 364, 0, 0, 816.41%, 264, 0, 0, 4993.33, 431355, 131825, 785.16%, 2090, 2010
1705969588, 0, 0, 364, 0, 0, 816.41%, 264, 0, 0, 2.62, 431356, 131825, 785.16%, 2090, 2010
1705969589, 0, 0, 364, 0, 0, 816.41%, 264, 0, 0, 2130.00, 431863, 131957, 785.16%, 2090, 2010
1705969592, 0, 0, 365, 0, 0, 816.41%, 264, 0, 0, 222.35, 432440, 132134, 785.16%, 2090, 2010
1705969592, 0, 0, 365, 0, 0, 816.41%, 264, 0, 0, 5643.33, 433754, 132513, 785.16%, 2090, 2010
1705969593, 0, 0, 365, 0, 0, 816.41%, 264, 0, 0, 443.33, 433857, 132543, 785.16%, 2090, 2010
1705969593, 0, 0, 365, 0, 0, 816.41%, 264, 0, 0, 5146.67, 435062, 132882, 785.16%, 2090, 2010
1705969593, 0, 0, 365, 0, 0, 816.41%, 264, 0, 0, 5043.33, 436264, 133193, 785.16%, 2090, 2010
1705969594, 0, 0, 365, 0, 0, 816.41%, 265, 0, 0, 428.71, 436582, 133308, 785.16%, 2090, 2010
1705969595, 0, 0, 365, 0, 0, 816.41%, 265, 0, 0, 1710.00, 436973, 133430, 785.16%, 2090, 2010
1705969595, 0, 0, 365, 0, 0, 816.41%, 265, 0, 0, 5183.33, 438168, 133790, 785.16%, 2090, 2010
1705969595, 0, 0, 365, 0, 0, 816.41%, 265, 0, 0, 4590.00, 439217, 134118, 785.16%, 2090, 2010
1705969595, 0, 0, 365, 0, 0, 816.41%, 265, 0, 0, 6113.33, 440615, 134554, 785.16%, 2090, 2010
1705969596, 0, 0, 365, 0, 0, 816.41%, 265, 0, 0, 6126.67, 442027, 134980, 785.16%, 2090, 2010
1705969598, 0, 0, 365, 0, 0, 816.41%, 266, 0, 0, 79.08, 442165, 135011, 785.16%, 2090, 2010
1705969598, 0, 0, 365, 0, 0, 816.41%, 266, 0, 0, 4193.33, 443135, 135299, 785.16%, 2090, 2010
1705969598, 0, 0, 365, 0, 0, 816.41%, 266, 0, 0, 4956.67, 444274, 135647, 785.16%, 2090, 2010
1705969599, 0, 0, 365, 0, 0, 816.41%, 266, 0, 0, 4910.00, 445407, 135987, 785.16%, 2090, 2010
1705969599, 0, 0, 365, 0, 0, 816.41%, 266, 0, 0, 5446.67, 446655, 136373, 785.16%, 2090, 2010
1705969599, 0, 0, 365, 0, 0, 816.41%, 266, 0, 0, 5086.67, 447794, 136760, 785.16%, 2090, 2010
1705969600, 0, 0, 365, 0, 0, 816.41%, 266, 0, 0, 5036.67, 448927, 137138, 785.16%, 2090, 2010
1705969600, 0, 0, 365, 0, 0, 816.41%, 266, 0, 0, 5353.33, 450164, 137507, 785.16%, 2090, 2010
1705969600, 0, 0, 365, 0, 0, 816.41%, 267, 0, 0, 4623.33, 451224, 137834, 785.16%, 2090, 2010
1705969601, 0, 0, 365, 0, 0, 816.41%, 267, 0, 0, 906.30, 451661, 137958, 785.16%, 2090, 2010
1705969601, 0, 0, 365, 0, 0, 816.41%, 267, 0, 0, 4546.67, 452708, 138275, 785.16%, 2090, 2010
1705969602, 0, 0, 365, 0, 0, 816.41%, 267, 0, 0, 5063.33, 453858, 138644, 785.16%, 2090, 2010
1705969602, 0, 0, 365, 0, 0, 816.41%, 267, 0, 0, 2105.16, 454706, 138897, 785.16%, 2090, 2010
1705969602, 0, 0, 365, 0, 0, 816.41%, 267, 0, 0, 5320.00, 455927, 139272, 785.16%, 2090, 2010
1705969603, 0, 0, 365, 0, 0, 816.41%, 267, 0, 0, 3064.89, 457158, 139647, 785.16%, 2090, 2010
1705969603, 0, 0, 365, 0, 0, 816.41%, 267, 0, 0, 4910.00, 458281, 139997, 785.16%, 2090, 2010
1705969603, 0, 0, 365, 0, 0, 816.41%, 267, 0, 0, 3634.38, 459173, 140268, 785.16%, 2090, 2010
1705969604, 0, 0, 365, 0, 0, 816.41%, 268, 0, 0, 3056.67, 459862, 140496, 785.16%, 2090, 2010
1705969604, 0, 0, 365, 0, 0, 816.41%, 269, 0, 0, 4833.33, 460965, 140843, 785.16%, 2090, 2010
1705969604, 0, 0, 365, 0, 0, 816.41%, 271, 0, 0, 4823.33, 462064, 141191, 785.16%, 2090, 2010
1705969605, 0, 0, 365, 0, 0, 816.41%, 272, 0, 0, 3971.61, 463040, 141474, 785.16%, 2090, 2010
1705969606, 0, 0, 365, 0, 0, 816.41%, 273, 0, 0, 432.34, 463329, 141562, 785.16%, 2090, 2010
1705969606, 0, 0, 365, 0, 0, 816.41%, 273, 0, 0, 5793.33, 464674, 141955, 785.16%, 2090, 2010
1705969609, 0, 0, 366, 0, 0, 816.41%, 273, 0, 0, 79.27, 464888, 142027, 785.16%, 2090, 2010
1705969610, 0, 0, 367, 0, 0, 816.41%, 273, 0, 0, 1221.21, 465514, 142207, 786.72%, 2090, 2014
1705969610, 0, 0, 367, 0, 0, 816.41%, 273, 0, 0, 4743.33, 466602, 142542, 786.72%, 2090, 2014
1705969612, 0, 0, 367, 0, 0, 816.41%, 274, 0, 0, 844.18, 467475, 142823, 786.72%, 2090, 2014
1705969612, 0, 0, 367, 0, 0, 816.41%, 274, 0, 0, 6030.00, 468906, 143201, 786.72%, 2090, 2014
1705969612, 0, 0, 367, 0, 0, 816.41%, 274, 0, 0, 3906.67, 469797, 143482, 786.72%, 2090, 2014
1705969613, 0, 0, 367, 0, 0, 816.41%, 274, 0, 0, 408.76, 469972, 143531, 786.72%, 2090, 2014
1705969613, 0, 0, 367, 0, 0, 816.41%, 274, 0, 0, 1530.00, 470326, 143636, 786.72%, 2090, 2014
1705969614, 0, 0, 367, 0, 0, 816.41%, 274, 0, 0, 3843.33, 471189, 143926, 786.72%, 2090, 2014
1705969614, 0, 0, 367, 0, 0, 816.41%, 274, 0, 0, 938.61, 471550, 144039, 786.72%, 2090, 2014
1705969614, 0, 0, 367, 0, 0, 816.41%, 274, 0, 0, 284.15, 471637, 144056, 786.72%, 2090, 2014
1705969615, 0, 0, 367, 0, 0, 816.41%, 274, 0, 0, 22.08, 471643, 144060, 786.72%, 2090, 2014
1705969615, 0, 0, 367, 0, 0, 816.41%, 274, 0, 0, 20.99, 471648, 144066, 786.72%, 2090, 2014
1705969616, 0, 0, 367, 0, 0, 816.41%, 274, 0, 0, 5.28, 471650, 144067, 786.72%, 2090, 2014
1705969616, 0, 0, 367, 0, 0, 816.41%, 274, 0, 0, 6.31, 471652, 144067, 786.72%, 2090, 2014
1705969617, 0, 0, 367, 0, 0, 816.41%, 274, 0, 0, 5.80, 471654, 144068, 786.72%, 2090, 2014
1705969618, 0, 0, 367, 0, 0, 816.41%, 274, 0, 0, 4.15, 471656, 144069, 786.72%, 2090, 2014
1705969618, 0, 0, 367, 0, 0, 816.41%, 274, 0, 0, 7.35, 471659, 144070, 786.72%, 2090, 2014
1705969618, 0, 0, 367, 0, 0, 816.41%, 274, 0, 0, 29.13, 471667, 144074, 786.72%, 2090, 2014
1705969619, 0, 0, 367, 0, 0, 816.41%, 274, 0, 0, 6.64, 471668, 144075, 786.72%, 2090, 2014
1705969620, 0, 0, 367, 0, 0, 816.41%, 274, 0, 0, 1.11, 471668, 144076, 786.72%, 2090, 2014
1705969620, 0, 0, 367, 0, 0, 816.41%, 274, 0, 0, 3.91, 471671, 144076, 786.72%, 2090, 2014
1705969621, 0, 0, 367, 0, 0, 816.41%, 274, 0, 0, 8.52, 471673, 144077, 786.72%, 2090, 2014
1705969621, 0, 0, 367, 0, 0, 816.41%, 274, 0, 0, 29.13, 471680, 144079, 786.72%, 2090, 2014
1705969621, 0, 0, 367, 0, 0, 816.41%, 274, 0, 0, 25.72, 471688, 144079, 786.72%, 2090, 2014
1705969642, 0, 0, 367, 0, 0, 816.41%, 274, 0, 0, 0.05, 471689, 144079, 786.72%, 2090, 2014
1705969653, 0, 0, 367, 0, 0, 816.41%, 274, 0, 0, 0.10, 471690, 144079, 786.72%, 2090, 2014
1705969660, 0, 0, 367, 0, 0, 816.41%, 274, 0, 0, 0.14, 471691, 144079, 786.72%, 2090, 2014
1705969662, 0, 0, 367, 0, 0, 816.41%, 274, 0, 0, 0.50, 471691, 144080, 786.72%, 2090, 2014
1705969668, 0, 0, 367, 0, 0, 816.41%, 274, 0, 0, 0.16, 471692, 144080, 786.72%, 2090, 2014
1705969672, 0, 0, 367, 0, 0, 816.41%, 274, 0, 0, 0.25, 471693, 144080, 786.72%, 2090, 2014
1705969672, 0, 0, 367, 0, 0, 816.41%, 274, 0, 0, 44.78, 471707, 144084, 786.72%, 2090, 2014
1705969675, 0, 0, 367, 0, 0, 816.41%, 274, 0, 0, 0.39, 471707, 144085, 786.72%, 2090, 2014
1705969676, 0, 0, 367, 0, 0, 816.41%, 274, 0, 0, 1.28, 471708, 144085, 786.72%, 2090, 2014
1705969676, 0, 0, 367, 0, 0, 816.41%, 274, 0, 0, 49.25, 471726, 144090, 786.72%, 2090, 2014
1705969677, 0, 0, 367, 0, 0, 816.41%, 274, 0, 0, 8.24, 471728, 144093, 786.72%, 2090, 2014
1705969678, 0, 0, 367, 0, 0, 816.41%, 274, 0, 0, 1.27, 471729, 144093, 786.72%, 2090, 2014
1705969678, 0, 0, 367, 0, 0, 816.41%, 274, 0, 0, 79.27, 471751, 144097, 786.72%, 2090, 2014
1705969681, 0, 0, 367, 0, 0, 816.41%, 274, 0, 0, 0.34, 471752, 144097, 786.72%, 2090, 2014
1705969681, 0, 0, 367, 0, 0, 816.41%, 274, 0, 0, 69.31, 471768, 144102, 786.72%, 2090, 2014
1705969682, 0, 0, 367, 0, 0, 816.41%, 274, 0, 0, 35.40, 471777, 144105, 786.72%, 2090, 2014
1705969684, 0, 0, 367, 0, 0, 816.41%, 274, 0, 0, 0.37, 471777, 144106, 786.72%, 2090, 2014
1705969685, 0, 0, 367, 0, 0, 816.41%, 274, 0, 0, 24.63, 471783, 144110, 786.72%, 2090, 2014
1705969685, 0, 0, 367, 0, 0, 816.41%, 274, 0, 0, 45.45, 471794, 144113, 786.72%, 2090, 2014
1705969685, 0, 0, 367, 0, 0, 816.41%, 274, 0, 0, 38.83, 471805, 144114, 786.72%, 2090, 2014
1705969686, 0, 0, 367, 0, 0, 816.41%, 274, 0, 0, 56.25, 471816, 144121, 786.72%, 2090, 2014
1705969686, 0, 0, 367, 0, 0, 816.41%, 274, 0, 0, 25.57, 471824, 144122, 786.72%, 2090, 2014
1705969686, 0, 0, 367, 0, 0, 816.41%, 274, 0, 0, 99.68, 471850, 144127, 786.72%, 2090, 2014
1705969687, 0, 0, 367, 0, 0, 816.41%, 274, 0, 0, 25.14, 471856, 144130, 786.72%, 2090, 2014
1705969687, 0, 0, 367, 0, 0, 816.41%, 274, 0, 0, 96.77, 471881, 144138, 786.72%, 2090, 2014
1705969688, 0, 0, 367, 0, 0, 816.41%, 274, 0, 0, 1.13, 471882, 144138, 786.72%, 2090, 2014
1705969688, 0, 0, 367, 0, 0, 816.41%, 274, 0, 0, 33.52, 471893, 144139, 786.72%, 2090, 2014
1705969689, 0, 0, 367, 0, 0, 816.41%, 274, 0, 0, 18.23, 471897, 144142, 786.72%, 2090, 2014
1705969689, 0, 0, 367, 0, 0, 816.41%, 274, 0, 0, 88.82, 471921, 144145, 786.72%, 2090, 2014
1705969689, 0, 0, 367, 0, 0, 816.41%, 274, 0, 0, 15.52, 471925, 144148, 786.72%, 2090, 2014
1705969690, 0, 0, 367, 0, 0, 816.41%, 274, 0, 0, 17.86, 471931, 144149, 786.72%, 2090, 2014
1705969692, 0, 0, 367, 0, 0, 816.41%, 274, 0, 0, 0.53, 471932, 144149, 786.72%, 2090, 2014
1705969692, 0, 0, 367, 0, 0, 816.41%, 274, 0, 0, 44.78, 471943, 144153, 786.72%, 2090, 2014
1705969692, 0, 0, 367, 0, 0, 816.41%, 274, 0, 0, 49.13, 471957, 144156, 786.72%, 2090, 2014
1705969693, 0, 0, 367, 0, 0, 816.41%, 274, 0, 0, 66.88, 471972, 144162, 786.72%, 2090, 2014
1705969693, 0, 0, 367, 0, 0, 816.41%, 274, 0, 0, 17.12, 471979, 144165, 786.72%, 2090, 2014
1705969694, 0, 0, 367, 0, 0, 816.41%, 274, 0, 0, 1.48, 471980, 144165, 786.72%, 2090, 2014
1705969694, 0, 0, 367, 0, 0, 816.41%, 274, 0, 0, 24.86, 471987, 144167, 786.72%, 2090, 2014
1705969695, 0, 0, 367, 0, 0, 816.41%, 274, 0, 0, 10.64, 471990, 144168, 786.72%, 2090, 2014
1705969699, 0, 0, 367, 0, 0, 816.41%, 274, 0, 0, 0.21, 471991, 144168, 786.72%, 2090, 2014
1705969700, 0, 0, 367, 0, 0, 816.41%, 274, 0, 0, 66.12, 472012, 144171, 786.72%, 2090, 2014
1705969701, 0, 0, 367, 0, 0, 816.41%, 274, 0, 0, 1.04, 472012, 144172, 786.72%, 2090, 2014
1705969701, 0, 0, 367, 0, 0, 816.41%, 274, 0, 0, 22.94, 472020, 144174, 786.72%, 2090, 2014
1705969701, 0, 0, 367, 0, 0, 816.41%, 274, 0, 0, 50.15, 472033, 144178, 786.72%, 2090, 2014
1705969705, 0, 0, 367, 0, 0, 816.41%, 274, 0, 0, 0.25, 472033, 144179, 786.72%, 2090, 2014
1705969706, 0, 0, 367, 0, 0, 816.41%, 274, 0, 0, 35.80, 472041, 144186, 786.72%, 2090, 2014
1705969706, 0, 0, 367, 0, 0, 816.41%, 274, 0, 0, 25.94, 472049, 144187, 786.72%, 2090, 2014
1705969707, 0, 0, 367, 0, 0, 816.41%, 274, 0, 0, 29.07, 472054, 144192, 786.72%, 2090, 2014
1705969707, 0, 0, 367, 0, 0, 816.41%, 274, 0, 0, 49.33, 472072, 144196, 786.72%, 2090, 2014
1705969707, 0, 0, 367, 0, 0, 816.41%, 274, 0, 0, 28.37, 472082, 144198, 786.72%, 2090, 2014
1705969708, 0, 0, 367, 0, 0, 816.41%, 274, 0, 0, 51.41, 472097, 144203, 786.72%, 2090, 2014
1705969708, 0, 0, 367, 0, 0, 816.41%, 274, 0, 0, 37.74, 472115, 144209, 786.72%, 2090, 2014
1705969709, 0, 0, 367, 0, 0, 816.41%, 274, 0, 0, 21.81, 472119, 144212, 786.72%, 2090, 2014
1705969709, 0, 0, 367, 0, 0, 816.41%, 274, 0, 0, 10.90, 472123, 144212, 786.72%, 2090, 2014
1705969710, 0, 0, 367, 0, 0, 816.41%, 274, 0, 0, 54.85, 472146, 144215, 786.72%, 2090, 2014
1705969710, 0, 0, 367, 0, 0, 816.41%, 274, 0, 0, 2.35, 472146, 144216, 786.72%, 2090, 2014
1705969711, 0, 0, 367, 0, 0, 816.41%, 274, 0, 0, 1.49, 472147, 144216, 786.72%, 2090, 2014
1705969711, 0, 0, 367, 0, 0, 816.41%, 274, 0, 0, 2.94, 472148, 144216, 786.72%, 2090, 2014
1705969711, 0, 0, 367, 0, 0, 816.41%, 274, 0, 0, 3.02, 472148, 144217, 786.72%, 2090, 2014
1705969712, 0, 0, 367, 0, 0, 816.41%, 274, 0, 0, 232.56, 472197, 144238, 786.72%, 2090, 2014
1705969713, 0, 0, 367, 0, 0, 816.41%, 274, 0, 0, 0.69, 472198, 144238, 786.72%, 2090, 2014
1705969714, 0, 0, 367, 0, 0, 816.41%, 274, 0, 0, 6.71, 472198, 144241, 786.72%, 2090, 2014
1705969714, 0, 0, 367, 0, 0, 816.41%, 274, 0, 0, 49.34, 472209, 144245, 786.72%, 2090, 2014
1705969714, 0, 0, 367, 0, 0, 816.41%, 274, 0, 0, 35.95, 472218, 144247, 786.72%, 2090, 2014
1705969715, 0, 0, 367, 0, 0, 816.41%, 274, 0, 0, 54.66, 472230, 144252, 786.72%, 2090, 2014
1705969715, 0, 0, 367, 0, 0, 816.41%, 274, 0, 0, 5.81, 472232, 144253, 786.72%, 2090, 2014
1705969715, 0, 0, 367, 0, 0, 816.41%, 274, 0, 0, 16.90, 472237, 144254, 786.72%, 2090, 2014
1705969716, 0, 0, 367, 0, 0, 816.41%, 274, 0, 0, 1.56, 472238, 144254, 786.72%, 2090, 2014
1705969716, 0, 0, 367, 0, 0, 816.41%, 274, 0, 0, 38.46, 472246, 144258, 786.72%, 2090, 2014
1705969717, 0, 0, 367, 0, 0, 816.41%, 274, 0, 0, 44.73, 472257, 144261, 786.72%, 2090, 2014
1705969717, 0, 0, 367, 0, 0, 816.41%, 274, 0, 0, 18.83, 472265, 144262, 786.72%, 2090, 2014
1705969718, 0, 0, 367, 0, 0, 816.41%, 274, 0, 0, 17.82, 472269, 144267, 786.72%, 2090, 2014
1705969720, 0, 0, 367, 0, 0, 816.41%, 274, 0, 0, 0.37, 472270, 144267, 786.72%, 2090, 2014
1705969721, 0, 0, 367, 0, 0, 816.41%, 274, 0, 0, 52.81, 472285, 144268, 786.72%, 2090, 2014
1705969721, 0, 0, 367, 0, 0, 816.41%, 274, 0, 0, 64.14, 472303, 144272, 786.72%, 2090, 2014
1705969721, 0, 0, 367, 0, 0, 816.41%, 274, 0, 0, 31.66, 472311, 144276, 786.72%, 2090, 2014
1705969722, 0, 0, 367, 0, 0, 816.41%, 274, 0, 0, 42.90, 472320, 144280, 786.72%, 2090, 2014
1705969722, 0, 0, 367, 0, 0, 816.41%, 274, 0, 0, 68.85, 472338, 144283, 786.72%, 2090, 2014
1705969722, 0, 0, 367, 0, 0, 816.41%, 274, 0, 0, 44.91, 472351, 144285, 786.72%, 2090, 2014
1705969723, 0, 0, 367, 0, 0, 816.41%, 274, 0, 0, 24.19, 472358, 144287, 786.72%, 2090, 2014
1705969723, 0, 0, 367, 0, 0, 816.41%, 274, 0, 0, 31.58, 472365, 144292, 786.72%, 2090, 2014
1705969723, 0, 0, 367, 0, 0, 816.41%, 274, 0, 0, 6.25, 472365, 144294, 786.72%, 2090, 2014
1705969724, 0, 0, 367, 0, 0, 816.41%, 274, 0, 0, 32.16, 472374, 144296, 786.72%, 2090, 2014
1705969724, 0, 0, 367, 0, 0, 816.41%, 274, 0, 0, 26.88, 472379, 144301, 786.72%, 2090, 2014
1705969724, 0, 0, 367, 0, 0, 816.41%, 274, 0, 0, 36.25, 472385, 144307, 786.72%, 2090, 2014
1705969725, 0, 0, 367, 0, 0, 816.41%, 274, 0, 0, 2.12, 472385, 144308, 786.72%, 2090, 2014
1705969725, 0, 0, 367, 0, 0, 816.41%, 274, 0, 0, 60.70, 472399, 144313, 786.72%, 2090, 2014
1705969726, 0, 0, 367, 0, 0, 816.41%, 274, 0, 0, 46.38, 472409, 144319, 786.72%, 2090, 2014
1705969728, 0, 0, 367, 0, 0, 816.41%, 274, 0, 0, 0.51, 472410, 144319, 786.72%, 2090, 2014
1705969728, 0, 0, 367, 0, 0, 816.41%, 274, 0, 0, 8.38, 472412, 144322, 786.72%, 2090, 2014
1705969728, 0, 0, 367, 0, 0, 816.41%, 274, 0, 0, 9.17, 472414, 144323, 786.72%, 2090, 2014
1705969729, 0, 0, 367, 0, 0, 816.41%, 274, 0, 0, 3287.43, 473250, 144585, 786.72%, 2090, 2014
1705969729, 0, 0, 367, 0, 0, 816.41%, 274, 0, 0, 1190.88, 473563, 144690, 786.72%, 2090, 2014
1705969736, 0, 0, 368, 0, 0, 816.41%, 274, 0, 0, 23.00, 473684, 144736, 786.72%, 2090, 2014
1705969737, 0, 0, 368, 0, 0, 816.41%, 274, 0, 0, 98.27, 473714, 144740, 786.72%, 2090, 2014
1705969737, 0, 0, 368, 0, 0, 816.41%, 274, 0, 0, 2.33, 473715, 144740, 786.72%, 2090, 2014
1705969738, 0, 0, 368, 0, 0, 816.41%, 274, 0, 0, 1007.59, 474028, 144825, 786.72%, 2090, 2014
1705969739, 0, 0, 368, 0, 0, 816.41%, 275, 0, 0, 68.37, 474124, 144847, 786.72%, 2090, 2014
1705969740, 0, 0, 368, 0, 0, 816.41%, 275, 0, 0, 300.00, 474189, 144872, 786.72%, 2090, 2014
1705969741, 0, 0, 368, 0, 0, 816.41%, 275, 0, 0, 0.66, 474190, 144872, 786.72%, 2090, 2014
1705969741, 0, 0, 368, 0, 0, 816.41%, 275, 0, 0, 593.33, 474327, 144913, 786.72%, 2090, 2014
1705969742, 0, 0, 368, 0, 0, 816.41%, 275, 0, 0, 903.33, 474529, 144982, 786.72%, 2090, 2014
1705969742, 0, 0, 368, 0, 0, 816.41%, 275, 0, 0, 564.78, 474652, 145029, 786.72%, 2090, 2014
1705969742, 0, 0, 368, 0, 0, 816.41%, 275, 0, 0, 612.24, 474813, 145078, 786.72%, 2090, 2014
1705969744, 0, 0, 368, 0, 0, 816.41%, 275, 0, 0, 144.20, 474961, 145130, 786.72%, 2090, 2014
1705969744, 0, 0, 368, 0, 0, 816.41%, 275, 0, 0, 5480.00, 476229, 145506, 786.72%, 2090, 2014
1705969751, 0, 0, 369, 0, 0, 816.41%, 275, 0, 0, 100.75, 476761, 145675, 786.72%, 2090, 2014
1705969763, 0, 0, 369, 0, 0, 816.41%, 275, 0, 0, 6.60, 476822, 145694, 786.72%, 2090, 2014
1705969763, 0, 0, 369, 0, 0, 816.41%, 275, 0, 0, 5430.00, 478053, 146092, 786.72%, 2090, 2014
1705969768, 0, 0, 369, 0, 0, 816.41%, 276, 0, 0, 58.23, 478252, 146149, 786.72%, 2090, 2014
1705969768, 0, 0, 369, 0, 0, 816.41%, 276, 0, 0, 6200.00, 479667, 146594, 786.72%, 2090, 2014
1705969769, 0, 0, 369, 0, 0, 816.41%, 276, 0, 0, 41.41, 479682, 146599, 786.72%, 2090, 2014
1705969769, 0, 0, 369, 0, 0, 816.41%, 276, 0, 0, 5336.67, 480919, 146963, 786.72%, 2090, 2014
1705969769, 0, 0, 369, 0, 0, 816.41%, 276, 0, 0, 1993.33, 481370, 147110, 786.72%, 2090, 2014
1705969770, 0, 0, 369, 0, 0, 816.41%, 276, 0, 0, 4622.36, 482559, 147451, 786.72%, 2090, 2014
1705969774, 0, 0, 369, 0, 0, 816.41%, 277, 0, 0, 208.41, 483196, 147647, 786.72%, 2090, 2014
1705969774, 0, 0, 369, 0, 0, 816.41%, 277, 0, 0, 5153.33, 484415, 147974, 786.72%, 2090, 2014
1705969774, 0, 0, 369, 0, 0, 816.41%, 277, 0, 0, 3950.00, 485381, 148272, 786.72%, 2090, 2014
1705969774, 0, 0, 369, 0, 0, 816.41%, 277, 0, 0, 5606.67, 486674, 148661, 786.72%, 2090, 2014
1705969776, 0, 0, 369, 0, 0, 816.41%, 278, 0, 0, 38.75, 486714, 148672, 786.72%, 2090, 2014
1705969776, 0, 0, 369, 0, 0, 816.41%, 278, 0, 0, 1686.11, 487196, 148797, 786.72%, 2090, 2014
1705969777, 0, 0, 369, 0, 0, 816.41%, 278, 0, 0, 2.08, 487197, 148797, 786.72%, 2090, 2014
1705969777, 0, 0, 369, 0, 0, 816.41%, 278, 0, 0, 5293.33, 488412, 149170, 786.72%, 2090, 2014
1705969784, 0, 0, 369, 0, 0, 816.41%, 279, 0, 0, 52.82, 488701, 149239, 786.72%, 2090, 2014
1705969784, 0, 0, 369, 0, 0, 816.41%, 279, 0, 0, 4986.67, 489838, 149598, 786.72%, 2090, 2014
1705969784, 0, 0, 369, 0, 0, 816.41%, 279, 0, 0, 4810.00, 490925, 149954, 786.72%, 2090, 2014
1705969785, 0, 0, 369, 0, 0, 816.41%, 279, 0, 0, 3313.33, 491699, 150174, 786.72%, 2090, 2014
1705969789, 0, 0, 370, 0, 0, 816.41%, 279, 0, 0, 99.52, 492044, 150263, 786.72%, 2090, 2014
1705969789, 0, 0, 370, 0, 0, 816.41%, 279, 0, 0, 6020.00, 493476, 150637, 786.72%, 2090, 2014
1705969790, 0, 0, 370, 0, 0, 816.41%, 279, 0, 0, 2856.67, 494172, 150798, 786.72%, 2090, 2014
1705969791, 0, 0, 370, 0, 0, 816.41%, 280, 0, 0, 870.45, 495397, 151152, 786.72%, 2090, 2014
1705969799, 0, 0, 370, 0, 0, 816.41%, 281, 0, 0, 103.80, 495973, 151338, 786.72%, 2090, 2014
1705969806, 0, 0, 371, 0, 0, 816.41%, 281, 0, 0, 203.99, 497084, 151701, 786.72%, 2090, 2014
1705969806, 0, 0, 371, 0, 0, 816.41%, 281, 0, 0, 5190.00, 498270, 152072, 786.72%, 2090, 2014
1705969808, 0, 0, 371, 0, 0, 816.41%, 281, 0, 0, 993.94, 499396, 152421, 786.72%, 2090, 2014
1705969808, 0, 0, 371, 0, 0, 816.41%, 281, 0, 0, 2.57, 499397, 152421, 786.72%, 2090, 2014
1705969808, 0, 0, 371, 0, 0, 816.41%, 281, 0, 0, 4816.67, 500481, 152782, 786.72%, 2090, 2014
1705969809, 0, 0, 371, 0, 0, 816.41%, 281, 0, 0, 4303.33, 501468, 153086, 786.72%, 2090, 2014
1705969811, 0, 0, 371, 0, 0, 816.41%, 281, 0, 0, 0.39, 501469, 153086, 786.72%, 2090, 2014
1705969812, 0, 0, 371, 0, 0, 816.41%, 281, 0, 0, 992.17, 502063, 153252, 786.72%, 2090, 2014
1705969812, 0, 0, 371, 0, 0, 816.41%, 281, 0, 0, 5546.67, 503341, 153638, 786.72%, 2090, 2014
1705969813, 0, 0, 371, 0, 0, 816.41%, 281, 0, 0, 5026.67, 504515, 153972, 786.72%, 2090, 2014
1705969813, 0, 0, 371, 0, 0, 816.41%, 281, 0, 0, 1175.80, 504914, 154088, 786.72%, 2090, 2014
1705969814, 0, 0, 371, 0, 0, 816.41%, 281, 0, 0, 1.75, 504915, 154088, 786.72%, 2090, 2014
1705969816, 0, 0, 371, 0, 0, 816.41%, 281, 0, 0, 0.36, 504916, 154088, 786.72%, 2090, 2014
1705969817, 0, 0, 371, 0, 0, 816.41%, 281, 0, 0, 5613.33, 506204, 154484, 786.72%, 2090, 2014
1705969817, 0, 0, 371, 0, 0, 816.41%, 281, 0, 0, 5806.67, 507540, 154890, 786.72%, 2090, 2014
1705969818, 0, 0, 371, 0, 0, 816.41%, 281, 0, 0, 0.95, 507541, 154890, 786.72%, 2090, 2014
1705969820, 0, 0, 371, 0, 0, 816.41%, 282, 0, 0, 43.18, 507610, 154917, 786.72%, 2090, 2014
1705969821, 0, 0, 371, 0, 0, 816.41%, 282, 0, 0, 5183.33, 508828, 155254, 786.72%, 2090, 2014
1705969821, 0, 0, 371, 0, 0, 816.41%, 282, 0, 0, 4473.33, 509861, 155563, 786.72%, 2090, 2014
1705969822, 0, 0, 372, 0, 0, 816.41%, 282, 0, 0, 301.86, 510016, 155603, 786.72%, 2090, 2014
1705969822, 0, 0, 372, 0, 0, 816.41%, 282, 0, 0, 1252.17, 510350, 155701, 786.72%, 2090, 2014
1705969822, 0, 0, 372, 0, 0, 816.41%, 282, 0, 0, 5730.00, 511685, 156085, 786.72%, 2090, 2014
1705969822, 0, 0, 372, 0, 0, 816.41%, 282, 0, 0, 4923.33, 512827, 156420, 786.72%, 2090, 2014
1705969823, 0, 0, 372, 0, 0, 816.41%, 282, 0, 0, 672.90, 513044, 156491, 786.72%, 2090, 2014
1705969824, 0, 0, 372, 0, 0, 816.41%, 282, 0, 0, 144.13, 513118, 156514, 786.72%, 2090, 2014
1705969824, 0, 0, 372, 0, 0, 816.41%, 282, 0, 0, 4240.00, 514113, 156791, 786.72%, 2090, 2014
1705969828, 0, 0, 372, 0, 0, 816.41%, 283, 0, 0, 295.30, 514999, 157054, 786.72%, 2090, 2014
1705969828, 0, 0, 372, 0, 0, 816.41%, 283, 0, 0, 1721.58, 515801, 157297, 786.72%, 2090, 2014
1705969831, 0, 0, 372, 0, 0, 816.41%, 284, 0, 0, 205.49, 516197, 157425, 786.72%, 2090, 2014
1705969831, 0, 0, 372, 0, 0, 816.41%, 284, 0, 0, 4783.33, 517307, 157750, 786.72%, 2090, 2014
1705969832, 0, 0, 372, 0, 0, 816.41%, 284, 0, 0, 2291.07, 518244, 158096, 786.72%, 2090, 2014
1705969832, 0, 0, 372, 0, 0, 816.41%, 284, 0, 0, 2.46, 518244, 158097, 786.72%, 2090, 2014
1705969832, 0, 0, 372, 0, 0, 816.41%, 284, 0, 0, 5853.33, 519608, 158489, 786.72%, 2090, 2014
1705969833, 0, 0, 372, 0, 0, 816.41%, 284, 0, 0, 3809.38, 520549, 158767, 786.72%, 2090, 2014
1705969833, 0, 0, 372, 0, 0, 816.41%, 284, 0, 0, 1157.78, 520924, 158913, 786.72%, 2090, 2014
1705969834, 0, 0, 372, 0, 0, 816.41%, 284, 0, 0, 3553.92, 522026, 159261, 786.72%, 2090, 2014
1705969834, 0, 0, 372, 0, 0, 816.41%, 284, 0, 0, 1.43, 522026, 159262, 786.72%, 2090, 2014
1705969835, 0, 0, 372, 0, 0, 816.41%, 284, 0, 0, 5666.67, 523372, 159616, 786.72%, 2090, 2014
1705969835, 0, 0, 372, 0, 0, 816.41%, 284, 0, 0, 889.46, 523628, 159706, 786.72%, 2090, 2014
1705969835, 0, 0, 372, 0, 0, 816.41%, 284, 0, 0, 4813.33, 524767, 160011, 786.72%, 2090, 2014
1705969836, 0, 0, 372, 0, 0, 816.41%, 284, 0, 0, 5186.67, 525962, 160372, 786.72%, 2090, 2014
1705969836, 0, 0, 372, 0, 0, 816.41%, 284, 0, 0, 2670.00, 526569, 160566, 786.72%, 2090, 2014
1705969836, 0, 0, 372, 0, 0, 816.41%, 284, 0, 0, 5360.00, 527809, 160934, 786.72%, 2090, 2014
1705969839, 0, 0, 372, 0, 0, 816.41%, 285, 0, 0, 278.90, 528297, 161083, 786.72%, 2090, 2014
1705969839, 0, 0, 372, 0, 0, 816.41%, 285, 0, 0, 2752.11, 529039, 161318, 786.72%, 2090, 2014
1705969839, 0, 0, 372, 0, 0, 816.41%, 285, 0, 0, 4926.67, 530196, 161639, 786.72%, 2090, 2014
1705969840, 0, 0, 372, 0, 0, 816.41%, 285, 0, 0, 4363.33, 531188, 161956, 786.72%, 2090, 2014
1705969841, 0, 0, 372, 0, 0, 816.41%, 285, 0, 0, 585.44, 531777, 162131, 786.72%, 2090, 2014
1705969843, 0, 0, 372, 0, 0, 816.41%, 286, 0, 0, 59.41, 531862, 162154, 786.72%, 2090, 2014
1705969843, 0, 0, 373, 0, 0, 816.41%, 286, 0, 0, 1114.29, 532355, 162285, 786.72%, 2090, 2014
1705969843, 0, 0, 373, 0, 0, 816.41%, 286, 0, 0, 5143.33, 533558, 162625, 786.72%, 2090, 2014
1705969844, 0, 0, 373, 0, 0, 816.41%, 286, 0, 0, 2416.67, 534585, 162932, 786.72%, 2090, 2014
1705969844, 0, 0, 373, 0, 0, 816.41%, 286, 0, 0, 4483.33, 535608, 163254, 786.72%, 2090, 2014
1705969845, 0, 0, 373, 0, 0, 816.41%, 286, 0, 0, 5036.67, 536767, 163606, 786.72%, 2090, 2014
1705969845, 0, 0, 373, 0, 0, 816.41%, 286, 0, 0, 1467.67, 537302, 163752, 786.72%, 2090, 2014
1705969845, 0, 0, 373, 0, 0, 816.41%, 286, 0, 0, 4610.00, 538337, 164100, 786.72%, 2090, 2014
1705969846, 0, 0, 373, 0, 0, 816.41%, 286, 0, 0, 4446.67, 539352, 164419, 786.72%, 2090, 2014
1705969847, 0, 0, 373, 0, 0, 816.41%, 286, 0, 0, 773.21, 539858, 164571, 786.72%, 2090, 2014
1705969847, 0, 0, 373, 0, 0, 816.41%, 287, 0, 0, 613.39, 540166, 164666, 786.72%, 2090, 2014
1705969848, 0, 0, 373, 0, 0, 816.41%, 287, 0, 0, 4340.00, 541153, 164981, 786.72%, 2090, 2014
1705969848, 0, 0, 373, 0, 0, 816.41%, 287, 0, 0, 4623.33, 542224, 165297, 786.72%, 2090, 2014
1705969848, 0, 0, 373, 0, 0, 816.41%, 287, 0, 0, 786.26, 542561, 165372, 786.72%, 2090, 2014
1705969849, 0, 0, 373, 0, 0, 816.41%, 288, 0, 0, 1645.99, 543046, 165524, 786.72%, 2090, 2014
1705969849, 0, 0, 373, 0, 0, 816.41%, 288, 0, 0, 4296.67, 544025, 165834, 786.72%, 2090, 2014
1705969849, 0, 0, 373, 0, 0, 816.41%, 288, 0, 0, 4446.67, 545033, 166160, 786.72%, 2090, 2014
1705969850, 0, 0, 373, 0, 0, 816.41%, 288, 0, 0, 873.33, 545237, 166218, 786.72%, 2090, 2014
1705969850, 0, 0, 373, 0, 0, 816.41%, 288, 0, 0, 541.85, 545428, 166273, 786.72%, 2090, 2014
1705969850, 0, 0, 373, 0, 0, 816.41%, 288, 0, 0, 5710.00, 546741, 166673, 786.72%, 2090, 2014
1705969857, 0, 0, 373, 0, 0, 816.41%, 289, 0, 0, 127.75, 547426, 166881, 786.72%, 2090, 2014
1705969858, 0, 0, 373, 0, 0, 816.41%, 289, 0, 0, 901.79, 547897, 167016, 786.72%, 2090, 2014
1705969858, 0, 0, 373, 0, 0, 816.41%, 289, 0, 0, 5726.67, 549215, 167416, 786.72%, 2090, 2014
1705969859, 0, 0, 373, 0, 0, 816.41%, 289, 0, 0, 5756.67, 550550, 167808, 786.72%, 2090, 2014
1705969859, 0, 0, 373, 0, 0, 816.41%, 289, 0, 0, 134.19, 550596, 167835, 786.72%, 2090, 2014
1705969859, 0, 0, 373, 0, 0, 816.41%, 289, 0, 0, 4983.50, 551782, 168159, 786.72%, 2090, 2014
1705969860, 0, 0, 373, 0, 0, 816.41%, 289, 0, 0, 4603.33, 552836, 168486, 786.72%, 2090, 2014
1705969860, 0, 0, 373, 0, 0, 816.41%, 289, 0, 0, 3130.00, 553555, 168706, 786.72%, 2090, 2014
1705969860, 0, 0, 373, 0, 0, 816.41%, 289, 0, 0, 5393.33, 554770, 169109, 786.72%, 2090, 2014
1705969861, 0, 0, 373, 0, 0, 816.41%, 289, 0, 0, 2967.01, 555855, 169463, 786.72%, 2090, 2014
1705969861, 0, 0, 373, 0, 0, 816.41%, 289, 0, 0, 4316.67, 556857, 169756, 786.72%, 2090, 2014
1705969861, 0, 0, 373, 0, 0, 816.41%, 289, 0, 0, 4973.33, 557964, 170141, 786.72%, 2090, 2014
1705969862, 0, 0, 373, 0, 0, 816.41%, 289, 0, 0, 2126.18, 558492, 170287, 786.72%, 2090, 2014
1705969862, 0, 0, 373, 0, 0, 816.41%, 289, 0, 0, 4726.67, 559595, 170602, 786.72%, 2090, 2014
1705969862, 0, 0, 373, 0, 0, 816.41%, 289, 0, 0, 5340.00, 560806, 170993, 786.72%, 2090, 2014
1705969863, 0, 0, 373, 0, 0, 816.41%, 289, 0, 0, 1108.53, 561135, 171093, 786.72%, 2090, 2014
1705969863, 0, 0, 373, 0, 0, 816.41%, 289, 0, 0, 5286.67, 562363, 171451, 786.72%, 2090, 2014
1705969865, 0, 0, 374, 0, 0, 816.41%, 289, 0, 0, 133.03, 562567, 171508, 786.72%, 2090, 2014
1705969865, 0, 0, 374, 0, 0, 816.41%, 289, 0, 0, 4863.33, 563653, 171881, 786.72%, 2090, 2014
1705969866, 0, 0, 374, 0, 0, 816.41%, 289, 0, 0, 645.16, 563803, 171931, 786.72%, 2090, 2014
1705969866, 0, 0, 374, 0, 0, 816.41%, 289, 0, 0, 5493.33, 565066, 172316, 786.72%, 2090, 2014
1705969866, 0, 0, 374, 0, 0, 816.41%, 289, 0, 0, 1860.00, 565498, 172442, 786.72%, 2090, 2014
1705969867, 0, 0, 374, 0, 0, 816.41%, 290, 0, 0, 712.19, 565981, 172590, 786.72%, 2090, 2014
1705969868, 0, 0, 374, 0, 0, 816.41%, 290, 0, 0, 1457.70, 566486, 172757, 786.72%, 2090, 2014
1705969876, 0, 0, 374, 0, 0, 816.41%, 291, 0, 0, 74.56, 566961, 172911, 786.72%, 2090, 2014
1705969876, 0, 0, 374, 0, 0, 816.41%, 291, 0, 0, 5543.33, 568235, 173300, 786.72%, 2090, 2014
1705969877, 0, 0, 374, 0, 0, 816.41%, 291, 0, 0, 2031.86, 569106, 173577, 786.72%, 2090, 2014
1705969877, 0, 0, 374, 0, 0, 816.41%, 291, 0, 0, 1583.33, 569474, 173684, 786.72%, 2090, 2014
1705969877, 0, 0, 374, 0, 0, 816.41%, 291, 0, 0, 5073.33, 570633, 174047, 786.72%, 2090, 2014
1705969880, 0, 0, 375, 0, 0, 816.41%, 291, 0, 0, 513.97, 571541, 174316, 786.72%, 2090, 2014
1705969880, 0, 0, 375, 0, 0, 816.41%, 291, 0, 0, 897.14, 571782, 174389, 786.72%, 2090, 2014
1705969880, 0, 0, 375, 0, 0, 816.41%, 291, 0, 0, 4466.67, 572802, 174709, 786.72%, 2090, 2014
1705969881, 0, 0, 375, 0, 0, 816.41%, 291, 0, 0, 5613.33, 574091, 175104, 786.72%, 2090, 2014
1705969881, 0, 0, 375, 0, 0, 816.41%, 291, 0, 0, 1669.52, 574548, 175233, 786.72%, 2090, 2014
1705969881, 0, 0, 375, 0, 0, 816.41%, 291, 0, 0, 4270.00, 575514, 175548, 786.72%, 2090, 2014
1705969882, 0, 0, 375, 0, 0, 816.41%, 291, 0, 0, 6150.00, 576939, 175968, 786.72%, 2090, 2014
1705969882, 0, 0, 375, 0, 0, 816.41%, 291, 0, 0, 1000.00, 577291, 176074, 786.72%, 2090, 2014
1705969882, 0, 0, 375, 0, 0, 816.41%, 291, 0, 0, 3316.67, 578046, 176314, 786.72%, 2090, 2014
1705969883, 0, 0, 375, 0, 0, 816.41%, 291, 0, 0, 1.05, 578047, 176314, 786.72%, 2090, 2014
1705969884, 0, 0, 375, 0, 0, 816.41%, 291, 0, 0, 4990.00, 579199, 176659, 786.72%, 2090, 2014
1705969884, 0, 0, 375, 0, 0, 816.41%, 292, 0, 0, 1960.00, 579649, 176797, 786.72%, 2090, 2014
1705969885, 0, 0, 375, 0, 0, 816.41%, 292, 0, 0, 1.41, 579650, 176797, 786.72%, 2090, 2014
1705969886, 0, 0, 375, 0, 0, 816.41%, 292, 0, 0, 382.12, 579988, 176895, 786.72%, 2090, 2014
1705969886, 0, 0, 375, 0, 0, 816.41%, 293, 0, 0, 1946.79, 580939, 177188, 786.72%, 2090, 2014
1705969887, 0, 0, 375, 0, 0, 816.41%, 293, 0, 0, 0.00, 580939, 177188, 786.72%, 2090, 2014
