# unix_time, cycles_done, cur_path, paths_total, pending_total, pending_favs, map_size, unique_crashes, unique_hangs, max_depth, execs_per_sec, valid_inputs, invalid_inputs, valid_cov, all_covered_probes, valid_covered_probes
1706881349, 0, 0, 1, 0, 0, 338.67%, 0, 0, 0, 0.26, 1, 0, 338.67%, 867, 867
1706881349, 0, 0, 10, 0, 0, 425.00%, 1, 0, 0, 49.83, 13, 3, 406.25%, 1088, 1040
1706881350, 0, 0, 27, 0, 0, 639.06%, 1, 0, 0, 116.35, 43, 10, 610.16%, 1636, 1562
1706881350, 0, 0, 34, 0, 0, 640.23%, 1, 0, 0, 103.33, 73, 11, 611.72%, 1639, 1566
1706881350, 0, 0, 40, 0, 0, 750.39%, 2, 0, 0, 88.79, 105, 17, 722.27%, 1921, 1849
1706881351, 0, 0, 47, 0, 0, 753.91%, 3, 0, 0, 103.33, 129, 24, 722.27%, 1930, 1849
1706881351, 0, 0, 53, 0, 0, 754.30%, 6, 0, 0, 105.71, 167, 36, 722.66%, 1931, 1850
1706881352, 0, 0, 60, 0, 0, 754.69%, 7, 0, 0, 144.89, 207, 47, 723.05%, 1932, 1851
1706881352, 0, 0, 69, 0, 0, 775.00%, 7, 0, 0, 197.53, 262, 56, 752.73%, 1984, 1927
1706881352, 0, 0, 74, 0, 0, 779.69%, 8, 0, 0, 131.29, 308, 70, 752.73%, 1996, 1927
1706881353, 0, 0, 75, 0, 0, 781.64%, 8, 0, 0, 22.15, 313, 72, 752.73%, 2001, 1927
1706881353, 0, 1, 81, 0, 0, 782.81%, 10, 0, 0, 185.07, 363, 84, 752.73%, 2004, 1927
1706881353, 0, 1, 86, 0, 0, 783.59%, 12, 0, 0, 255.74, 424, 101, 753.91%, 2006, 1930
1706881354, 0, 1, 90, 0, 0, 784.38%, 13, 0, 0, 186.39, 474, 114, 753.91%, 2008, 1930
1706881354, 0, 1, 91, 0, 0, 784.77%, 15, 0, 0, 224.03, 531, 126, 753.91%, 2009, 1930
1706881354, 0, 1, 91, 0, 0, 784.77%, 15, 0, 0, 68.87, 552, 130, 753.91%, 2009, 1930
1706881355, 0, 2, 95, 0, 0, 785.55%, 15, 0, 0, 154.06, 592, 145, 753.91%, 2011, 1930
1706881355, 0, 2, 98, 0, 0, 785.94%, 15, 0, 0, 93.33, 618, 147, 754.69%, 2012, 1932
1706881355, 0, 2, 104, 0, 0, 786.33%, 16, 0, 0, 308.97, 696, 162, 754.69%, 2013, 1932
1706881356, 0, 2, 106, 0, 0, 786.72%, 17, 0, 0, 130.72, 730, 168, 754.69%, 2014, 1932
1706881356, 0, 2, 106, 0, 0, 786.72%, 19, 0, 0, 156.67, 771, 174, 754.69%, 2014, 1932
1706881356, 0, 4, 111, 0, 0, 789.45%, 19, 0, 0, 276.67, 837, 191, 755.08%, 2021, 1933
1706881357, 0, 4, 118, 0, 0, 791.02%, 20, 0, 0, 403.61, 899, 263, 755.47%, 2025, 1934
1706881357, 0, 5, 124, 0, 0, 792.58%, 21, 0, 0, 529.73, 1057, 301, 756.25%, 2029, 1936
1706881357, 0, 6, 134, 0, 0, 794.92%, 22, 0, 0, 389.86, 1227, 331, 760.16%, 2035, 1946
1706881358, 0, 6, 136, 0, 0, 794.92%, 22, 0, 0, 270.97, 1295, 347, 760.16%, 2035, 1946
1706881358, 0, 6, 136, 0, 0, 794.92%, 23, 0, 0, 194.29, 1350, 360, 760.16%, 2035, 1946
1706881358, 0, 7, 138, 0, 0, 794.92%, 23, 0, 0, 190.00, 1398, 369, 760.16%, 2035, 1946
1706881359, 0, 7, 140, 0, 0, 794.92%, 24, 0, 0, 343.33, 1487, 383, 760.16%, 2035, 1946
1706881359, 0, 7, 144, 0, 0, 794.92%, 24, 0, 0, 314.29, 1571, 409, 760.16%, 2035, 1946
1706881359, 0, 8, 146, 0, 0, 795.70%, 24, 0, 0, 511.83, 1715, 438, 760.55%, 2037, 1947
1706881360, 0, 8, 148, 0, 0, 796.09%, 24, 0, 0, 181.82, 1771, 446, 760.55%, 2038, 1947
1706881360, 0, 9, 151, 0, 0, 796.88%, 24, 0, 0, 406.35, 1873, 472, 760.94%, 2040, 1948
1706881360, 0, 10, 153, 0, 0, 796.88%, 25, 0, 0, 517.46, 1994, 514, 760.94%, 2040, 1948
1706881361, 0, 11, 154, 0, 0, 796.88%, 25, 0, 0, 720.00, 2165, 559, 760.94%, 2040, 1948
1706881361, 0, 12, 155, 0, 0, 796.88%, 25, 0, 0, 393.55, 2232, 614, 760.94%, 2040, 1948
1706881361, 0, 12, 156, 0, 0, 796.88%, 26, 0, 0, 360.00, 2320, 634, 760.94%, 2040, 1948
1706881362, 0, 12, 160, 0, 0, 796.88%, 28, 0, 0, 143.55, 2368, 645, 760.94%, 2040, 1948
1706881362, 0, 13, 165, 0, 0, 798.44%, 30, 0, 0, 606.67, 2526, 669, 761.33%, 2044, 1949
1706881362, 0, 13, 170, 0, 0, 798.44%, 30, 0, 0, 399.36, 2629, 691, 761.33%, 2044, 1949
1706881363, 0, 14, 173, 0, 0, 799.22%, 30, 0, 0, 531.45, 2766, 723, 761.33%, 2046, 1949
1706881363, 0, 14, 175, 0, 0, 799.22%, 31, 0, 0, 366.67, 2842, 757, 761.33%, 2046, 1949
1706881363, 0, 14, 178, 0, 0, 800.00%, 31, 0, 0, 561.51, 2954, 823, 762.11%, 2048, 1951
1706881364, 0, 15, 179, 0, 0, 800.00%, 31, 0, 0, 528.24, 3073, 863, 762.11%, 2048, 1951
1706881364, 0, 15, 180, 0, 0, 800.00%, 31, 0, 0, 196.67, 3116, 879, 762.11%, 2048, 1951
1706881364, 0, 16, 183, 0, 0, 800.00%, 33, 0, 0, 726.67, 3299, 914, 762.89%, 2048, 1953
1706881364, 0, 18, 185, 0, 0, 800.00%, 33, 0, 0, 906.67, 3490, 995, 762.89%, 2048, 1953
1706881365, 0, 18, 186, 0, 0, 800.00%, 33, 0, 0, 577.29, 3648, 1020, 762.89%, 2048, 1953
1706881365, 0, 19, 187, 0, 0, 800.00%, 34, 0, 0, 660.00, 3774, 1092, 762.89%, 2048, 1953
1706881365, 0, 20, 188, 0, 0, 800.00%, 35, 0, 0, 627.01, 3930, 1131, 762.89%, 2048, 1953
1706881366, 0, 21, 191, 0, 0, 800.00%, 35, 0, 0, 786.79, 4126, 1197, 762.89%, 2048, 1953
1706881366, 0, 23, 191, 0, 0, 800.00%, 36, 0, 0, 812.12, 4361, 1230, 762.89%, 2048, 1953
1706881366, 0, 24, 192, 0, 0, 800.00%, 36, 0, 0, 723.33, 4509, 1299, 762.89%, 2048, 1953
1706881367, 0, 25, 194, 0, 0, 800.00%, 37, 0, 0, 847.18, 4703, 1360, 762.89%, 2048, 1953
1706881367, 0, 26, 196, 0, 0, 801.56%, 38, 0, 0, 641.20, 4862, 1394, 762.89%, 2052, 1953
1706881367, 0, 26, 196, 0, 0, 801.56%, 39, 0, 0, 393.56, 4991, 1424, 762.89%, 2052, 1953
1706881368, 0, 29, 197, 0, 0, 801.56%, 40, 0, 0, 582.04, 5144, 1459, 762.89%, 2052, 1953
1706881368, 0, 32, 197, 0, 0, 801.56%, 41, 0, 0, 541.53, 5284, 1482, 762.89%, 2052, 1953
1706881368, 0, 32, 197, 0, 0, 801.56%, 43, 0, 0, 718.35, 5482, 1511, 762.89%, 2052, 1953
1706881369, 0, 33, 197, 0, 0, 801.56%, 44, 0, 0, 506.13, 5623, 1535, 762.89%, 2052, 1953
1706881369, 0, 33, 197, 0, 0, 801.56%, 44, 0, 0, 524.75, 5764, 1553, 762.89%, 2052, 1953
1706881369, 0, 34, 202, 0, 0, 801.56%, 48, 0, 0, 310.56, 5796, 1621, 762.89%, 2052, 1953
1706881370, 0, 34, 206, 0, 0, 801.56%, 49, 0, 0, 249.20, 5823, 1672, 762.89%, 2052, 1953
1706881370, 0, 34, 209, 0, 0, 801.56%, 49, 0, 0, 370.86, 5870, 1737, 762.89%, 2052, 1953
1706881370, 0, 34, 212, 0, 0, 801.56%, 51, 0, 0, 223.33, 5887, 1787, 762.89%, 2052, 1953
1706881370, 0, 34, 214, 0, 0, 801.56%, 51, 0, 0, 291.80, 5919, 1844, 762.89%, 2052, 1953
1706881371, 0, 34, 217, 0, 0, 801.95%, 51, 0, 0, 332.23, 5956, 1907, 764.45%, 2053, 1957
1706881371, 0, 34, 219, 0, 0, 801.95%, 51, 0, 0, 226.67, 5986, 1945, 764.45%, 2053, 1957
1706881371, 0, 34, 219, 0, 0, 801.95%, 52, 0, 0, 127.88, 6011, 1981, 764.45%, 2053, 1957
1706881372, 0, 37, 221, 0, 0, 801.95%, 52, 0, 0, 803.33, 6145, 2088, 764.45%, 2053, 1957
1706881372, 0, 38, 221, 0, 0, 801.95%, 53, 0, 0, 1020.00, 6366, 2173, 764.45%, 2053, 1957
1706881372, 0, 43, 223, 0, 0, 801.95%, 53, 0, 0, 1465.12, 6643, 2337, 764.45%, 2053, 1957
1706881373, 0, 46, 223, 0, 0, 801.95%, 53, 0, 0, 607.14, 6760, 2407, 764.45%, 2053, 1957
1706881373, 0, 47, 223, 0, 0, 801.95%, 53, 0, 0, 954.80, 7037, 2468, 764.45%, 2053, 1957
1706881373, 0, 50, 224, 0, 0, 801.95%, 53, 0, 0, 711.60, 7203, 2529, 764.45%, 2053, 1957
1706881374, 0, 53, 224, 0, 0, 801.95%, 54, 0, 0, 913.33, 7415, 2591, 764.45%, 2053, 1957
1706881374, 0, 58, 225, 0, 0, 801.95%, 56, 0, 0, 618.84, 7604, 2691, 764.45%, 2053, 1957
1706881375, 0, 61, 225, 0, 0, 801.95%, 56, 0, 0, 304.66, 7719, 2785, 764.45%, 2053, 1957
1706881375, 0, 65, 228, 0, 0, 801.95%, 57, 0, 0, 1146.42, 8018, 2854, 764.84%, 2053, 1958
1706881375, 0, 66, 229, 0, 0, 801.95%, 57, 0, 0, 986.80, 8241, 2930, 764.84%, 2053, 1958
1706881376, 0, 67, 229, 0, 0, 801.95%, 57, 0, 0, 723.33, 8395, 2993, 764.84%, 2053, 1958
1706881376, 0, 68, 231, 0, 0, 801.95%, 57, 0, 0, 880.00, 8572, 3080, 764.84%, 2053, 1958
1706881376, 0, 68, 231, 0, 0, 801.95%, 57, 0, 0, 510.00, 8670, 3135, 764.84%, 2053, 1958
1706881377, 0, 68, 235, 0, 0, 801.95%, 57, 0, 0, 549.67, 8769, 3202, 764.84%, 2053, 1958
1706881377, 0, 68, 237, 0, 0, 803.52%, 57, 0, 0, 455.45, 8857, 3252, 764.84%, 2057, 1958
1706881377, 0, 68, 237, 0, 0, 803.52%, 57, 0, 0, 372.67, 8933, 3296, 764.84%, 2057, 1958
1706881378, 0, 70, 237, 0, 0, 803.52%, 57, 0, 0, 811.69, 9102, 3377, 764.84%, 2057, 1958
1706881378, 0, 72, 238, 0, 0, 803.52%, 57, 0, 0, 1346.67, 9363, 3520, 764.84%, 2057, 1958
1706881378, 0, 79, 240, 0, 0, 804.30%, 57, 0, 0, 1083.33, 9529, 3679, 764.84%, 2059, 1958
1706881378, 0, 79, 240, 0, 0, 804.30%, 57, 0, 0, 473.33, 9553, 3797, 764.84%, 2059, 1958
1706881379, 0, 81, 243, 0, 0, 804.30%, 57, 0, 0, 971.61, 9699, 3959, 765.23%, 2059, 1959
1706881379, 0, 81, 243, 0, 0, 804.30%, 58, 0, 0, 436.67, 9785, 4004, 765.23%, 2059, 1959
1706881379, 0, 81, 243, 0, 0, 804.30%, 59, 0, 0, 523.33, 9872, 4074, 765.23%, 2059, 1959
1706881380, 0, 81, 243, 0, 0, 804.30%, 60, 0, 0, 489.43, 9960, 4148, 765.23%, 2059, 1959
1706881380, 0, 81, 243, 0, 0, 804.30%, 61, 0, 0, 626.67, 10079, 4217, 765.23%, 2059, 1959
1706881380, 0, 87, 246, 0, 0, 805.86%, 61, 0, 0, 1463.33, 10384, 4351, 765.23%, 2063, 1959
1706881381, 0, 90, 250, 0, 0, 807.03%, 62, 0, 0, 673.33, 10448, 4489, 766.41%, 2066, 1962
1706881381, 0, 90, 254, 0, 0, 807.42%, 65, 0, 0, 608.55, 10452, 4670, 766.80%, 2067, 1963
1706881381, 0, 93, 256, 0, 0, 807.81%, 66, 0, 0, 806.67, 10462, 4902, 766.80%, 2068, 1963
1706881382, 0, 96, 256, 0, 0, 807.81%, 67, 0, 0, 1083.33, 10613, 5076, 766.80%, 2068, 1963
1706881382, 0, 97, 260, 0, 0, 808.59%, 67, 0, 0, 1249.17, 10877, 5188, 767.58%, 2070, 1965
1706881382, 0, 97, 260, 0, 0, 808.59%, 69, 0, 0, 816.67, 11028, 5282, 767.58%, 2070, 1965
1706881382, 0, 97, 261, 0, 0, 808.59%, 69, 0, 0, 846.67, 11176, 5388, 767.58%, 2070, 1965
1706881383, 0, 103, 262, 0, 0, 808.59%, 70, 0, 0, 940.00, 11355, 5491, 767.58%, 2070, 1965
1706881383, 0, 107, 262, 0, 0, 808.59%, 72, 0, 0, 1406.67, 11578, 5690, 767.58%, 2070, 1965
1706881383, 0, 110, 262, 0, 0, 808.59%, 73, 0, 0, 1513.33, 11846, 5876, 767.58%, 2070, 1965
1706881384, 0, 114, 265, 0, 0, 808.59%, 73, 0, 0, 2273.33, 12250, 6154, 767.58%, 2070, 1965
1706881384, 0, 121, 266, 0, 0, 808.59%, 74, 0, 0, 1636.67, 12510, 6385, 767.58%, 2070, 1965
1706881384, 0, 121, 267, 0, 0, 808.59%, 75, 0, 0, 776.67, 12531, 6597, 767.58%, 2070, 1965
1706881385, 0, 123, 267, 0, 0, 808.59%, 76, 0, 0, 2066.67, 12994, 6754, 767.58%, 2070, 1965
1706881385, 0, 130, 267, 0, 0, 808.59%, 76, 0, 0, 1916.67, 13362, 6961, 767.58%, 2070, 1965
1706881385, 0, 133, 273, 0, 0, 808.98%, 77, 0, 0, 1470.00, 13629, 7135, 768.36%, 2071, 1967
1706881385, 0, 139, 274, 0, 0, 808.98%, 77, 0, 0, 1283.33, 13783, 7366, 768.36%, 2071, 1967
1706881386, 0, 145, 274, 0, 0, 808.98%, 78, 0, 0, 1230.00, 13987, 7531, 768.36%, 2071, 1967
1706881386, 0, 149, 274, 0, 0, 808.98%, 79, 0, 0, 2006.67, 14393, 7727, 768.36%, 2071, 1967
1706881386, 0, 160, 276, 0, 0, 808.98%, 81, 0, 0, 1534.88, 14718, 7864, 768.36%, 2071, 1967
1706881387, 0, 160, 277, 0, 0, 808.98%, 82, 0, 0, 1023.33, 14858, 8031, 768.36%, 2071, 1967
1706881387, 0, 160, 277, 0, 0, 808.98%, 83, 0, 0, 930.23, 14980, 8189, 768.36%, 2071, 1967
1706881387, 0, 171, 278, 0, 0, 808.98%, 86, 0, 0, 1382.06, 15186, 8399, 768.36%, 2071, 1967
1706881388, 0, 177, 279, 0, 0, 808.98%, 88, 0, 0, 1083.06, 15352, 8559, 769.14%, 2071, 1969
1706881388, 0, 177, 288, 0, 0, 809.38%, 93, 0, 0, 558.14, 15422, 8657, 771.88%, 2072, 1976
1706881388, 0, 177, 293, 0, 0, 809.38%, 94, 0, 0, 607.14, 15504, 8762, 771.88%, 2072, 1976
1706881388, 0, 177, 295, 0, 0, 809.38%, 96, 0, 0, 564.78, 15589, 8847, 771.88%, 2072, 1976
1706881389, 0, 177, 296, 0, 0, 809.38%, 97, 0, 0, 392.03, 15643, 8911, 771.88%, 2072, 1976
1706881389, 0, 181, 299, 0, 0, 809.77%, 98, 0, 0, 1323.33, 15920, 9031, 772.66%, 2073, 1978
1706881389, 0, 189, 302, 0, 0, 809.77%, 98, 0, 0, 626.26, 16052, 9147, 772.66%, 2073, 1978
1706881390, 0, 201, 304, 0, 0, 809.77%, 98, 0, 0, 1355.48, 16248, 9359, 772.66%, 2073, 1978
1706881390, 0, 208, 305, 0, 0, 809.77%, 98, 0, 0, 816.67, 16358, 9494, 772.66%, 2073, 1978
1706881390, 0, 213, 305, 0, 0, 809.77%, 98, 0, 0, 493.42, 16412, 9590, 772.66%, 2073, 1978
1706881391, 0, 214, 308, 0, 0, 810.55%, 98, 0, 0, 916.94, 16532, 9746, 773.44%, 2075, 1980
1706881391, 0, 214, 309, 0, 0, 810.55%, 100, 0, 0, 846.67, 16632, 9900, 773.44%, 2075, 1980
1706881391, 0, 216, 310, 0, 0, 810.55%, 100, 0, 0, 900.33, 16743, 10060, 773.44%, 2075, 1980
1706881392, 0, 226, 310, 0, 0, 810.55%, 103, 0, 0, 980.00, 16875, 10222, 773.44%, 2075, 1980
1706881392, 0, 235, 311, 0, 0, 810.55%, 103, 0, 0, 1146.67, 17089, 10352, 773.44%, 2075, 1980
1706881392, 0, 235, 311, 0, 0, 810.55%, 103, 0, 0, 791.67, 17114, 10574, 773.44%, 2075, 1980
1706881392, 0, 239, 312, 0, 0, 810.55%, 103, 0, 0, 1113.33, 17182, 10840, 773.44%, 2075, 1980
1706881393, 0, 240, 312, 0, 0, 810.55%, 103, 0, 0, 1153.33, 17259, 11109, 773.44%, 2075, 1980
1706881393, 0, 240, 312, 0, 0, 810.55%, 103, 0, 0, 953.33, 17356, 11298, 773.44%, 2075, 1980
1706881393, 0, 240, 313, 0, 0, 810.94%, 104, 0, 0, 863.33, 17448, 11465, 773.44%, 2076, 1980
1706881394, 0, 248, 314, 0, 0, 810.94%, 104, 0, 0, 1140.00, 17560, 11695, 773.44%, 2076, 1980
1706881394, 0, 249, 317, 0, 0, 810.94%, 104, 0, 0, 475.08, 17615, 11783, 774.61%, 2076, 1983
1706881394, 0, 249, 318, 0, 0, 810.94%, 104, 0, 0, 531.56, 17667, 11891, 774.61%, 2076, 1983
1706881395, 0, 249, 323, 0, 0, 810.94%, 105, 0, 0, 480.00, 17730, 11972, 774.61%, 2076, 1983
1706881395, 0, 249, 324, 0, 0, 810.94%, 106, 0, 0, 341.06, 17767, 12038, 774.61%, 2076, 1983
1706881395, 0, 249, 325, 0, 0, 810.94%, 107, 0, 0, 392.03, 17808, 12115, 774.61%, 2076, 1983
1706881395, 0, 252, 326, 0, 0, 810.94%, 109, 0, 0, 584.72, 17885, 12214, 774.61%, 2076, 1983
1706881396, 0, 252, 326, 0, 0, 810.94%, 110, 0, 0, 493.51, 17957, 12294, 774.61%, 2076, 1983
1706881396, 0, 252, 327, 0, 0, 810.94%, 110, 0, 0, 355.48, 18002, 12356, 774.61%, 2076, 1983
1706881396, 0, 252, 328, 0, 0, 810.94%, 110, 0, 0, 315.61, 18044, 12409, 774.61%, 2076, 1983
1706881397, 0, 252, 328, 0, 0, 810.94%, 112, 0, 0, 576.67, 18121, 12505, 774.61%, 2076, 1983
1706881397, 0, 253, 330, 0, 0, 810.94%, 112, 0, 0, 543.33, 18193, 12596, 774.61%, 2076, 1983
1706881397, 0, 255, 332, 0, 0, 810.94%, 112, 0, 0, 780.00, 18202, 12821, 774.61%, 2076, 1983
1706881398, 0, 257, 332, 0, 0, 810.94%, 112, 0, 0, 1033.33, 18269, 13064, 774.61%, 2076, 1983
1706881398, 0, 257, 332, 0, 0, 810.94%, 113, 0, 0, 1100.00, 18456, 13207, 774.61%, 2076, 1983
1706881398, 0, 260, 332, 0, 0, 810.94%, 114, 0, 0, 1053.33, 18629, 13350, 774.61%, 2076, 1983
1706881398, 0, 271, 333, 0, 0, 810.94%, 118, 0, 0, 857.14, 18734, 13503, 774.61%, 2076, 1983
1706881399, 0, 271, 334, 0, 0, 810.94%, 119, 0, 0, 1263.33, 18883, 13733, 774.61%, 2076, 1983
1706881399, 0, 272, 336, 0, 0, 810.94%, 120, 0, 0, 1118.42, 19025, 13931, 774.61%, 2076, 1983
1706881399, 0, 274, 336, 0, 0, 810.94%, 120, 0, 0, 1296.67, 19179, 14166, 774.61%, 2076, 1983
1706881400, 0, 280, 336, 0, 0, 810.94%, 121, 0, 0, 1548.17, 19482, 14329, 774.61%, 2076, 1983
1706881400, 0, 282, 337, 0, 0, 810.94%, 123, 0, 0, 513.33, 19540, 14425, 774.61%, 2076, 1983
1706881400, 0, 282, 338, 0, 0, 810.94%, 123, 0, 0, 666.67, 19632, 14533, 774.61%, 2076, 1983
1706881401, 0, 282, 338, 0, 0, 810.94%, 124, 0, 0, 680.00, 19706, 14663, 774.61%, 2076, 1983
1706881401, 0, 282, 338, 0, 0, 810.94%, 125, 0, 0, 646.67, 19804, 14759, 774.61%, 2076, 1983
1706881401, 0, 287, 338, 0, 0, 810.94%, 127, 0, 0, 634.55, 19877, 14877, 774.61%, 2076, 1983
1706881401, 0, 287, 339, 0, 0, 810.94%, 129, 0, 0, 586.67, 19950, 14980, 774.61%, 2076, 1983
1706881402, 0, 287, 341, 0, 0, 810.94%, 130, 0, 0, 421.93, 20000, 15057, 774.61%, 2076, 1983
1706881402, 0, 287, 341, 0, 0, 810.94%, 133, 0, 0, 626.67, 20074, 15171, 774.61%, 2076, 1983
1706881402, 0, 287, 342, 0, 0, 810.94%, 135, 0, 0, 653.33, 20134, 15307, 774.61%, 2076, 1983
1706881403, 0, 293, 342, 0, 0, 810.94%, 135, 0, 0, 591.36, 20195, 15424, 774.61%, 2076, 1983
1706881403, 0, 296, 342, 0, 0, 810.94%, 136, 0, 0, 623.33, 20215, 15591, 774.61%, 2076, 1983
1706881403, 0, 296, 342, 0, 0, 810.94%, 137, 0, 0, 680.00, 20218, 15792, 774.61%, 2076, 1983
1706881404, 0, 301, 342, 0, 0, 810.94%, 137, 0, 0, 1736.67, 20565, 15966, 774.61%, 2076, 1983
1706881404, 0, 305, 342, 0, 0, 810.94%, 137, 0, 0, 576.67, 20664, 16040, 774.61%, 2076, 1983
1706881404, 0, 305, 343, 0, 0, 810.94%, 139, 0, 0, 653.33, 20765, 16135, 774.61%, 2076, 1983
1706881404, 0, 305, 343, 0, 0, 810.94%, 139, 0, 0, 723.33, 20884, 16233, 774.61%, 2076, 1983
1706881405, 0, 305, 344, 0, 0, 810.94%, 139, 0, 0, 677.74, 21004, 16317, 774.61%, 2076, 1983
1706881405, 0, 312, 347, 0, 0, 810.94%, 140, 0, 0, 810.00, 21122, 16442, 774.61%, 2076, 1983
1706881405, 0, 314, 348, 0, 0, 810.94%, 140, 0, 0, 1106.31, 21174, 16723, 774.61%, 2076, 1983
1706881406, 0, 316, 348, 0, 0, 810.94%, 140, 0, 0, 495.11, 21221, 16828, 774.61%, 2076, 1983
1706881406, 0, 316, 348, 0, 0, 810.94%, 140, 0, 0, 420.06, 21265, 16918, 774.61%, 2076, 1983
1706881406, 0, 316, 349, 0, 0, 810.94%, 141, 0, 0, 410.00, 21303, 17003, 774.61%, 2076, 1983
1706881407, 0, 316, 350, 0, 0, 810.94%, 142, 0, 0, 594.68, 21372, 17113, 774.61%, 2076, 1983
1706881407, 0, 316, 350, 0, 0, 810.94%, 142, 0, 0, 633.33, 21445, 17230, 774.61%, 2076, 1983
1706881407, 0, 321, 350, 0, 0, 810.94%, 143, 0, 0, 516.67, 21495, 17335, 774.61%, 2076, 1983
1706881408, 0, 326, 350, 0, 0, 810.94%, 144, 0, 0, 578.07, 21557, 17447, 774.61%, 2076, 1983
1706881408, 0, 336, 350, 0, 0, 810.94%, 144, 0, 0, 810.63, 21641, 17607, 774.61%, 2076, 1983
1706881408, 0, 341, 353, 0, 0, 810.94%, 145, 0, 0, 586.67, 21707, 17717, 774.61%, 2076, 1983
1706881408, 0, 347, 353, 0, 0, 810.94%, 145, 0, 0, 673.27, 21812, 17816, 774.61%, 2076, 1983
1706881409, 0, 352, 354, 0, 0, 810.94%, 145, 0, 0, 536.67, 21877, 17912, 774.61%, 2076, 1983
1706881409, 1, 0, 355, 0, 0, 810.94%, 147, 0, 0, 1540.00, 22232, 18019, 774.61%, 2076, 1983
1706881409, 1, 4, 355, 0, 0, 810.94%, 147, 0, 0, 2063.33, 22715, 18155, 774.61%, 2076, 1983
1706881410, 1, 7, 355, 0, 0, 810.94%, 148, 0, 0, 2263.33, 23277, 18272, 774.61%, 2076, 1983
1706881410, 1, 9, 355, 0, 0, 810.94%, 148, 0, 0, 2173.33, 23806, 18395, 774.61%, 2076, 1983
1706881410, 1, 12, 355, 0, 0, 810.94%, 148, 0, 0, 2070.00, 24300, 18522, 774.61%, 2076, 1983
1706881411, 1, 14, 355, 0, 0, 810.94%, 148, 0, 0, 1916.67, 24737, 18660, 774.61%, 2076, 1983
1706881411, 1, 16, 356, 0, 0, 810.94%, 148, 0, 0, 1933.33, 25165, 18812, 775.00%, 2076, 1984
1706881411, 1, 19, 356, 0, 0, 810.94%, 148, 0, 0, 2013.33, 25610, 18971, 775.00%, 2076, 1984
1706881411, 1, 23, 356, 0, 0, 810.94%, 148, 0, 0, 2296.67, 26168, 19102, 775.00%, 2076, 1984
1706881412, 1, 26, 356, 0, 0, 810.94%, 148, 0, 0, 1963.33, 26617, 19242, 775.00%, 2076, 1984
1706881412, 1, 32, 356, 0, 0, 810.94%, 148, 0, 0, 1943.33, 27117, 19325, 775.00%, 2076, 1984
1706881412, 1, 34, 356, 0, 0, 810.94%, 148, 0, 0, 1923.33, 27614, 19405, 775.00%, 2076, 1984
1706881413, 1, 34, 356, 0, 0, 810.94%, 148, 0, 0, 953.33, 27711, 19594, 775.00%, 2076, 1984
1706881413, 1, 34, 356, 0, 0, 810.94%, 148, 0, 0, 906.67, 27811, 19766, 775.00%, 2076, 1984
1706881413, 1, 38, 356, 0, 0, 810.94%, 149, 0, 0, 1743.33, 28125, 19975, 775.00%, 2076, 1984
1706881414, 1, 46, 357, 0, 0, 810.94%, 149, 0, 0, 2370.00, 28592, 20219, 775.00%, 2076, 1984
1706881414, 1, 52, 357, 0, 0, 810.94%, 149, 0, 0, 2110.00, 29050, 20394, 775.00%, 2076, 1984
1706881414, 1, 61, 357, 0, 0, 810.94%, 149, 0, 0, 1910.00, 29464, 20553, 775.00%, 2076, 1984
1706881414, 1, 66, 357, 0, 0, 810.94%, 150, 0, 0, 2090.00, 29925, 20719, 775.00%, 2076, 1984
1706881415, 1, 68, 357, 0, 0, 810.94%, 151, 0, 0, 1903.33, 30298, 20917, 775.00%, 2076, 1984
1706881415, 1, 68, 357, 0, 0, 810.94%, 151, 0, 0, 806.67, 30436, 21021, 775.00%, 2076, 1984
1706881415, 1, 68, 357, 0, 0, 810.94%, 151, 0, 0, 857.14, 30584, 21131, 775.00%, 2076, 1984
1706881416, 1, 70, 357, 0, 0, 810.94%, 151, 0, 0, 1303.33, 30836, 21270, 775.00%, 2076, 1984
1706881416, 1, 79, 358, 0, 0, 810.94%, 151, 0, 0, 2083.33, 31216, 21515, 775.00%, 2076, 1984
1706881416, 1, 81, 358, 0, 0, 810.94%, 151, 0, 0, 1553.33, 31380, 21817, 775.00%, 2076, 1984
1706881417, 1, 81, 358, 0, 0, 810.94%, 151, 0, 0, 906.67, 31528, 21941, 775.00%, 2076, 1984
1706881417, 1, 81, 358, 0, 0, 810.94%, 151, 0, 0, 906.67, 31677, 22064, 775.00%, 2076, 1984
1706881417, 1, 84, 358, 0, 0, 810.94%, 151, 0, 0, 1483.33, 31983, 22203, 775.00%, 2076, 1984
1706881417, 1, 90, 358, 0, 0, 810.94%, 151, 0, 0, 1400.00, 32145, 22461, 775.00%, 2076, 1984
1706881418, 1, 93, 358, 0, 0, 810.94%, 151, 0, 0, 753.33, 32153, 22679, 775.00%, 2076, 1984
1706881418, 1, 94, 358, 0, 0, 810.94%, 151, 0, 0, 1140.00, 32221, 22953, 775.00%, 2076, 1984
1706881418, 1, 97, 358, 0, 0, 810.94%, 151, 0, 0, 1580.00, 32553, 23095, 775.00%, 2076, 1984
1706881419, 1, 97, 358, 0, 0, 810.94%, 151, 0, 0, 1026.67, 32737, 23219, 775.00%, 2076, 1984
1706881419, 1, 98, 358, 0, 0, 810.94%, 151, 0, 0, 1063.33, 32922, 23353, 775.00%, 2076, 1984
1706881419, 1, 107, 359, 0, 0, 810.94%, 151, 0, 0, 1433.33, 33193, 23512, 775.00%, 2076, 1984
1706881420, 1, 112, 359, 0, 0, 810.94%, 151, 0, 0, 2350.00, 33576, 23834, 775.00%, 2076, 1984
1706881420, 1, 115, 359, 0, 0, 810.94%, 151, 0, 0, 2333.33, 34034, 24076, 775.00%, 2076, 1984
1706881420, 1, 121, 360, 0, 0, 810.94%, 151, 0, 0, 1506.67, 34215, 24347, 775.00%, 2076, 1984
1706881420, 1, 123, 360, 0, 0, 810.94%, 151, 0, 0, 1576.67, 34481, 24554, 775.00%, 2076, 1984
1706881421, 1, 129, 360, 0, 0, 810.94%, 151, 0, 0, 1840.00, 34853, 24734, 775.00%, 2076, 1984
1706881421, 1, 133, 361, 0, 0, 810.94%, 151, 0, 0, 1890.00, 35242, 24912, 775.78%, 2076, 1986
1706881421, 1, 133, 361, 0, 0, 810.94%, 151, 0, 0, 935.48, 35353, 25091, 775.78%, 2076, 1986
1706881422, 1, 138, 362, 0, 0, 810.94%, 151, 0, 0, 867.11, 35461, 25244, 775.78%, 2076, 1986
1706881422, 1, 144, 362, 0, 0, 810.94%, 151, 0, 0, 741.21, 35574, 25363, 775.78%, 2076, 1986
1706881422, 1, 149, 362, 0, 0, 810.94%, 151, 0, 0, 2103.90, 36026, 25559, 775.78%, 2076, 1986
1706881423, 1, 160, 364, 0, 0, 810.94%, 152, 0, 0, 1800.00, 36398, 25727, 775.78%, 2076, 1986
1706881423, 1, 160, 364, 0, 0, 810.94%, 152, 0, 0, 1100.00, 36549, 25906, 775.78%, 2076, 1986
1706881423, 1, 161, 364, 0, 0, 810.94%, 153, 0, 0, 1076.67, 36698, 26080, 775.78%, 2076, 1986
1706881423, 1, 171, 364, 0, 0, 810.94%, 154, 0, 0, 1240.00, 36881, 26269, 775.78%, 2076, 1986
1706881424, 1, 177, 364, 0, 0, 810.94%, 156, 0, 0, 925.08, 37020, 26414, 775.78%, 2076, 1986
1706881424, 1, 177, 364, 0, 0, 810.94%, 156, 0, 0, 613.33, 37103, 26515, 775.78%, 2076, 1986
1706881424, 1, 177, 364, 0, 0, 810.94%, 156, 0, 0, 563.33, 37176, 26611, 775.78%, 2076, 1986
1706881425, 1, 177, 364, 0, 0, 810.94%, 157, 0, 0, 556.67, 37253, 26701, 775.78%, 2076, 1986
1706881425, 1, 177, 364, 0, 0, 810.94%, 158, 0, 0, 566.67, 37323, 26801, 775.78%, 2076, 1986
1706881425, 1, 183, 365, 0, 0, 810.94%, 158, 0, 0, 1580.00, 37660, 26938, 776.17%, 2076, 1987
1706881426, 1, 197, 366, 0, 0, 810.94%, 158, 0, 0, 1425.25, 37862, 27165, 776.17%, 2076, 1987
1706881426, 1, 204, 366, 0, 0, 810.94%, 158, 0, 0, 803.33, 37967, 27301, 776.17%, 2076, 1987
1706881426, 1, 212, 366, 0, 0, 810.94%, 158, 0, 0, 853.33, 38065, 27459, 776.17%, 2076, 1987
1706881426, 1, 214, 366, 0, 0, 810.94%, 159, 0, 0, 930.00, 38183, 27620, 776.17%, 2076, 1987
1706881427, 1, 214, 366, 0, 0, 810.94%, 159, 0, 0, 1023.33, 38281, 27829, 776.17%, 2076, 1987
1706881427, 1, 218, 366, 0, 0, 810.94%, 160, 0, 0, 916.94, 38394, 27992, 776.17%, 2076, 1987
1706881427, 1, 227, 368, 0, 0, 810.94%, 163, 0, 0, 1280.00, 38647, 28123, 776.17%, 2076, 1987
1706881428, 1, 235, 368, 0, 0, 810.94%, 164, 0, 0, 796.67, 38763, 28246, 776.17%, 2076, 1987
1706881428, 1, 235, 368, 0, 0, 810.94%, 164, 0, 0, 1056.48, 38807, 28520, 776.17%, 2076, 1987
1706881428, 1, 239, 368, 0, 0, 810.94%, 164, 0, 0, 1176.67, 38876, 28804, 776.17%, 2076, 1987
1706881429, 1, 240, 368, 0, 0, 810.94%, 164, 0, 0, 1010.00, 38946, 29037, 776.17%, 2076, 1987
1706881429, 1, 240, 368, 0, 0, 810.94%, 164, 0, 0, 1033.33, 39047, 29246, 776.17%, 2076, 1987
1706881429, 1, 244, 368, 0, 0, 810.94%, 165, 0, 0, 870.43, 39139, 29416, 776.17%, 2076, 1987
1706881429, 1, 249, 369, 0, 0, 810.94%, 165, 0, 0, 1013.33, 39223, 29636, 776.17%, 2076, 1987
1706881430, 1, 249, 370, 0, 0, 810.94%, 167, 0, 0, 573.33, 39303, 29728, 776.17%, 2076, 1987
1706881430, 1, 249, 370, 0, 0, 810.94%, 167, 0, 0, 520.00, 39357, 29830, 776.17%, 2076, 1987
1706881430, 1, 249, 370, 0, 0, 810.94%, 167, 0, 0, 613.33, 39428, 29943, 776.17%, 2076, 1987
1706881431, 1, 249, 371, 0, 0, 810.94%, 167, 0, 0, 400.00, 39480, 30021, 776.17%, 2076, 1987
1706881431, 1, 252, 371, 0, 0, 810.94%, 167, 0, 0, 625.83, 39559, 30131, 776.17%, 2076, 1987
1706881431, 1, 252, 371, 0, 0, 810.94%, 167, 0, 0, 580.00, 39640, 30224, 776.17%, 2076, 1987
1706881432, 1, 252, 371, 0, 0, 810.94%, 167, 0, 0, 617.94, 39727, 30323, 776.17%, 2076, 1987
1706881432, 1, 252, 371, 0, 0, 810.94%, 168, 0, 0, 601.33, 39816, 30415, 776.17%, 2076, 1987
1706881432, 1, 255, 371, 0, 0, 810.94%, 168, 0, 0, 733.33, 39878, 30573, 776.17%, 2076, 1987
1706881433, 1, 255, 371, 0, 0, 810.94%, 169, 0, 0, 954.55, 39878, 30867, 776.17%, 2076, 1987
1706881433, 1, 257, 371, 0, 0, 810.94%, 169, 0, 0, 1133.33, 40057, 31028, 776.17%, 2076, 1987
1706881433, 1, 257, 371, 0, 0, 810.94%, 169, 0, 0, 1100.00, 40229, 31186, 776.17%, 2076, 1987
1706881433, 1, 267, 371, 0, 0, 810.94%, 170, 0, 0, 906.67, 40353, 31334, 776.17%, 2076, 1987
1706881434, 1, 271, 371, 0, 0, 810.94%, 170, 0, 0, 1260.00, 40519, 31546, 776.17%, 2076, 1987
1706881434, 1, 272, 371, 0, 0, 810.94%, 170, 0, 0, 1223.33, 40673, 31759, 776.17%, 2076, 1987
1706881434, 1, 272, 371, 0, 0, 810.94%, 170, 0, 0, 1310.00, 40844, 31981, 776.17%, 2076, 1987
1706881435, 1, 280, 373, 0, 0, 810.94%, 170, 0, 0, 1776.67, 41187, 32171, 776.17%, 2076, 1987
1706881435, 1, 282, 373, 0, 0, 810.94%, 170, 0, 0, 633.33, 41273, 32275, 776.17%, 2076, 1987
1706881435, 1, 282, 373, 0, 0, 810.94%, 170, 0, 0, 607.97, 41373, 32358, 776.17%, 2076, 1987
1706881436, 1, 282, 373, 0, 0, 810.94%, 170, 0, 0, 636.67, 41460, 32462, 776.17%, 2076, 1987
1706881436, 1, 282, 373, 0, 0, 810.94%, 171, 0, 0, 614.62, 41559, 32548, 776.17%, 2076, 1987
1706881436, 1, 287, 373, 0, 0, 810.94%, 172, 0, 0, 563.33, 41621, 32655, 776.17%, 2076, 1987
1706881436, 1, 287, 373, 0, 0, 810.94%, 172, 0, 0, 610.56, 41680, 32781, 776.17%, 2076, 1987
1706881437, 1, 287, 373, 0, 0, 810.94%, 172, 0, 0, 593.33, 41746, 32893, 776.17%, 2076, 1987
1706881437, 1, 287, 373, 0, 0, 810.94%, 172, 0, 0, 564.78, 41811, 32998, 776.17%, 2076, 1987
1706881437, 1, 287, 373, 0, 0, 810.94%, 172, 0, 0, 641.20, 41888, 33114, 776.17%, 2076, 1987
1706881438, 1, 294, 373, 0, 0, 810.94%, 172, 0, 0, 643.33, 41964, 33231, 776.17%, 2076, 1987
1706881438, 1, 296, 375, 0, 0, 810.94%, 174, 0, 0, 793.33, 41968, 33465, 776.17%, 2076, 1987
1706881438, 1, 298, 375, 0, 0, 810.94%, 175, 0, 0, 1733.33, 42264, 33689, 776.17%, 2076, 1987
1706881439, 1, 305, 375, 0, 0, 810.94%, 175, 0, 0, 840.53, 42407, 33799, 776.17%, 2076, 1987
1706881439, 1, 305, 375, 0, 0, 810.94%, 175, 0, 0, 630.00, 42523, 33872, 776.17%, 2076, 1987
1706881439, 1, 305, 375, 0, 0, 810.94%, 175, 0, 0, 550.00, 42622, 33938, 776.17%, 2076, 1987
1706881439, 1, 305, 375, 0, 0, 810.94%, 175, 0, 0, 634.55, 42741, 34010, 776.17%, 2076, 1987
1706881440, 1, 308, 376, 0, 0, 810.94%, 175, 0, 0, 763.33, 42863, 34117, 778.91%, 2076, 1994
1706881440, 1, 312, 376, 0, 0, 810.94%, 175, 0, 0, 870.43, 42957, 34285, 778.91%, 2076, 1994
1706881440, 1, 316, 376, 0, 0, 810.94%, 177, 0, 0, 866.67, 43002, 34500, 778.91%, 2076, 1994
1706881441, 1, 316, 376, 0, 0, 810.94%, 178, 0, 0, 640.00, 43066, 34628, 778.91%, 2076, 1994
1706881441, 1, 316, 376, 0, 0, 810.94%, 178, 0, 0, 654.49, 43132, 34759, 778.91%, 2076, 1994
1706881441, 1, 316, 376, 0, 0, 810.94%, 178, 0, 0, 511.63, 43190, 34855, 778.91%, 2076, 1994
1706881442, 1, 316, 376, 0, 0, 810.94%, 178, 0, 0, 586.67, 43260, 34961, 778.91%, 2076, 1994
1706881442, 1, 322, 376, 0, 0, 810.94%, 178, 0, 0, 613.33, 43327, 35078, 778.91%, 2076, 1994
1706881442, 1, 329, 377, 0, 0, 810.94%, 178, 0, 0, 647.84, 43395, 35205, 778.91%, 2076, 1994
1706881442, 1, 336, 379, 0, 0, 810.94%, 178, 0, 0, 701.00, 43487, 35324, 778.91%, 2076, 1994
1706881443, 1, 341, 379, 0, 0, 810.94%, 178, 0, 0, 551.50, 43548, 35429, 778.91%, 2076, 1994
1706881443, 1, 348, 379, 0, 0, 810.94%, 178, 0, 0, 703.33, 43655, 35533, 778.91%, 2076, 1994
1706881443, 1, 352, 383, 0, 0, 810.94%, 178, 0, 0, 493.33, 43725, 35611, 778.91%, 2076, 1994
1706881444, 1, 360, 383, 0, 0, 810.94%, 180, 0, 0, 1249.17, 43965, 35747, 778.91%, 2076, 1994
1706881444, 1, 360, 383, 0, 0, 810.94%, 180, 0, 0, 1316.67, 44140, 35967, 778.91%, 2076, 1994
1706881444, 1, 367, 384, 0, 0, 810.94%, 180, 0, 0, 1423.33, 44404, 36130, 778.91%, 2076, 1994
1706881445, 1, 375, 384, 0, 0, 810.94%, 182, 0, 0, 830.00, 44491, 36292, 778.91%, 2076, 1994
1706881445, 1, 375, 384, 0, 0, 810.94%, 182, 0, 0, 876.67, 44614, 36432, 778.91%, 2076, 1994
1706881445, 1, 375, 384, 0, 0, 810.94%, 182, 0, 0, 1050.00, 44771, 36590, 778.91%, 2076, 1994
1706881445, 1, 378, 385, 0, 0, 810.94%, 182, 0, 0, 696.67, 44857, 36713, 778.91%, 2076, 1994
1706881446, 1, 382, 386, 0, 0, 810.94%, 185, 0, 0, 473.33, 44915, 36797, 778.91%, 2076, 1994
1706881446, 1, 387, 389, 0, 0, 810.94%, 185, 0, 0, 568.11, 44996, 36887, 778.91%, 2076, 1994
1706881446, 1, 391, 392, 0, 0, 810.94%, 185, 0, 0, 433.33, 45059, 36954, 778.91%, 2076, 1994
1706881447, 2, 1, 392, 0, 0, 810.94%, 185, 0, 0, 1953.33, 45526, 37073, 778.91%, 2076, 1994
1706881447, 2, 5, 392, 0, 0, 810.94%, 185, 0, 0, 2443.33, 46077, 37255, 778.91%, 2076, 1994
1706881447, 2, 8, 392, 0, 0, 810.94%, 185, 0, 0, 2420.00, 46671, 37387, 778.91%, 2076, 1994
1706881448, 2, 12, 392, 0, 0, 810.94%, 185, 0, 0, 2510.00, 47220, 37591, 778.91%, 2076, 1994
1706881448, 2, 13, 392, 0, 0, 810.94%, 185, 0, 0, 1870.00, 47663, 37709, 778.91%, 2076, 1994
1706881448, 2, 15, 392, 0, 0, 810.94%, 185, 0, 0, 1762.82, 48058, 37864, 778.91%, 2076, 1994
1706881448, 2, 18, 392, 0, 0, 810.94%, 185, 0, 0, 2016.67, 48558, 37969, 778.91%, 2076, 1994
1706881449, 2, 21, 392, 0, 0, 810.94%, 185, 0, 0, 2156.67, 49023, 38151, 778.91%, 2076, 1994
1706881449, 2, 24, 392, 0, 0, 810.94%, 185, 0, 0, 1770.76, 49439, 38268, 778.91%, 2076, 1994
1706881449, 2, 26, 392, 0, 0, 810.94%, 185, 0, 0, 1910.00, 49884, 38396, 778.91%, 2076, 1994
1706881450, 2, 32, 392, 0, 0, 810.94%, 185, 0, 0, 1900.00, 50384, 38466, 778.91%, 2076, 1994
1706881450, 2, 34, 392, 0, 0, 810.94%, 185, 0, 0, 1413.33, 50704, 38570, 778.91%, 2076, 1994
1706881450, 2, 34, 392, 0, 0, 810.94%, 185, 0, 0, 843.33, 50798, 38729, 778.91%, 2076, 1994
1706881451, 2, 34, 392, 0, 0, 810.94%, 185, 0, 0, 866.67, 50888, 38899, 778.91%, 2076, 1994
1706881451, 2, 38, 392, 0, 0, 810.94%, 185, 0, 0, 1556.67, 51175, 39079, 778.91%, 2076, 1994
1706881451, 2, 43, 392, 0, 0, 810.94%, 185, 0, 0, 2026.67, 51541, 39321, 778.91%, 2076, 1994
1706881451, 2, 48, 392, 0, 0, 810.94%, 185, 0, 0, 2246.67, 52041, 39495, 778.91%, 2076, 1994
1706881452, 2, 61, 392, 0, 0, 810.94%, 185, 0, 0, 2096.67, 52478, 39687, 778.91%, 2076, 1994
1706881452, 2, 65, 394, 0, 0, 811.72%, 185, 0, 0, 1873.33, 52899, 39828, 779.30%, 2078, 1995
1706881452, 2, 67, 394, 0, 0, 811.72%, 185, 0, 0, 2140.00, 53327, 40042, 779.30%, 2078, 1995
1706881453, 2, 68, 394, 0, 0, 811.72%, 185, 0, 0, 886.67, 53476, 40159, 779.30%, 2078, 1995
1706881453, 2, 68, 394, 0, 0, 811.72%, 185, 0, 0, 837.21, 53627, 40260, 779.30%, 2078, 1995
1706881453, 2, 70, 394, 0, 0, 811.72%, 185, 0, 0, 1223.33, 53865, 40389, 779.30%, 2078, 1995
1706881454, 2, 79, 394, 0, 0, 811.72%, 185, 0, 0, 2286.67, 54270, 40670, 779.30%, 2078, 1995
1706881454, 2, 81, 394, 0, 0, 811.72%, 185, 0, 0, 1500.00, 54434, 40956, 779.30%, 2078, 1995
1706881454, 2, 81, 394, 0, 0, 811.72%, 185, 0, 0, 813.33, 54577, 41057, 779.30%, 2078, 1995
1706881454, 2, 81, 394, 0, 0, 811.72%, 185, 0, 0, 876.67, 54712, 41185, 779.30%, 2078, 1995
1706881455, 2, 84, 394, 0, 0, 811.72%, 185, 0, 0, 1063.33, 54898, 41318, 779.30%, 2078, 1995
1706881455, 2, 90, 394, 0, 0, 811.72%, 185, 0, 0, 1730.00, 55174, 41561, 779.30%, 2078, 1995
1706881455, 2, 93, 394, 0, 0, 811.72%, 185, 0, 0, 933.33, 55183, 41832, 779.30%, 2078, 1995
1706881456, 2, 94, 394, 0, 0, 811.72%, 185, 0, 0, 1100.00, 55242, 42103, 779.30%, 2078, 1995
1706881456, 2, 97, 394, 0, 0, 811.72%, 185, 0, 0, 1703.33, 55616, 42240, 779.30%, 2078, 1995
1706881456, 2, 97, 394, 0, 0, 811.72%, 185, 0, 0, 1020.00, 55809, 42353, 779.30%, 2078, 1995
1706881457, 2, 100, 394, 0, 0, 811.72%, 185, 0, 0, 1303.33, 56030, 42523, 779.30%, 2078, 1995
1706881457, 2, 108, 394, 0, 0, 811.72%, 185, 0, 0, 1850.00, 56343, 42765, 779.30%, 2078, 1995
1706881457, 2, 113, 394, 0, 0, 811.72%, 185, 0, 0, 2253.33, 56727, 43057, 779.30%, 2078, 1995
1706881457, 2, 118, 394, 0, 0, 811.72%, 185, 0, 0, 2046.67, 57155, 43243, 779.30%, 2078, 1995
1706881458, 2, 121, 394, 0, 0, 811.72%, 185, 0, 0, 1286.67, 57263, 43521, 779.30%, 2078, 1995
1706881458, 2, 123, 394, 0, 0, 811.72%, 185, 0, 0, 1856.67, 57625, 43716, 779.30%, 2078, 1995
1706881458, 2, 129, 394, 0, 0, 811.72%, 185, 0, 0, 1910.00, 58006, 43908, 779.30%, 2078, 1995
1706881459, 2, 133, 394, 0, 0, 811.72%, 186, 0, 0, 1813.33, 58355, 44103, 779.30%, 2078, 1995
1706881459, 2, 134, 395, 0, 0, 811.72%, 186, 0, 0, 1246.67, 58528, 44304, 779.30%, 2078, 1995
1706881459, 2, 144, 395, 0, 0, 811.72%, 186, 0, 0, 1166.67, 58701, 44481, 779.30%, 2078, 1995
1706881460, 2, 150, 396, 0, 0, 811.72%, 186, 0, 0, 2430.00, 59196, 44715, 779.30%, 2078, 1995
1706881460, 2, 160, 396, 0, 0, 811.72%, 187, 0, 0, 1500.00, 59497, 44864, 779.30%, 2078, 1995
1706881460, 2, 160, 396, 0, 0, 811.72%, 187, 0, 0, 1186.67, 59681, 45036, 779.30%, 2078, 1995
1706881460, 2, 161, 396, 0, 0, 811.72%, 187, 0, 0, 1223.33, 59869, 45215, 779.30%, 2078, 1995
1706881461, 2, 172, 396, 0, 0, 811.72%, 187, 0, 0, 1353.33, 60097, 45393, 779.30%, 2078, 1995
1706881461, 2, 177, 396, 0, 0, 811.72%, 187, 0, 0, 770.00, 60190, 45531, 779.30%, 2078, 1995
1706881461, 2, 177, 396, 0, 0, 811.72%, 187, 0, 0, 633.33, 60274, 45637, 779.30%, 2078, 1995
1706881462, 2, 177, 396, 0, 0, 811.72%, 189, 0, 0, 640.00, 60356, 45747, 779.30%, 2078, 1995
1706881462, 2, 177, 396, 0, 0, 811.72%, 189, 0, 0, 651.16, 60440, 45859, 779.30%, 2078, 1995
1706881462, 2, 185, 396, 0, 0, 811.72%, 189, 0, 0, 1750.00, 60799, 46025, 779.30%, 2078, 1995
1706881463, 2, 198, 396, 0, 0, 811.72%, 189, 0, 0, 1440.00, 61000, 46256, 779.30%, 2078, 1995
1706881463, 2, 206, 396, 0, 0, 811.72%, 189, 0, 0, 870.43, 61107, 46411, 779.30%, 2078, 1995
1706881463, 2, 214, 396, 0, 0, 811.72%, 189, 0, 0, 856.67, 61204, 46571, 779.30%, 2078, 1995
1706881463, 2, 214, 396, 0, 0, 811.72%, 189, 0, 0, 1023.33, 61326, 46756, 779.30%, 2078, 1995
1706881464, 2, 214, 397, 0, 0, 811.72%, 189, 0, 0, 1016.61, 61452, 46936, 779.30%, 2078, 1995
1706881464, 2, 219, 397, 0, 0, 811.72%, 190, 0, 0, 776.67, 61544, 47077, 779.30%, 2078, 1995
1706881464, 2, 229, 397, 0, 0, 811.72%, 190, 0, 0, 1230.00, 61777, 47213, 779.30%, 2078, 1995
1706881465, 2, 235, 397, 0, 0, 811.72%, 190, 0, 0, 820.00, 61879, 47357, 779.30%, 2078, 1995
1706881465, 2, 236, 397, 0, 0, 811.72%, 190, 0, 0, 996.68, 61921, 47615, 779.30%, 2078, 1995
1706881465, 2, 239, 397, 0, 0, 811.72%, 190, 0, 0, 1066.67, 61984, 47872, 779.30%, 2078, 1995
1706881466, 2, 240, 397, 0, 0, 811.72%, 190, 0, 0, 1050.00, 62083, 48088, 779.30%, 2078, 1995
1706881466, 2, 240, 397, 0, 0, 811.72%, 190, 0, 0, 1003.33, 62188, 48284, 779.30%, 2078, 1995
1706881466, 2, 245, 397, 0, 0, 811.72%, 190, 0, 0, 1193.33, 62328, 48502, 779.30%, 2078, 1995
1706881466, 2, 249, 397, 0, 0, 811.72%, 190, 0, 0, 903.65, 62423, 48679, 779.30%, 2078, 1995
1706881467, 2, 249, 398, 0, 0, 811.72%, 191, 0, 0, 630.00, 62499, 48792, 779.30%, 2078, 1995
1706881467, 2, 249, 398, 0, 0, 811.72%, 191, 0, 0, 633.33, 62582, 48899, 779.30%, 2078, 1995
1706881467, 2, 249, 398, 0, 0, 811.72%, 191, 0, 0, 620.00, 62656, 49011, 779.30%, 2078, 1995
1706881468, 2, 252, 398, 0, 0, 811.72%, 191, 0, 0, 653.33, 62740, 49123, 779.30%, 2078, 1995
1706881468, 2, 252, 398, 0, 0, 811.72%, 192, 0, 0, 651.16, 62814, 49245, 779.30%, 2078, 1995
1706881468, 2, 252, 398, 0, 0, 811.72%, 192, 0, 0, 610.00, 62900, 49342, 779.30%, 2078, 1995
1706881469, 2, 252, 398, 0, 0, 811.72%, 192, 0, 0, 636.67, 62989, 49444, 779.30%, 2078, 1995
1706881469, 2, 255, 398, 0, 0, 811.72%, 192, 0, 0, 806.67, 63032, 49643, 779.30%, 2078, 1995
1706881469, 2, 255, 398, 0, 0, 811.72%, 192, 0, 0, 710.00, 63033, 49855, 779.30%, 2078, 1995
1706881469, 2, 257, 398, 0, 0, 811.72%, 192, 0, 0, 956.67, 63160, 50015, 779.30%, 2078, 1995
1706881470, 2, 257, 398, 0, 0, 811.72%, 192, 0, 0, 1110.00, 63345, 50163, 779.30%, 2078, 1995
1706881470, 2, 264, 398, 0, 0, 811.72%, 192, 0, 0, 950.00, 63507, 50286, 779.30%, 2078, 1995
1706881470, 2, 271, 398, 0, 0, 811.72%, 193, 0, 0, 1300.00, 63666, 50517, 779.30%, 2078, 1995
1706881471, 2, 272, 398, 0, 0, 811.72%, 193, 0, 0, 1463.33, 63851, 50771, 779.30%, 2078, 1995
1706881471, 2, 274, 398, 0, 0, 811.72%, 193, 0, 0, 1393.33, 64045, 50995, 779.30%, 2078, 1995
1706881471, 2, 280, 398, 0, 0, 811.72%, 193, 0, 0, 1696.67, 64388, 51161, 779.30%, 2078, 1995
1706881472, 2, 282, 398, 0, 0, 811.72%, 195, 0, 0, 610.00, 64472, 51260, 779.30%, 2078, 1995
1706881472, 2, 282, 398, 0, 0, 811.72%, 196, 0, 0, 666.67, 64567, 51365, 779.30%, 2078, 1995
1706881472, 2, 282, 398, 0, 0, 811.72%, 196, 0, 0, 680.00, 64650, 51486, 779.30%, 2078, 1995
1706881472, 2, 283, 398, 0, 0, 811.72%, 196, 0, 0, 617.94, 64740, 51582, 779.30%, 2078, 1995
1706881473, 2, 287, 398, 0, 0, 811.72%, 196, 0, 0, 538.21, 64799, 51685, 779.30%, 2078, 1995
1706881473, 2, 287, 398, 0, 0, 811.72%, 196, 0, 0, 560.00, 64869, 51783, 779.30%, 2078, 1995
1706881473, 2, 287, 398, 0, 0, 811.72%, 196, 0, 0, 593.33, 64922, 51908, 779.30%, 2078, 1995
1706881474, 2, 287, 398, 0, 0, 811.72%, 198, 0, 0, 610.00, 64978, 52035, 779.30%, 2078, 1995
1706881474, 2, 288, 398, 0, 0, 811.72%, 198, 0, 0, 598.01, 65049, 52144, 779.30%, 2078, 1995
1706881474, 2, 294, 399, 0, 0, 811.72%, 198, 0, 0, 581.40, 65101, 52267, 779.30%, 2078, 1995
1706881475, 2, 296, 399, 0, 0, 811.72%, 198, 0, 0, 793.33, 65105, 52501, 779.30%, 2078, 1995
1706881475, 2, 298, 399, 0, 0, 811.72%, 199, 0, 0, 1460.00, 65343, 52701, 779.30%, 2078, 1995
1706881475, 2, 304, 399, 0, 0, 811.72%, 199, 0, 0, 953.33, 65532, 52798, 779.30%, 2078, 1995
1706881475, 2, 305, 399, 0, 0, 811.72%, 199, 0, 0, 631.23, 65650, 52870, 779.30%, 2078, 1995
1706881476, 2, 305, 399, 0, 0, 811.72%, 199, 0, 0, 693.33, 65780, 52948, 779.30%, 2078, 1995
1706881476, 2, 305, 399, 0, 0, 811.72%, 199, 0, 0, 714.29, 65903, 53040, 779.30%, 2078, 1995
1706881476, 2, 309, 399, 0, 0, 811.72%, 199, 0, 0, 813.33, 66013, 53174, 779.30%, 2078, 1995
1706881477, 2, 312, 399, 0, 0, 811.72%, 200, 0, 0, 1063.33, 66101, 53405, 779.30%, 2078, 1995
1706881477, 2, 316, 399, 0, 0, 811.72%, 200, 0, 0, 727.57, 66154, 53571, 779.30%, 2078, 1995
1706881477, 2, 316, 399, 0, 0, 811.72%, 200, 0, 0, 576.67, 66209, 53689, 779.30%, 2078, 1995
1706881478, 2, 316, 399, 0, 0, 811.72%, 201, 0, 0, 593.33, 66271, 53805, 779.30%, 2078, 1995
1706881478, 2, 316, 399, 0, 0, 811.72%, 201, 0, 0, 666.67, 66340, 53936, 779.30%, 2078, 1995
1706881478, 2, 318, 399, 0, 0, 811.72%, 201, 0, 0, 496.67, 66382, 54043, 779.30%, 2078, 1995
1706881478, 2, 323, 399, 0, 0, 811.72%, 201, 0, 0, 596.67, 66456, 54148, 779.30%, 2078, 1995
1706881479, 2, 329, 399, 0, 0, 811.72%, 201, 0, 0, 644.52, 66514, 54284, 779.30%, 2078, 1995
1706881479, 2, 338, 399, 0, 0, 811.72%, 201, 0, 0, 760.00, 66614, 54412, 779.30%, 2078, 1995
1706881479, 2, 344, 399, 0, 0, 811.72%, 201, 0, 0, 606.67, 66702, 54506, 779.30%, 2078, 1995
1706881480, 2, 350, 399, 0, 0, 811.72%, 202, 0, 0, 630.00, 66782, 54615, 779.30%, 2078, 1995
1706881480, 2, 355, 399, 0, 0, 811.72%, 202, 0, 0, 666.67, 66901, 54696, 779.30%, 2078, 1995
1706881480, 2, 360, 399, 0, 0, 811.72%, 202, 0, 0, 1686.67, 67156, 54947, 779.30%, 2078, 1995
1706881481, 2, 365, 399, 0, 0, 811.72%, 202, 0, 0, 1710.00, 67475, 55141, 779.30%, 2078, 1995
1706881481, 2, 374, 400, 0, 0, 811.72%, 202, 0, 0, 883.33, 67574, 55307, 779.30%, 2078, 1995
1706881481, 2, 375, 400, 0, 0, 811.72%, 202, 0, 0, 1136.67, 67711, 55511, 779.30%, 2078, 1995
1706881481, 2, 375, 400, 0, 0, 811.72%, 202, 0, 0, 1093.33, 67865, 55685, 779.30%, 2078, 1995
1706881482, 2, 379, 401, 0, 0, 811.72%, 202, 0, 0, 574.75, 67955, 55768, 779.30%, 2078, 1995
1706881482, 2, 383, 404, 0, 0, 811.72%, 202, 0, 0, 563.33, 68034, 55858, 779.30%, 2078, 1995
1706881482, 2, 388, 409, 0, 0, 811.72%, 202, 0, 0, 564.78, 68116, 55946, 779.30%, 2078, 1995
1706881483, 2, 393, 409, 0, 0, 811.72%, 203, 0, 0, 1090.00, 68279, 56110, 779.30%, 2078, 1995
1706881483, 2, 400, 410, 0, 0, 811.72%, 203, 0, 0, 1366.67, 68484, 56315, 779.30%, 2078, 1995
1706881483, 2, 404, 410, 0, 0, 811.72%, 205, 0, 0, 513.33, 68547, 56406, 779.30%, 2078, 1995
1706881484, 2, 408, 412, 0, 0, 811.72%, 205, 0, 0, 433.33, 68616, 56467, 779.30%, 2078, 1995
1706881484, 3, 0, 412, 0, 0, 811.72%, 205, 0, 0, 1050.00, 68847, 56551, 779.30%, 2078, 1995
1706881484, 3, 2, 412, 0, 0, 811.72%, 205, 0, 0, 2350.00, 69427, 56676, 779.30%, 2078, 1995
1706881484, 3, 7, 412, 0, 0, 811.72%, 205, 0, 0, 2620.00, 70018, 56871, 779.30%, 2078, 1995
1706881485, 3, 10, 412, 0, 0, 811.72%, 206, 0, 0, 2720.00, 70686, 57019, 779.30%, 2078, 1995
1706881485, 3, 13, 412, 0, 0, 811.72%, 206, 0, 0, 2566.67, 71294, 57181, 779.30%, 2078, 1995
1706881485, 3, 16, 412, 0, 0, 811.72%, 206, 0, 0, 2300.00, 71781, 57384, 779.30%, 2078, 1995
1706881486, 3, 19, 412, 0, 0, 811.72%, 206, 0, 0, 2396.67, 72353, 57531, 779.30%, 2078, 1995
1706881486, 3, 23, 412, 0, 0, 811.72%, 206, 0, 0, 2596.67, 72957, 57706, 779.30%, 2078, 1995
1706881486, 3, 27, 412, 0, 0, 811.72%, 206, 0, 0, 2626.67, 73528, 57923, 779.30%, 2078, 1995
1706881487, 3, 33, 412, 0, 0, 811.72%, 206, 0, 0, 2443.33, 74180, 58004, 779.30%, 2078, 1995
1706881487, 3, 34, 412, 0, 0, 811.72%, 206, 0, 0, 1280.00, 74382, 58186, 779.30%, 2078, 1995
1706881487, 3, 34, 412, 0, 0, 811.72%, 206, 0, 0, 976.67, 74486, 58375, 779.30%, 2078, 1995
1706881487, 3, 38, 412, 0, 0, 811.72%, 206, 0, 0, 1530.00, 74730, 58590, 779.30%, 2078, 1995
1706881488, 3, 43, 412, 0, 0, 811.72%, 206, 0, 0, 2265.78, 75175, 58827, 779.30%, 2078, 1995
1706881488, 3, 52, 412, 0, 0, 811.72%, 206, 0, 0, 2590.00, 75756, 59023, 779.30%, 2078, 1995
1706881488, 3, 62, 412, 0, 0, 811.72%, 206, 0, 0, 2703.33, 76319, 59271, 779.30%, 2078, 1995
1706881489, 3, 67, 412, 0, 0, 811.72%, 206, 0, 0, 2530.00, 76850, 59499, 779.30%, 2078, 1995
1706881489, 3, 68, 412, 0, 0, 811.72%, 206, 0, 0, 1119.60, 77081, 59605, 779.30%, 2078, 1995
1706881489, 3, 68, 412, 0, 0, 811.72%, 206, 0, 0, 697.37, 77201, 59697, 779.30%, 2078, 1995
1706881490, 3, 68, 412, 0, 0, 811.72%, 206, 0, 0, 906.67, 77362, 59808, 779.30%, 2078, 1995
1706881490, 3, 72, 412, 0, 0, 811.72%, 207, 0, 0, 2250.00, 77791, 60054, 779.30%, 2078, 1995
1706881490, 3, 79, 412, 0, 0, 811.72%, 207, 0, 0, 1636.67, 77974, 60362, 779.30%, 2078, 1995
1706881490, 3, 81, 412, 0, 0, 811.72%, 208, 0, 0, 1299.34, 78205, 60526, 779.30%, 2078, 1995
1706881491, 3, 81, 412, 0, 0, 811.72%, 208, 0, 0, 900.00, 78359, 60642, 779.30%, 2078, 1995
1706881491, 3, 84, 412, 0, 0, 811.72%, 208, 0, 0, 960.00, 78524, 60765, 779.30%, 2078, 1995
1706881491, 3, 90, 412, 0, 0, 811.72%, 209, 0, 0, 1950.00, 78861, 61013, 779.30%, 2078, 1995
1706881492, 3, 93, 413, 0, 0, 811.72%, 209, 0, 0, 686.67, 78872, 61208, 779.30%, 2078, 1995
1706881492, 3, 93, 413, 0, 0, 811.72%, 209, 0, 0, 556.67, 78873, 61374, 779.30%, 2078, 1995
1706881492, 3, 96, 413, 0, 0, 811.72%, 209, 0, 0, 1546.67, 79097, 61614, 779.30%, 2078, 1995
1706881493, 3, 97, 413, 0, 0, 811.72%, 209, 0, 0, 1343.33, 79347, 61767, 779.30%, 2078, 1995
1706881493, 3, 97, 413, 0, 0, 811.72%, 209, 0, 0, 870.00, 79515, 61860, 779.30%, 2078, 1995
1706881493, 3, 102, 413, 0, 0, 811.72%, 209, 0, 0, 1240.00, 79733, 62014, 779.30%, 2078, 1995
1706881493, 3, 109, 413, 0, 0, 811.72%, 209, 0, 0, 1930.00, 80043, 62283, 779.30%, 2078, 1995
1706881494, 3, 113, 413, 0, 0, 811.72%, 209, 0, 0, 2400.00, 80432, 62614, 779.30%, 2078, 1995
1706881494, 3, 121, 413, 0, 0, 811.72%, 209, 0, 0, 2207.92, 80891, 62824, 779.30%, 2078, 1995
1706881494, 3, 121, 413, 0, 0, 811.72%, 209, 0, 0, 990.00, 80906, 63106, 779.30%, 2078, 1995
1706881495, 3, 123, 413, 0, 0, 811.72%, 209, 0, 0, 1906.67, 81307, 63277, 779.30%, 2078, 1995
1706881495, 3, 129, 413, 0, 0, 811.72%, 209, 0, 0, 1673.33, 81657, 63429, 779.30%, 2078, 1995
1706881495, 3, 133, 413, 0, 0, 811.72%, 209, 0, 0, 1846.67, 82012, 63628, 779.30%, 2078, 1995
1706881496, 3, 139, 413, 0, 0, 811.72%, 209, 0, 0, 1426.67, 82217, 63851, 779.30%, 2078, 1995
1706881496, 3, 145, 413, 0, 0, 811.72%, 209, 0, 0, 1833.33, 82562, 64056, 779.30%, 2078, 1995
1706881496, 3, 155, 414, 0, 0, 811.72%, 210, 0, 0, 2386.67, 83032, 64302, 779.30%, 2078, 1995
1706881496, 3, 160, 414, 0, 0, 811.72%, 210, 0, 0, 1200.00, 83212, 64482, 779.30%, 2078, 1995
1706881497, 3, 160, 414, 0, 0, 811.72%, 210, 0, 0, 1153.33, 83388, 64652, 779.30%, 2078, 1995
1706881497, 3, 171, 414, 0, 0, 811.72%, 210, 0, 0, 1413.33, 83598, 64866, 779.30%, 2078, 1995
1706881497, 3, 177, 414, 0, 0, 811.72%, 210, 0, 0, 1186.67, 83762, 65058, 779.30%, 2078, 1995
1706881498, 3, 177, 414, 0, 0, 811.72%, 210, 0, 0, 680.00, 83840, 65184, 779.30%, 2078, 1995
1706881498, 3, 177, 414, 0, 0, 811.72%, 210, 0, 0, 624.58, 83924, 65288, 779.30%, 2078, 1995
1706881498, 3, 177, 414, 0, 0, 811.72%, 212, 0, 0, 673.33, 84006, 65408, 779.30%, 2078, 1995
1706881499, 3, 181, 414, 0, 0, 811.72%, 212, 0, 0, 1483.33, 84303, 65556, 779.30%, 2078, 1995
1706881499, 3, 195, 414, 0, 0, 811.72%, 212, 0, 0, 1546.67, 84550, 65773, 779.30%, 2078, 1995
1706881499, 3, 203, 414, 0, 0, 811.72%, 213, 0, 0, 820.00, 84660, 65909, 779.30%, 2078, 1995
1706881499, 3, 212, 414, 0, 0, 811.72%, 213, 0, 0, 923.33, 84771, 66075, 779.30%, 2078, 1995
1706881500, 3, 214, 414, 0, 0, 811.72%, 213, 0, 0, 886.67, 84893, 66219, 779.30%, 2078, 1995
1706881500, 3, 214, 414, 0, 0, 811.72%, 213, 0, 0, 1066.67, 85025, 66407, 779.30%, 2078, 1995
1706881500, 3, 218, 414, 0, 0, 811.72%, 214, 0, 0, 1003.33, 85147, 66586, 779.30%, 2078, 1995
1706881501, 3, 229, 414, 0, 0, 811.72%, 214, 0, 0, 1403.33, 85397, 66757, 779.30%, 2078, 1995
1706881501, 3, 235, 414, 0, 0, 811.72%, 214, 0, 0, 880.00, 85505, 66913, 779.30%, 2078, 1995
1706881501, 3, 238, 415, 0, 0, 811.72%, 214, 0, 0, 1053.33, 85562, 67172, 780.86%, 2078, 1999
1706881502, 3, 240, 415, 0, 0, 811.72%, 214, 0, 0, 1246.67, 85617, 67491, 780.86%, 2078, 1999
1706881502, 3, 240, 415, 0, 0, 811.72%, 214, 0, 0, 973.33, 85725, 67675, 780.86%, 2078, 1999
1706881502, 3, 240, 415, 0, 0, 811.72%, 214, 0, 0, 993.33, 85828, 67870, 780.86%, 2078, 1999
1706881502, 3, 247, 416, 0, 0, 811.72%, 214, 0, 0, 1336.67, 85952, 68147, 780.86%, 2078, 1999
1706881503, 3, 249, 416, 0, 0, 811.72%, 215, 0, 0, 630.00, 86012, 68276, 780.86%, 2078, 1999
1706881503, 3, 249, 416, 0, 0, 811.72%, 215, 0, 0, 630.00, 86085, 68392, 780.86%, 2078, 1999
1706881503, 3, 249, 416, 0, 0, 811.72%, 216, 0, 0, 640.00, 86154, 68515, 780.86%, 2078, 1999
1706881504, 3, 250, 417, 0, 0, 811.72%, 216, 0, 0, 633.33, 86229, 68630, 780.86%, 2078, 1999
1706881504, 3, 252, 417, 0, 0, 811.72%, 216, 0, 0, 508.31, 86287, 68725, 780.86%, 2078, 1999
1706881504, 3, 252, 417, 0, 0, 811.72%, 216, 0, 0, 580.00, 86368, 68818, 780.86%, 2078, 1999
1706881505, 3, 252, 417, 0, 0, 811.72%, 216, 0, 0, 606.67, 86459, 68909, 780.86%, 2078, 1999
1706881505, 3, 252, 418, 0, 0, 811.72%, 216, 0, 0, 621.26, 86540, 69015, 780.86%, 2078, 1999
1706881505, 3, 255, 418, 0, 0, 811.72%, 216, 0, 0, 740.00, 86598, 69179, 780.86%, 2078, 1999
1706881505, 3, 257, 418, 0, 0, 811.72%, 216, 0, 0, 1093.33, 86615, 69490, 780.86%, 2078, 1999
1706881506, 3, 257, 418, 0, 0, 811.72%, 216, 0, 0, 1136.67, 86815, 69631, 780.86%, 2078, 1999
1706881506, 3, 258, 418, 0, 0, 811.72%, 216, 0, 0, 1143.33, 86995, 69794, 780.86%, 2078, 1999
1706881506, 3, 270, 418, 0, 0, 811.72%, 217, 0, 0, 990.00, 87134, 69952, 780.86%, 2078, 1999
1706881507, 3, 271, 418, 0, 0, 811.72%, 217, 0, 0, 1513.33, 87324, 70216, 780.86%, 2078, 1999
1706881507, 3, 272, 418, 0, 0, 811.72%, 217, 0, 0, 1390.00, 87504, 70453, 780.86%, 2078, 1999
1706881507, 3, 278, 418, 0, 0, 811.72%, 217, 0, 0, 1483.33, 87742, 70660, 780.86%, 2078, 1999
1706881508, 3, 282, 418, 0, 0, 811.72%, 217, 0, 0, 1295.68, 87989, 70803, 780.86%, 2078, 1999
1706881508, 3, 282, 418, 0, 0, 811.72%, 217, 0, 0, 614.62, 88077, 70900, 780.86%, 2078, 1999
1706881508, 3, 282, 419, 0, 0, 811.72%, 217, 0, 0, 642.63, 88160, 71022, 780.86%, 2078, 1999
1706881508, 3, 282, 419, 0, 0, 811.72%, 217, 0, 0, 666.67, 88249, 71133, 780.86%, 2078, 1999
1706881509, 3, 285, 420, 0, 0, 812.11%, 218, 0, 0, 584.42, 88333, 71229, 780.86%, 2079, 1999
1706881509, 3, 287, 420, 0, 0, 812.11%, 218, 0, 0, 583.33, 88402, 71335, 780.86%, 2079, 1999
1706881509, 3, 287, 421, 0, 0, 812.11%, 220, 0, 0, 605.96, 88465, 71455, 780.86%, 2079, 1999
1706881510, 3, 287, 421, 0, 0, 812.11%, 220, 0, 0, 637.87, 88532, 71580, 780.86%, 2079, 1999
1706881510, 3, 287, 421, 0, 0, 812.11%, 221, 0, 0, 588.04, 88590, 71699, 780.86%, 2079, 1999
1706881510, 3, 293, 421, 0, 0, 812.11%, 221, 0, 0, 566.67, 88653, 71806, 780.86%, 2079, 1999
1706881511, 3, 296, 421, 0, 0, 812.11%, 221, 0, 0, 810.00, 88681, 72021, 780.86%, 2079, 1999
1706881511, 3, 298, 421, 0, 0, 812.11%, 221, 0, 0, 1460.00, 88889, 72251, 780.86%, 2079, 1999
1706881511, 3, 304, 421, 0, 0, 812.11%, 221, 0, 0, 1056.67, 89108, 72349, 780.86%, 2079, 1999
1706881512, 3, 305, 421, 0, 0, 812.11%, 221, 0, 0, 743.33, 89237, 72443, 780.86%, 2079, 1999
1706881512, 3, 305, 421, 0, 0, 812.11%, 221, 0, 0, 696.67, 89356, 72533, 780.86%, 2079, 1999
1706881512, 3, 305, 421, 0, 0, 812.11%, 222, 0, 0, 696.67, 89482, 72616, 780.86%, 2079, 1999
1706881512, 3, 309, 421, 0, 0, 812.11%, 222, 0, 0, 687.71, 89577, 72728, 780.86%, 2079, 1999
1706881513, 3, 312, 421, 0, 0, 812.11%, 222, 0, 0, 1133.33, 89668, 72977, 780.86%, 2079, 1999
1706881513, 3, 316, 421, 0, 0, 812.11%, 222, 0, 0, 716.67, 89737, 73123, 780.86%, 2079, 1999
1706881513, 3, 316, 421, 0, 0, 812.11%, 222, 0, 0, 660.00, 89798, 73260, 780.86%, 2079, 1999
1706881514, 3, 316, 421, 0, 0, 812.11%, 222, 0, 0, 620.00, 89872, 73372, 780.86%, 2079, 1999
1706881514, 3, 316, 421, 0, 0, 812.11%, 222, 0, 0, 634.55, 89936, 73499, 780.86%, 2079, 1999
1706881514, 3, 319, 421, 0, 0, 812.11%, 223, 0, 0, 531.56, 89985, 73610, 780.86%, 2079, 1999
1706881515, 3, 325, 422, 0, 0, 812.11%, 223, 0, 0, 613.33, 90042, 73737, 780.86%, 2079, 1999
1706881515, 3, 334, 422, 0, 0, 812.11%, 223, 0, 0, 786.67, 90116, 73899, 780.86%, 2079, 1999
1706881515, 3, 340, 422, 0, 0, 812.11%, 224, 0, 0, 651.16, 90203, 74008, 780.86%, 2079, 1999
1706881515, 3, 347, 422, 0, 0, 812.11%, 224, 0, 0, 736.67, 90318, 74114, 780.86%, 2079, 1999
1706881516, 3, 352, 422, 0, 0, 812.11%, 224, 0, 0, 588.04, 90384, 74225, 780.86%, 2079, 1999
1706881516, 3, 360, 422, 0, 0, 812.11%, 224, 0, 0, 1470.00, 90616, 74434, 780.86%, 2079, 1999
1706881516, 3, 363, 422, 0, 0, 812.11%, 224, 0, 0, 1490.00, 90802, 74695, 780.86%, 2079, 1999
1706881517, 3, 369, 422, 0, 0, 812.11%, 224, 0, 0, 1260.00, 91047, 74828, 780.86%, 2079, 1999
1706881517, 3, 375, 422, 0, 0, 812.11%, 225, 0, 0, 1063.33, 91173, 75021, 780.86%, 2079, 1999
1706881517, 3, 375, 422, 0, 0, 812.11%, 225, 0, 0, 1066.67, 91337, 75177, 780.86%, 2079, 1999
1706881518, 3, 377, 422, 0, 0, 812.11%, 225, 0, 0, 866.67, 91463, 75311, 780.86%, 2079, 1999
1706881518, 3, 381, 423, 0, 0, 812.11%, 225, 0, 0, 516.56, 91531, 75399, 780.86%, 2079, 1999
1706881518, 3, 387, 423, 0, 0, 812.11%, 226, 0, 0, 598.01, 91607, 75503, 780.86%, 2079, 1999
1706881518, 3, 391, 424, 0, 0, 812.11%, 226, 0, 0, 500.00, 91656, 75605, 780.86%, 2079, 1999
1706881519, 3, 396, 424, 0, 0, 812.11%, 226, 0, 0, 1756.67, 91952, 75836, 780.86%, 2079, 1999
1706881519, 3, 401, 425, 0, 0, 812.11%, 227, 0, 0, 518.27, 92001, 75943, 780.86%, 2079, 1999
1706881519, 3, 405, 426, 0, 0, 812.11%, 227, 0, 0, 486.67, 92058, 76032, 780.86%, 2079, 1999
1706881520, 3, 410, 426, 0, 0, 812.11%, 227, 0, 0, 471.95, 92124, 76109, 780.86%, 2079, 1999
1706881520, 3, 414, 426, 0, 0, 812.11%, 228, 0, 0, 616.67, 92212, 76206, 780.86%, 2079, 1999
1706881520, 3, 414, 426, 0, 0, 812.11%, 228, 0, 0, 790.00, 92322, 76333, 780.86%, 2079, 1999
1706881521, 3, 414, 426, 0, 0, 812.11%, 228, 0, 0, 770.00, 92458, 76428, 780.86%, 2079, 1999
1706881521, 3, 416, 426, 0, 0, 812.11%, 228, 0, 0, 730.00, 92551, 76554, 780.86%, 2079, 1999
1706881521, 3, 419, 427, 0, 0, 812.11%, 228, 0, 0, 691.03, 92570, 76743, 780.86%, 2079, 1999
1706881521, 3, 421, 427, 0, 0, 812.11%, 228, 0, 0, 847.18, 92579, 76989, 780.86%, 2079, 1999
1706881522, 3, 425, 428, 0, 0, 812.11%, 229, 0, 0, 540.00, 92654, 77076, 780.86%, 2079, 1999
1706881522, 4, 0, 429, 0, 0, 812.11%, 229, 0, 0, 453.33, 92723, 77143, 780.86%, 2079, 1999
1706881522, 4, 2, 429, 0, 0, 812.11%, 229, 0, 0, 2540.00, 93347, 77281, 780.86%, 2079, 1999
1706881523, 4, 6, 429, 0, 0, 812.11%, 229, 0, 0, 2243.33, 93881, 77420, 780.86%, 2079, 1999
1706881523, 4, 8, 429, 0, 0, 812.11%, 229, 0, 0, 2380.00, 94483, 77532, 780.86%, 2079, 1999
1706881523, 4, 12, 429, 0, 0, 812.11%, 229, 0, 0, 2590.00, 95081, 77711, 780.86%, 2079, 1999
1706881524, 4, 14, 429, 0, 0, 812.11%, 229, 0, 0, 2496.67, 95639, 77902, 780.86%, 2079, 1999
1706881524, 4, 18, 429, 0, 0, 812.11%, 229, 0, 0, 2583.33, 96246, 78070, 780.86%, 2079, 1999
1706881524, 4, 21, 429, 0, 0, 812.11%, 229, 0, 0, 2400.00, 96796, 78240, 780.86%, 2079, 1999
1706881524, 4, 25, 429, 0, 0, 812.11%, 229, 0, 0, 1830.00, 97208, 78377, 780.86%, 2079, 1999
1706881525, 4, 29, 429, 0, 0, 812.11%, 229, 0, 0, 2630.00, 97863, 78511, 780.86%, 2079, 1999
1706881525, 4, 34, 429, 0, 0, 812.11%, 229, 0, 0, 2133.33, 98406, 78608, 780.86%, 2079, 1999
1706881525, 4, 34, 429, 0, 0, 812.11%, 229, 0, 0, 941.58, 98503, 78785, 780.86%, 2079, 1999
